0.0000000000;0.0000000000
0.0100000000;0.0081414934
0.0200000000;0.0162793851
0.0300000000;0.0244100749
0.0400000000;0.0325299658
0.0500000000;0.0406354658
0.0600000000;0.0487229888
0.0700000000;0.0567889571
0.0800000000;0.0648298024
0.0900000000;0.0728419674
0.1000000000;0.0808219077
0.1100000000;0.0887660928
0.1200000000;0.0966710085
0.1300000000;0.1045331575
0.1400000000;0.1123490618
0.1500000000;0.1201152637
0.1600000000;0.1278283273
0.1700000000;0.1354848406
0.1800000000;0.1430814163
0.1900000000;0.1506146937
0.2000000000;0.1580813403
0.2100000000;0.1654780527
0.2200000000;0.1728015587
0.2300000000;0.1800486185
0.2400000000;0.1872160261
0.2500000000;0.1943006105
0.2600000000;0.2012992377
0.2700000000;0.2082088114
0.2800000000;0.2150262750
0.2900000000;0.2217486124
0.3000000000;0.2283728497
0.3100000000;0.2348960565
0.3200000000;0.2413153468
0.3300000000;0.2476278808
0.3400000000;0.2538308660
0.3500000000;0.2599215581
0.3600000000;0.2658972627
0.3700000000;0.2717553361
0.3800000000;0.2774931868
0.3900000000;0.2831082764
0.4000000000;0.2885981208
0.4100000000;0.2939602914
0.4200000000;0.2991924159
0.4300000000;0.3042921798
0.4400000000;0.3092573269
0.4500000000;0.3140856606
0.4600000000;0.3187750449
0.4700000000;0.3233234053
0.4800000000;0.3277287297
0.4900000000;0.3319890691
0.5000000000;0.3361025388
0.5100000000;0.3400673190
0.5200000000;0.3438816557
0.5300000000;0.3475438615
0.5400000000;0.3510523163
0.5500000000;0.3544054679
0.5600000000;0.3576018329
0.5700000000;0.3606399974
0.5800000000;0.3635186171
0.5900000000;0.3662364186
0.6000000000;0.3687921997
0.6100000000;0.3711848296
0.6200000000;0.3734132498
0.6300000000;0.3754764746
0.6400000000;0.3773735911
0.6500000000;0.3791037601
0.6600000000;0.3806662162
0.6700000000;0.3820602681
0.6800000000;0.3832852992
0.6900000000;0.3843407674
0.7000000000;0.3852262059
0.7100000000;0.3859412229
0.7200000000;0.3864855022
0.7300000000;0.3868588029
0.7400000000;0.3870609599
0.7500000000;0.3870918837
0.7600000000;0.3869515607
0.7700000000;0.3866400530
0.7800000000;0.3861574984
0.7900000000;0.3855041103
0.8000000000;0.3846801778
0.8100000000;0.3836860654
0.8200000000;0.3825222128
0.8300000000;0.3811891351
0.8400000000;0.3796874219
0.8500000000;0.3780177375
0.8600000000;0.3761808207
0.8700000000;0.3741774840
0.8800000000;0.3720086137
0.8900000000;0.3696751694
0.9000000000;0.3671781832
0.9100000000;0.3645187600
0.9200000000;0.3616980761
0.9300000000;0.3587173794
0.9400000000;0.3555779886
0.9500000000;0.3522812925
0.9600000000;0.3488287496
0.9700000000;0.3452218871
0.9800000000;0.3414623009
0.9900000000;0.3375516541
1.0000000000;0.3334916767
1.0100000000;0.3292841648
1.0200000000;0.3249309799
1.0300000000;0.3204340477
1.0400000000;0.3157953577
1.0500000000;0.3110169620
1.0600000000;0.3061009744
1.0700000000;0.3010495699
1.0800000000;0.2958649830
1.0900000000;0.2905495076
1.1000000000;0.2851054949
1.1100000000;0.2795353536
1.1200000000;0.2738415477
1.1300000000;0.2680265962
1.1400000000;0.2620930715
1.1500000000;0.2560435986
1.1600000000;0.2498808538
1.1700000000;0.2436075634
1.1800000000;0.2372265026
1.1900000000;0.2307404945
1.2000000000;0.2241524083
1.2100000000;0.2174651587
1.2200000000;0.2106817039
1.2300000000;0.2038050449
1.2400000000;0.1968382240
1.2500000000;0.1897843232
1.2600000000;0.1826464631
1.2700000000;0.1754278015
1.2800000000;0.1681315318
1.2900000000;0.1607608818
1.3000000000;0.1533191123
1.3100000000;0.1458095155
1.3200000000;0.1382354135
1.3300000000;0.1306001572
1.3400000000;0.1229071242
1.3500000000;0.1151597179
1.3600000000;0.1073613657
1.3700000000;0.0995155176
1.3800000000;0.0916256446
1.3900000000;0.0836952369
1.4000000000;0.0757278031
1.4100000000;0.0677268678
1.4200000000;0.0596959706
1.4300000000;0.0516386642
1.4400000000;0.0435585133
1.4500000000;0.0354590924
1.4600000000;0.0273439847
1.4700000000;0.0192167801
1.4800000000;0.0110810742
1.4900000000;0.0029404661
1.5000000000;-0.0052014429
1.5100000000;-0.0133410507
1.5200000000;-0.0214747566
1.5300000000;-0.0295989622
1.5400000000;-0.0377100734
1.5500000000;-0.0458045020
1.5600000000;-0.0538786669
1.5700000000;-0.0619289963
1.5800000000;-0.0699519287
1.5900000000;-0.0779439148
1.6000000000;-0.0859014191
1.6100000000;-0.0938209212
1.6200000000;-0.1016989176
1.6300000000;-0.1095319230
1.6400000000;-0.1173164723
1.6500000000;-0.1250491215
1.6600000000;-0.1327264499
1.6700000000;-0.1403450610
1.6800000000;-0.1479015844
1.6900000000;-0.1553926771
1.7000000000;-0.1628150252
1.7100000000;-0.1701653450
1.7200000000;-0.1774403848
1.7300000000;-0.1846369262
1.7400000000;-0.1917517854
1.7500000000;-0.1987818150
1.7600000000;-0.2057239049
1.7700000000;-0.2125749839
1.7800000000;-0.2193320211
1.7900000000;-0.2259920274
1.8000000000;-0.2325520563
1.8100000000;-0.2390092058
1.8200000000;-0.2453606192
1.8300000000;-0.2516034868
1.8400000000;-0.2577350467
1.8500000000;-0.2637525863
1.8600000000;-0.2696534436
1.8700000000;-0.2754350081
1.8800000000;-0.2810947219
1.8900000000;-0.2866300814
1.9000000000;-0.2920386377
1.9100000000;-0.2973179980
1.9200000000;-0.3024658269
1.9300000000;-0.3074798470
1.9400000000;-0.3123578401
1.9500000000;-0.3170976481
1.9600000000;-0.3216971744
1.9700000000;-0.3261543840
1.9800000000;-0.3304673051
1.9900000000;-0.3346340297
2.0000000000;-0.3386527145
2.0100000000;-0.3425215816
2.0200000000;-0.3462389195
2.0300000000;-0.3498030837
2.0400000000;-0.3532124973
2.0500000000;-0.3564656521
2.0600000000;-0.3595611090
2.0700000000;-0.3624974985
2.0800000000;-0.3652735215
2.0900000000;-0.3678879500
2.1000000000;-0.3703396274
2.1100000000;-0.3726274690
2.1200000000;-0.3747504628
2.1300000000;-0.3767076695
2.1400000000;-0.3784982233
2.1500000000;-0.3801213321
2.1600000000;-0.3815762777
2.1700000000;-0.3828624166
2.1800000000;-0.3839791798
2.1900000000;-0.3849260732
2.2000000000;-0.3857026779
2.2100000000;-0.3863086503
2.2200000000;-0.3867437225
2.2300000000;-0.3870077018
2.2400000000;-0.3871004716
2.2500000000;-0.3870219907
2.2600000000;-0.3867722940
2.2700000000;-0.3863514918
2.2800000000;-0.3857597703
2.2900000000;-0.3849973913
2.3000000000;-0.3840646921
2.3100000000;-0.3829620853
2.3200000000;-0.3816900587
2.3300000000;-0.3802491749
2.3400000000;-0.3786400715
2.3500000000;-0.3768634603
2.3600000000;-0.3749201273
2.3700000000;-0.3728109322
2.3800000000;-0.3705368080
2.3900000000;-0.3680987609
2.4000000000;-0.3654978694
2.4100000000;-0.3627352841
2.4200000000;-0.3598122271
2.4300000000;-0.3567299917
2.4400000000;-0.3534899414
2.4500000000;-0.3500935095
2.4600000000;-0.3465421986
2.4700000000;-0.3428375798
2.4800000000;-0.3389812920
2.4900000000;-0.3349750412
2.5000000000;-0.3308205996
2.5100000000;-0.3265198053
2.5200000000;-0.3220745609
2.5300000000;-0.3174868328
2.5400000000;-0.3127586507
2.5500000000;-0.3078921064
2.5600000000;-0.3028893526
2.5700000000;-0.2977526027
2.5800000000;-0.2924841290
2.5900000000;-0.2870862623
2.6000000000;-0.2815613907
2.6100000000;-0.2759119581
2.6200000000;-0.2701404640
2.6300000000;-0.2642494616
2.6400000000;-0.2582415570
2.6500000000;-0.2521194081
2.6600000000;-0.2458857233
2.6700000000;-0.2395432604
2.6800000000;-0.2330948251
2.6900000000;-0.2265432702
2.7000000000;-0.2198914942
2.7100000000;-0.2131424396
2.7200000000;-0.2062990923
2.7300000000;-0.1993644796
2.7400000000;-0.1923416695
2.7500000000;-0.1852337687
2.7600000000;-0.1780439217
2.7700000000;-0.1707753093
2.7800000000;-0.1634311471
2.7900000000;-0.1560146841
2.8000000000;-0.1485292012
2.8100000000;-0.1409780100
2.8200000000;-0.1333644511
2.8300000000;-0.1256918927
2.8400000000;-0.1179637290
2.8500000000;-0.1101833790
2.8600000000;-0.1023542846
2.8700000000;-0.0944799093
2.8800000000;-0.0865637368
2.8900000000;-0.0786092691
2.9000000000;-0.0706200251
2.9100000000;-0.0625995394
2.9200000000;-0.0545513600
2.9300000000;-0.0464790475
2.9400000000;-0.0383861730
2.9500000000;-0.0302763167
2.9600000000;-0.0221530663
2.9700000000;-0.0140200156
2.9800000000;-0.0058807625
2.9900000000;0.0022610921
3.0000000000;0.0104021199
3.0100000000;0.0185405884
3.0200000000;0.0266745627
3.0300000000;0.0348020709
3.0400000000;0.0429211429
3.0500000000;0.0510298106
3.0600000000;0.0591261084
3.0700000000;0.0672080739
3.0800000000;0.0752737477
3.0900000000;0.0833211749
3.1000000000;0.0913484046
3.1100000000;0.0993534911
3.1200000000;0.1073344938
3.1300000000;0.1152894781
3.1400000000;0.1232165157
3.1500000000;0.1311136851
3.1600000000;0.1389790719
3.1700000000;0.1468107695
3.1800000000;0.1546068796
3.1900000000;0.1623655122
3.2000000000;0.1700847866
3.2100000000;0.1777628317
3.2200000000;0.1853977863
3.2300000000;0.1929877996
3.2400000000;0.2005310318
3.2500000000;0.2080256543
3.2600000000;0.2154698505
3.2700000000;0.2228618157
3.2800000000;0.2301997582
3.2900000000;0.2374818993
3.3000000000;0.2447064736
3.3100000000;0.2518717299
3.3200000000;0.2589759314
3.3300000000;0.2660173559
3.3400000000;0.2729942966
3.3500000000;0.2799050621
3.3600000000;0.2867479775
3.3700000000;0.2935213837
3.3800000000;0.3002236391
3.3900000000;0.3068531188
3.4000000000;0.3134082159
3.4100000000;0.3198873414
3.4200000000;0.3262889248
3.4300000000;0.3326114142
3.4400000000;0.3388532771
3.4500000000;0.3450130003
3.4600000000;0.3510890908
3.4700000000;0.3570800757
3.4800000000;0.3629845028
3.4900000000;0.3688009407
3.5000000000;0.3745279795
3.5100000000;0.3801642311
3.5200000000;0.3857083290
3.5300000000;0.3911589295
3.5400000000;0.3965147113
3.5500000000;0.4017743761
3.5600000000;0.4069366489
3.5700000000;0.4120002783
3.5800000000;0.4169640370
3.5900000000;0.4218267217
3.6000000000;0.4265871537
3.6100000000;0.4312441789
3.6200000000;0.4357966686
3.6300000000;0.4402435191
3.6400000000;0.4445836526
3.6500000000;0.4488160169
3.6600000000;0.4529395862
3.6700000000;0.4569533608
3.6800000000;0.4608563678
3.6900000000;0.4646476611
3.7000000000;0.4683263216
3.7100000000;0.4718914577
3.7200000000;0.4753422051
3.7300000000;0.4786777274
3.7400000000;0.4818972159
3.7500000000;0.4849998904
3.7600000000;0.4879849986
3.7700000000;0.4908518171
3.7800000000;0.4935996507
3.7900000000;0.4962278336
3.8000000000;0.4987357285
3.8100000000;0.5011227275
3.8200000000;0.5033882521
3.8300000000;0.5055317531
3.8400000000;0.5075527108
3.8500000000;0.5094506354
3.8600000000;0.5112250668
3.8700000000;0.5128755749
3.8800000000;0.5144017596
3.8900000000;0.5158032509
3.9000000000;0.5170797092
3.9100000000;0.5182308249
3.9200000000;0.5192563190
3.9300000000;0.5201559431
3.9400000000;0.5209294789
3.9500000000;0.5215767390
3.9600000000;0.5220975665
3.9700000000;0.5224918351
3.9800000000;0.5227594493
3.9900000000;0.5229003442
4.0000000000;0.5229144857
4.0100000000;0.5228018702
4.0200000000;0.5225625252
4.0300000000;0.5221965085
4.0400000000;0.5217039091
4.0500000000;0.5210848462
4.0600000000;0.5203394699
4.0700000000;0.5194679609
4.0800000000;0.5184705305
4.0900000000;0.5173474204
4.1000000000;0.5160989030
4.1100000000;0.5147252807
4.1200000000;0.5132268867
4.1300000000;0.5116040841
4.1400000000;0.5098572663
4.1500000000;0.5079868568
4.1600000000;0.5059933089
4.1700000000;0.5038771059
4.1800000000;0.5016387607
4.1900000000;0.4992788160
4.2000000000;0.4967978438
4.2100000000;0.4941964455
4.2200000000;0.4914752517
4.2300000000;0.4886349220
4.2400000000;0.4856761449
4.2500000000;0.4825996378
4.2600000000;0.4794061462
4.2700000000;0.4760964443
4.2800000000;0.4726713345
4.2900000000;0.4691316470
4.3000000000;0.4654782398
4.3100000000;0.4617119985
4.3200000000;0.4578338361
4.3300000000;0.4538446926
4.3400000000;0.4497455351
4.3500000000;0.4455373572
4.3600000000;0.4412211790
4.3700000000;0.4367980467
4.3800000000;0.4322690326
4.3900000000;0.4276352344
4.4000000000;0.4228977755
4.4100000000;0.4180578043
4.4200000000;0.4131164938
4.4300000000;0.4080750421
4.4400000000;0.4029346710
4.4500000000;0.3976966267
4.4600000000;0.3923621790
4.4700000000;0.3869326208
4.4800000000;0.3814092683
4.4900000000;0.3757934605
4.5000000000;0.3700865586
4.5100000000;0.3642899461
4.5200000000;0.3584050279
4.5300000000;0.3524332307
4.5400000000;0.3463760021
4.5500000000;0.3402348103
4.5600000000;0.3340111441
4.5700000000;0.3277065120
4.5800000000;0.3213224423
4.5900000000;0.3148604826
4.6000000000;0.3083221992
4.6100000000;0.3017091771
4.6200000000;0.2950230193
4.6300000000;0.2882653466
4.6400000000;0.2814377970
4.6500000000;0.2745420256
4.6600000000;0.2675797040
4.6700000000;0.2605525197
4.6800000000;0.2534621764
4.6900000000;0.2463103926
4.7000000000;0.2390989021
4.7100000000;0.2318294529
4.7200000000;0.2245038071
4.7300000000;0.2171237406
4.7400000000;0.2096910423
4.7500000000;0.2022075139
4.7600000000;0.1946749695
4.7700000000;0.1870952350
4.7800000000;0.1794701477
4.7900000000;0.1718015560
4.8000000000;0.1640913189
4.8100000000;0.1563413052
4.8200000000;0.1485533937
4.8300000000;0.1407294721
4.8400000000;0.1328714371
4.8500000000;0.1249811934
4.8600000000;0.1170606537
4.8700000000;0.1091117380
4.8800000000;0.1011363731
4.8900000000;0.0931364922
4.9000000000;0.0851140347
4.9100000000;0.0770709451
4.9200000000;0.0690091731
4.9300000000;0.0609306730
4.9400000000;0.0528374030
4.9500000000;0.0447313250
4.9600000000;0.0366144040
4.9700000000;0.0284886074
4.9800000000;0.0203559050
4.9900000000;0.0122182683
5.0000000000;0.0040776698
5.0100000000;-0.0040639171
5.0200000000;-0.0122045189
5.0300000000;-0.0203421623
5.0400000000;-0.0284748747
5.0500000000;-0.0366006846
5.0600000000;-0.0447176223
5.0700000000;-0.0528237203
5.0800000000;-0.0609170136
5.0900000000;-0.0689955403
5.1000000000;-0.0770573421
5.1100000000;-0.0851004649
5.1200000000;-0.0931229590
5.1300000000;-0.1011228796
5.1400000000;-0.1090982876
5.1500000000;-0.1170472496
5.1600000000;-0.1249678389
5.1700000000;-0.1328581353
5.1800000000;-0.1407162264
5.1900000000;-0.1485402071
5.2000000000;-0.1563281811
5.2100000000;-0.1640782604
5.2200000000;-0.1717885663
5.2300000000;-0.1794572299
5.2400000000;-0.1870823922
5.2500000000;-0.1946622049
5.2600000000;-0.2021948306
5.2700000000;-0.2096784433
5.2800000000;-0.2171112290
5.2900000000;-0.2244913859
5.3000000000;-0.2318171251
5.3100000000;-0.2390866707
5.3200000000;-0.2462982607
5.3300000000;-0.2534501467
5.3400000000;-0.2605405953
5.3500000000;-0.2675678877
5.3600000000;-0.2745303203
5.3700000000;-0.2814262056
5.3800000000;-0.2882538718
5.3900000000;-0.2950116640
5.4000000000;-0.3016979439
5.4100000000;-0.3083110909
5.4200000000;-0.3148495019
5.4300000000;-0.3213115918
5.4400000000;-0.3276957944
5.4500000000;-0.3340005620
5.4600000000;-0.3402243663
5.4700000000;-0.3463656986
5.4800000000;-0.3524230703
5.4900000000;-0.3583950131
5.5000000000;-0.3642800792
5.5100000000;-0.3700768421
5.5200000000;-0.3757838967
5.5300000000;-0.3813998595
5.5400000000;-0.3869233693
5.5500000000;-0.3923530870
5.5600000000;-0.3976876966
5.5700000000;-0.4029259048
5.5800000000;-0.4080664419
5.5900000000;-0.4131080618
5.6000000000;-0.4180495424
5.6100000000;-0.4228896859
5.6200000000;-0.4276273189
5.6300000000;-0.4322612931
5.6400000000;-0.4367904852
5.6500000000;-0.4412137972
5.6600000000;-0.4455301570
5.6700000000;-0.4497385182
5.6800000000;-0.4538378607
5.6900000000;-0.4578271908
5.7000000000;-0.4617055415
5.7100000000;-0.4654719726
5.7200000000;-0.4691255712
5.7300000000;-0.4726654516
5.7400000000;-0.4760907556
5.7500000000;-0.4794006531
5.7600000000;-0.4825943417
5.7700000000;-0.4856710471
5.7800000000;-0.4886300236
5.7900000000;-0.4914705540
5.8000000000;-0.4941919496
5.8100000000;-0.4967935508
5.8200000000;-0.4992747270
5.8300000000;-0.5016348766
5.8400000000;-0.5038734276
5.8500000000;-0.5059898374
5.8600000000;-0.5079835929
5.8700000000;-0.5098542109
5.8800000000;-0.5116012378
5.8900000000;-0.5132242502
5.9000000000;-0.5147228547
5.9100000000;-0.5160966880
5.9200000000;-0.5173454171
5.9300000000;-0.5184687392
5.9400000000;-0.5194663821
5.9500000000;-0.5203381040
5.9600000000;-0.5210836935
5.9700000000;-0.5217029699
5.9800000000;-0.5221957831
5.9900000000;-0.5225620137
6.0000000000;-0.5228015727
6.0100000000;-0.5229144023
6.0200000000;-0.5229004750
6.0300000000;-0.5227597942
6.0400000000;-0.5224923940
6.0500000000;-0.5220983393
6.0600000000;-0.5215777254
6.0700000000;-0.5209306788
6.0800000000;-0.5201573561
6.0900000000;-0.5192579449
6.1000000000;-0.5182326632
6.1100000000;-0.5170817594
6.1200000000;-0.5158055127
6.1300000000;-0.5144042323
6.1400000000;-0.5128782579
6.1500000000;-0.5112279595
6.1600000000;-0.5094537371
6.1700000000;-0.5075560207
6.1800000000;-0.5055352704
6.1900000000;-0.5033919760
6.2000000000;-0.5011266571
6.2100000000;-0.4987398627
6.2200000000;-0.4962321716
6.2300000000;-0.4936041914
6.2400000000;-0.4908565593
6.2500000000;-0.4879899413
6.2600000000;-0.4850050322
6.2700000000;-0.4819025558
6.2800000000;-0.4786832639
6.2900000000;-0.4753479369
6.3000000000;-0.4718973835
6.3100000000;-0.4683324399
6.3200000000;-0.4646539704
6.3300000000;-0.4608628666
6.3400000000;-0.4569600475
6.3500000000;-0.4529464592
6.3600000000;-0.4488230746
6.3700000000;-0.4445908931
6.3800000000;-0.4402509408
6.3900000000;-0.4358042697
6.4000000000;-0.4312519575
6.4100000000;-0.4265951079
6.4200000000;-0.4218348497
6.4300000000;-0.4169723368
6.4400000000;-0.4120087478
6.4500000000;-0.4069452860
6.4600000000;-0.4017831788
6.4700000000;-0.3965236775
6.4800000000;-0.3911680570
6.4900000000;-0.3857176155
6.5000000000;-0.3801736744
6.5100000000;-0.3745375774
6.5200000000;-0.3688106907
6.5300000000;-0.3629944026
6.5400000000;-0.3570901230
6.5500000000;-0.3510992831
6.5600000000;-0.3450233351
6.5700000000;-0.3388637519
6.5800000000;-0.3326220265
6.5900000000;-0.3262996720
6.6000000000;-0.3198982210
6.6100000000;-0.3134192251
6.6200000000;-0.3068642550
6.6300000000;-0.3002348996
6.6400000000;-0.2935327658
6.6500000000;-0.2867594783
6.6600000000;-0.2799166790
6.6700000000;-0.2730060267
6.6800000000;-0.2660291964
6.6900000000;-0.2589878793
6.7000000000;-0.2518837825
6.7100000000;-0.2447186278
6.7200000000;-0.2374941522
6.7300000000;-0.2302121069
6.7400000000;-0.2228742572
6.7500000000;-0.2154823817
6.7600000000;-0.2080382723
6.7700000000;-0.2005437334
6.7800000000;-0.1930005818
6.7900000000;-0.1854106460
6.8000000000;-0.1777757657
6.8100000000;-0.1700977918
6.8200000000;-0.1623785855
6.8300000000;-0.1546200178
6.8400000000;-0.1468239694
6.8500000000;-0.1389923303
6.8600000000;-0.1311269988
6.8700000000;-0.1232298815
6.8800000000;-0.1153028927
6.8900000000;-0.1073479540
6.9000000000;-0.0993669936
6.9100000000;-0.0913619462
6.9200000000;-0.0833347522
6.9300000000;-0.0752873576
6.9400000000;-0.0672217129
6.9500000000;-0.0591397733
6.9600000000;-0.0510434980
6.9700000000;-0.0429348495
6.9800000000;-0.0348157935
6.9900000000;-0.0266878531
7.0000000000;-0.0185486864
7.0100000000;-0.0104013139
7.0200000000;-0.0022493400
7.0300000000;0.0059036291
7.0400000000;0.0140539864
7.0500000000;0.0221981263
7.0600000000;0.0303324460
7.0700000000;0.0384533467
7.0800000000;0.0465572360
7.0900000000;0.0546405286
7.1000000000;0.0626996487
7.1100000000;0.0707310309
7.1200000000;0.0787311221
7.1300000000;0.0866963832
7.1400000000;0.0946232904
7.1500000000;0.1025083370
7.1600000000;0.1103480345
7.1700000000;0.1181389148
7.1800000000;0.1258775313
7.1900000000;0.1335604604
7.2000000000;0.1411843032
7.2100000000;0.1487456871
7.2200000000;0.1562412669
7.2300000000;0.1636677266
7.2400000000;0.1710217808
7.2500000000;0.1783001762
7.2600000000;0.1854996927
7.2700000000;0.1926171455
7.2800000000;0.1996493857
7.2900000000;0.2065933024
7.3000000000;0.2134458237
7.3100000000;0.2202039179
7.3200000000;0.2268645955
7.3300000000;0.2334249096
7.3400000000;0.2398819582
7.3500000000;0.2462328847
7.3600000000;0.2524748793
7.3700000000;0.2586051808
7.3800000000;0.2646210772
7.3900000000;0.2705199069
7.4000000000;0.2762990605
7.4100000000;0.2819559813
7.4200000000;0.2874881666
7.4300000000;0.2928931692
7.4400000000;0.2981685978
7.4500000000;0.3033121186
7.4600000000;0.3083214562
7.4700000000;0.3131943945
7.4800000000;0.3179287777
7.4900000000;0.3225225114
7.5000000000;0.3269735633
7.5100000000;0.3312799643
7.5200000000;0.3354398093
7.5300000000;0.3394512581
7.5400000000;0.3433125359
7.5500000000;0.3470219345
7.5600000000;0.3505778130
7.5700000000;0.3539785983
7.5800000000;0.3572227858
7.5900000000;0.3603089404
7.6000000000;0.3632356968
7.6100000000;0.3660017602
7.6200000000;0.3686059069
7.6300000000;0.3710469848
7.6400000000;0.3733239140
7.6500000000;0.3754356873
7.6600000000;0.3773813704
7.6700000000;0.3791601026
7.6800000000;0.3807710968
7.6900000000;0.3822136406
7.7000000000;0.3834870956
7.7100000000;0.3845908985
7.7200000000;0.3855245611
7.7300000000;0.3862876701
7.7400000000;0.3868798882
7.7500000000;0.3873009532
7.7600000000;0.3875506789
7.7700000000;0.3876289548
7.7800000000;0.3875357462
7.7900000000;0.3872710945
7.8000000000;0.3868351167
7.8100000000;0.3862280057
7.8200000000;0.3854500300
7.8300000000;0.3845015339
7.8400000000;0.3833829369
7.8500000000;0.3820947338
7.8600000000;0.3806374947
7.8700000000;0.3790118641
7.8800000000;0.3772185612
7.8900000000;0.3752583794
7.9000000000;0.3731321859
7.9100000000;0.3708409212
7.9200000000;0.3683855990
7.9300000000;0.3657673055
7.9400000000;0.3629871990
7.9500000000;0.3600465095
7.9600000000;0.3569465378
7.9700000000;0.3536886554
7.9800000000;0.3502743036
7.9900000000;0.3467049927
8.0000000000;0.3429823020
8.0100000000;0.3391078782
8.0200000000;0.3350834353
8.0300000000;0.3309107539
8.0400000000;0.3265916797
8.0500000000;0.3221281237
8.0600000000;0.3175220603
8.0700000000;0.3127755273
8.0800000000;0.3078906246
8.0900000000;0.3028695131
8.1000000000;0.2977144142
8.1100000000;0.2924276085
8.1200000000;0.2870114348
8.1300000000;0.2814682892
8.1400000000;0.2758006239
8.1500000000;0.2700109463
8.1600000000;0.2641018177
8.1700000000;0.2580758523
8.1800000000;0.2519357158
8.1900000000;0.2456841247
8.2000000000;0.2393238446
8.2100000000;0.2328576893
8.2200000000;0.2262885192
8.2300000000;0.2196192407
8.2400000000;0.2128528042
8.2500000000;0.2059922030
8.2600000000;0.1990404722
8.2700000000;0.1920006873
8.2800000000;0.1848759626
8.2900000000;0.1776694500
8.3000000000;0.1703843377
8.3100000000;0.1630238484
8.3200000000;0.1555912386
8.3300000000;0.1480897962
8.3400000000;0.1405228399
8.3500000000;0.1328937173
8.3600000000;0.1252058034
8.3700000000;0.1174624993
8.3800000000;0.1096672305
8.3900000000;0.1018234458
8.4000000000;0.0939346150
8.4100000000;0.0860042282
8.4200000000;0.0780357937
8.4300000000;0.0700328367
8.4400000000;0.0619988977
8.4500000000;0.0539375308
8.4600000000;0.0458523022
8.4700000000;0.0377467890
8.4800000000;0.0296245768
8.4900000000;0.0214892589
8.5000000000;0.0133444342
8.5100000000;0.0051937061
8.5200000000;-0.0029593196
8.5300000000;-0.0111110362
8.5400000000;-0.0192578373
8.5500000000;-0.0273961189
8.5600000000;-0.0355222807
8.5700000000;-0.0436327276
8.5800000000;-0.0517238717
8.5900000000;-0.0597921335
8.6000000000;-0.0678339437
8.6100000000;-0.0758457446
8.6200000000;-0.0838239918
8.6300000000;-0.0917651559
8.6400000000;-0.0996657238
8.6500000000;-0.1075222001
8.6600000000;-0.1153311094
8.6700000000;-0.1230889970
8.6800000000;-0.1307924308
8.6900000000;-0.1384380030
8.7000000000;-0.1460223311
8.7100000000;-0.1535420600
8.7200000000;-0.1609938628
8.7300000000;-0.1683744431
8.7400000000;-0.1756805357
8.7500000000;-0.1829089084
8.7600000000;-0.1900563634
8.7700000000;-0.1971197388
8.7800000000;-0.2040959098
8.7900000000;-0.2109817901
8.8000000000;-0.2177743335
8.8100000000;-0.2244705350
8.8200000000;-0.2310674323
8.8300000000;-0.2375621069
8.8400000000;-0.2439516857
8.8500000000;-0.2502333419
8.8600000000;-0.2564042965
8.8700000000;-0.2624618196
8.8800000000;-0.2684032314
8.8900000000;-0.2742259035
8.9000000000;-0.2799272598
8.9100000000;-0.2855047783
8.9200000000;-0.2909559913
8.9300000000;-0.2962784875
8.9400000000;-0.3014699120
8.9500000000;-0.3065279683
8.9600000000;-0.3114504186
8.9700000000;-0.3162350855
8.9800000000;-0.3208798521
8.9900000000;-0.3253826636
9.0000000000;-0.3297415280
9.0100000000;-0.3339545170
9.0200000000;-0.3380197668
9.0300000000;-0.3419354790
9.0400000000;-0.3456999212
9.0500000000;-0.3493114281
9.0600000000;-0.3527684020
9.0700000000;-0.3560693136
9.0800000000;-0.3592127025
9.0900000000;-0.3621971782
9.1000000000;-0.3650214203
9.1100000000;-0.3676841794
9.1200000000;-0.3701842775
9.1300000000;-0.3725206086
9.1400000000;-0.3746921391
9.1500000000;-0.3766979084
9.1600000000;-0.3785370291
9.1700000000;-0.3802086875
9.1800000000;-0.3817121442
9.1900000000;-0.3830467341
9.2000000000;-0.3842118666
9.2100000000;-0.3852070265
9.2200000000;-0.3860317734
9.2300000000;-0.3866857424
9.2400000000;-0.3871686443
9.2500000000;-0.3874802654
9.2600000000;-0.3876204679
9.2700000000;-0.3875891897
9.2800000000;-0.3873864447
9.2900000000;-0.3870123225
9.3000000000;-0.3864669888
9.3100000000;-0.3857506846
9.3200000000;-0.3848637270
9.3300000000;-0.3838065083
9.3400000000;-0.3825794962
9.3500000000;-0.3811832335
9.3600000000;-0.3796183379
9.3700000000;-0.3778855018
9.3800000000;-0.3759854917
9.3900000000;-0.3739191481
9.4000000000;-0.3716873853
9.4100000000;-0.3692911905
9.4200000000;-0.3667316237
9.4300000000;-0.3640098174
9.4400000000;-0.3611269757
9.4500000000;-0.3580843738
9.4600000000;-0.3548833578
9.4700000000;-0.3515253438
9.4800000000;-0.3480118174
9.4900000000;-0.3443443329
9.5000000000;-0.3405245128
9.5100000000;-0.3365540470
9.5200000000;-0.3324346920
9.5300000000;-0.3281682701
9.5400000000;-0.3237566688
9.5500000000;-0.3192018398
9.5600000000;-0.3145057980
9.5700000000;-0.3096706210
9.5800000000;-0.3046984478
9.5900000000;-0.2995914781
9.6000000000;-0.2943519712
9.6100000000;-0.2889822449
9.6200000000;-0.2834846749
9.6300000000;-0.2778616931
9.6400000000;-0.2721157873
9.6500000000;-0.2662494992
9.6600000000;-0.2602654242
9.6700000000;-0.2541662096
9.6800000000;-0.2479545535
9.6900000000;-0.2416332040
9.7000000000;-0.2352049576
9.7100000000;-0.2286726582
9.7200000000;-0.2220391955
9.7300000000;-0.2153075042
9.7400000000;-0.2084805623
9.7500000000;-0.2015613901
9.7600000000;-0.1945530484
9.7700000000;-0.1874586378
9.7800000000;-0.1802812967
9.7900000000;-0.1730242005
9.8000000000;-0.1656905595
9.8100000000;-0.1582836181
9.8200000000;-0.1508066532
9.8300000000;-0.1432629724
9.8400000000;-0.1356559130
9.8500000000;-0.1279888404
9.8600000000;-0.1202651463
9.8700000000;-0.1124882478
9.8800000000;-0.1046615853
9.8900000000;-0.0967886212
9.9000000000;-0.0888728384
9.9100000000;-0.0809177389
9.9200000000;-0.0729268420
9.9300000000;-0.0649036827
9.9400000000;-0.0568518105
9.9500000000;-0.0487747874
9.9600000000;-0.0406761867
9.9700000000;-0.0325595911
9.9800000000;-0.0244285913
9.9900000000;-0.0162867845
10.0000000000;-0.0081377726
