0.0000000000;0.0000000000
0.0100000000;0.0059311535
0.0200000000;0.0118618916
0.0300000000;0.0177917988
0.0400000000;0.0237204597
0.0500000000;0.0296474591
0.0600000000;0.0355723819
0.0700000000;0.0414948129
0.0800000000;0.0474143373
0.0900000000;0.0533305406
0.1000000000;0.0592430082
0.1100000000;0.0651513261
0.1200000000;0.0710550804
0.1300000000;0.0769538576
0.1400000000;0.0828472444
0.1500000000;0.0887348281
0.1600000000;0.0946161962
0.1700000000;0.1004909368
0.1800000000;0.1063586384
0.1900000000;0.1122188900
0.2000000000;0.1180712811
0.2100000000;0.1239154017
0.2200000000;0.1297508425
0.2300000000;0.1355771947
0.2400000000;0.1413940503
0.2500000000;0.1472010018
0.2600000000;0.1529976423
0.2700000000;0.1587835660
0.2800000000;0.1645583674
0.2900000000;0.1703216422
0.3000000000;0.1760729865
0.3100000000;0.1818119977
0.3200000000;0.1875382735
0.3300000000;0.1932514130
0.3400000000;0.1989510160
0.3500000000;0.2046366832
0.3600000000;0.2103080163
0.3700000000;0.2159646182
0.3800000000;0.2216060925
0.3900000000;0.2272320442
0.4000000000;0.2328420791
0.4100000000;0.2384358043
0.4200000000;0.2440128280
0.4300000000;0.2495727594
0.4400000000;0.2551152093
0.4500000000;0.2606397892
0.4600000000;0.2661461123
0.4700000000;0.2716337929
0.4800000000;0.2771024466
0.4900000000;0.2825516902
0.5000000000;0.2879811422
0.5100000000;0.2933904222
0.5200000000;0.2987791512
0.5300000000;0.3041469519
0.5400000000;0.3094934483
0.5500000000;0.3148182657
0.5600000000;0.3201210314
0.5700000000;0.3254013737
0.5800000000;0.3306589229
0.5900000000;0.3358933107
0.6000000000;0.3411041704
0.6100000000;0.3462911371
0.6200000000;0.3514538473
0.6300000000;0.3565919395
0.6400000000;0.3617050538
0.6500000000;0.3667928320
0.6600000000;0.3718549177
0.6700000000;0.3768909564
0.6800000000;0.3819005953
0.6900000000;0.3868834835
0.7000000000;0.3918392719
0.7100000000;0.3967676134
0.7200000000;0.4016681629
0.7300000000;0.4065405770
0.7400000000;0.4113845144
0.7500000000;0.4161996359
0.7600000000;0.4209856042
0.7700000000;0.4257420840
0.7800000000;0.4304687422
0.7900000000;0.4351652476
0.8000000000;0.4398312714
0.8100000000;0.4444664866
0.8200000000;0.4490705686
0.8300000000;0.4536431948
0.8400000000;0.4581840451
0.8500000000;0.4626928013
0.8600000000;0.4671691476
0.8700000000;0.4716127704
0.8800000000;0.4760233585
0.8900000000;0.4804006030
0.9000000000;0.4847441971
0.9100000000;0.4890538368
0.9200000000;0.4933292201
0.9300000000;0.4975700475
0.9400000000;0.5017760220
0.9500000000;0.5059468489
0.9600000000;0.5100822362
0.9700000000;0.5141818941
0.9800000000;0.5182455355
0.9900000000;0.5222728757
1.0000000000;0.5262636327
1.0100000000;0.5302175268
1.0200000000;0.5341342812
1.0300000000;0.5380136215
1.0400000000;0.5418552760
1.0500000000;0.5456589755
1.0600000000;0.5494244537
1.0700000000;0.5531514467
1.0800000000;0.5568396935
1.0900000000;0.5604889358
1.1000000000;0.5640989179
1.1100000000;0.5676693870
1.1200000000;0.5712000930
1.1300000000;0.5746907885
1.1400000000;0.5781412291
1.1500000000;0.5815511731
1.1600000000;0.5849203816
1.1700000000;0.5882486186
1.1800000000;0.5915356510
1.1900000000;0.5947812485
1.2000000000;0.5979851838
1.2100000000;0.6011472325
1.2200000000;0.6042671731
1.2300000000;0.6073447870
1.2400000000;0.6103798587
1.2500000000;0.6133721756
1.2600000000;0.6163215280
1.2700000000;0.6192277094
1.2800000000;0.6220905162
1.2900000000;0.6249097479
1.3000000000;0.6276852070
1.3100000000;0.6304166992
1.3200000000;0.6331040329
1.3300000000;0.6357470201
1.3400000000;0.6383454756
1.3500000000;0.6408992174
1.3600000000;0.6434080666
1.3700000000;0.6458718475
1.3800000000;0.6482903874
1.3900000000;0.6506635170
1.4000000000;0.6529910701
1.4100000000;0.6552728836
1.4200000000;0.6575087977
1.4300000000;0.6596986558
1.4400000000;0.6618423044
1.4500000000;0.6639395934
1.4600000000;0.6659903760
1.4700000000;0.6679945084
1.4800000000;0.6699518503
1.4900000000;0.6718622646
1.5000000000;0.6737256174
1.5100000000;0.6755417783
1.5200000000;0.6773106200
1.5300000000;0.6790320186
1.5400000000;0.6807058535
1.5500000000;0.6823320076
1.5600000000;0.6839103668
1.5700000000;0.6854408207
1.5800000000;0.6869232620
1.5900000000;0.6883575870
1.6000000000;0.6897436950
1.6100000000;0.6910814891
1.6200000000;0.6923708754
1.6300000000;0.6936117638
1.6400000000;0.6948040673
1.6500000000;0.6959477024
1.6600000000;0.6970425889
1.6700000000;0.6980886502
1.6800000000;0.6990858130
1.6900000000;0.7000340074
1.7000000000;0.7009331671
1.7100000000;0.7017832290
1.7200000000;0.7025841337
1.7300000000;0.7033358249
1.7400000000;0.7040382501
1.7500000000;0.7046913600
1.7600000000;0.7052951090
1.7700000000;0.7058494547
1.7800000000;0.7063543582
1.7900000000;0.7068097843
1.8000000000;0.7072157009
1.8100000000;0.7075720798
1.8200000000;0.7078788959
1.8300000000;0.7081361277
1.8400000000;0.7083437572
1.8500000000;0.7085017699
1.8600000000;0.7086101547
1.8700000000;0.7086689040
1.8800000000;0.7086780137
1.8900000000;0.7086374831
1.9000000000;0.7085473151
1.9100000000;0.7084075161
1.9200000000;0.7082180957
1.9300000000;0.7079790673
1.9400000000;0.7076904476
1.9500000000;0.7073522569
1.9600000000;0.7069645187
1.9700000000;0.7065272604
1.9800000000;0.7060405124
1.9900000000;0.7055043090
2.0000000000;0.7049186876
2.0100000000;0.7042836893
2.0200000000;0.7035993585
2.0300000000;0.7028657432
2.0400000000;0.7020828949
2.0500000000;0.7012508682
2.0600000000;0.7003697215
2.0700000000;0.6994395166
2.0800000000;0.6984603185
2.0900000000;0.6974321959
2.1000000000;0.6963552208
2.1100000000;0.6952294686
2.1200000000;0.6940550182
2.1300000000;0.6928319518
2.1400000000;0.6915603551
2.1500000000;0.6902403172
2.1600000000;0.6888719305
2.1700000000;0.6874552910
2.1800000000;0.6859904977
2.1900000000;0.6844776534
2.2000000000;0.6829168640
2.2100000000;0.6813082388
2.2200000000;0.6796518906
2.2300000000;0.6779479352
2.2400000000;0.6761964921
2.2500000000;0.6743976840
2.2600000000;0.6725516369
2.2700000000;0.6706584800
2.2800000000;0.6687183460
2.2900000000;0.6667313708
2.3000000000;0.6646976935
2.3100000000;0.6626174567
2.3200000000;0.6604908060
2.3300000000;0.6583178903
2.3400000000;0.6560988620
2.3500000000;0.6538338764
2.3600000000;0.6515230921
2.3700000000;0.6491666711
2.3800000000;0.6467647784
2.3900000000;0.6443175823
2.4000000000;0.6418252541
2.4100000000;0.6392879684
2.4200000000;0.6367059030
2.4300000000;0.6340792388
2.4400000000;0.6314081597
2.4500000000;0.6286928527
2.4600000000;0.6259335082
2.4700000000;0.6231303194
2.4800000000;0.6202834827
2.4900000000;0.6173931974
2.5000000000;0.6144596660
2.5100000000;0.6114830940
2.5200000000;0.6084636899
2.5300000000;0.6054016652
2.5400000000;0.6022972344
2.5500000000;0.5991506149
2.5600000000;0.5959620271
2.5700000000;0.5927316945
2.5800000000;0.5894598431
2.5900000000;0.5861467024
2.6000000000;0.5827925042
2.6100000000;0.5793974836
2.6200000000;0.5759618784
2.6300000000;0.5724859292
2.6400000000;0.5689698795
2.6500000000;0.5654139756
2.6600000000;0.5618184665
2.6700000000;0.5581836042
2.6800000000;0.5545096432
2.6900000000;0.5507968409
2.7000000000;0.5470454573
2.7100000000;0.5432557552
2.7200000000;0.5394280001
2.7300000000;0.5355624600
2.7400000000;0.5316594058
2.7500000000;0.5277191109
2.7600000000;0.5237418512
2.7700000000;0.5197279053
2.7800000000;0.5156775545
2.7900000000;0.5115910823
2.8000000000;0.5074687752
2.8100000000;0.5033109217
2.8200000000;0.4991178132
2.8300000000;0.4948897433
2.8400000000;0.4906270083
2.8500000000;0.4863299067
2.8600000000;0.4819987394
2.8700000000;0.4776338100
2.8800000000;0.4732354241
2.8900000000;0.4688038899
2.9000000000;0.4643395176
2.9100000000;0.4598426202
2.9200000000;0.4553135124
2.9300000000;0.4507525117
2.9400000000;0.4461599374
2.9500000000;0.4415361113
2.9600000000;0.4368813572
2.9700000000;0.4321960013
2.9800000000;0.4274803716
2.9900000000;0.4227347985
3.0000000000;0.4179665805
3.0100000000;0.4132456336
3.0200000000;0.4085783899
3.0300000000;0.4039642429
3.0400000000;0.3994025929
3.0500000000;0.3948928472
3.0600000000;0.3904344198
3.0700000000;0.3860267311
3.0800000000;0.3816692084
3.0900000000;0.3773612854
3.1000000000;0.3731024024
3.1100000000;0.3688920057
3.1200000000;0.3647295483
3.1300000000;0.3606144893
3.1400000000;0.3565462938
3.1500000000;0.3525244331
3.1600000000;0.3485483847
3.1700000000;0.3446176319
3.1800000000;0.3407316637
3.1900000000;0.3368899752
3.2000000000;0.3330920671
3.2100000000;0.3293374460
3.2200000000;0.3256256238
3.2300000000;0.3219561182
3.2400000000;0.3183284523
3.2500000000;0.3147421547
3.2600000000;0.3111967593
3.2700000000;0.3076918054
3.2800000000;0.3042268376
3.2900000000;0.3008014054
3.3000000000;0.2974150639
3.3100000000;0.2940673728
3.3200000000;0.2907578971
3.3300000000;0.2874862069
3.3400000000;0.2842518768
3.3500000000;0.2810544866
3.3600000000;0.2778936208
3.3700000000;0.2747688685
3.3800000000;0.2716798238
3.3900000000;0.2686260852
3.4000000000;0.2656072557
3.4100000000;0.2626229432
3.4200000000;0.2596727598
3.4300000000;0.2567563221
3.4400000000;0.2538732511
3.4500000000;0.2510231722
3.4600000000;0.2482057149
3.4700000000;0.2454205131
3.4800000000;0.2426672048
3.4900000000;0.2399454323
3.5000000000;0.2372548419
3.5100000000;0.2345950838
3.5200000000;0.2319658125
3.5300000000;0.2293666862
3.5400000000;0.2267973672
3.5500000000;0.2242575217
3.5600000000;0.2217468194
3.5700000000;0.2192649342
3.5800000000;0.2168115435
3.5900000000;0.2143863285
3.6000000000;0.2119889740
3.6100000000;0.2096191685
3.6200000000;0.2072766040
3.6300000000;0.2049609760
3.6400000000;0.2026719838
3.6500000000;0.2004093296
3.6600000000;0.1981727197
3.6700000000;0.1959618632
3.6800000000;0.1937764729
3.6900000000;0.1916162648
3.7000000000;0.1894809581
3.7100000000;0.1873702753
3.7200000000;0.1852839422
3.7300000000;0.1832216877
3.7400000000;0.1811832436
3.7500000000;0.1791683452
3.7600000000;0.1771767306
3.7700000000;0.1752081409
3.7800000000;0.1732623203
3.7900000000;0.1713390160
3.8000000000;0.1694379780
3.8100000000;0.1675589593
3.8200000000;0.1657017157
3.8300000000;0.1638660057
3.8400000000;0.1620515910
3.8500000000;0.1602582356
3.8600000000;0.1584857065
3.8700000000;0.1567337734
3.8800000000;0.1550022086
3.8900000000;0.1532907871
3.9000000000;0.1515992864
3.9100000000;0.1499274868
3.9200000000;0.1482751710
3.9300000000;0.1466421242
3.9400000000;0.1450281343
3.9500000000;0.1434329914
3.9600000000;0.1418564884
3.9700000000;0.1402984203
3.9800000000;0.1387585846
3.9900000000;0.1372367812
4.0000000000;0.1357328125
4.0100000000;0.1342464828
4.0200000000;0.1327775991
4.0300000000;0.1313259705
4.0400000000;0.1298914083
4.0500000000;0.1284737261
4.0600000000;0.1270727397
4.0700000000;0.1256882670
4.0800000000;0.1243201281
4.0900000000;0.1229681452
4.1000000000;0.1216321426
4.1100000000;0.1203119466
4.1200000000;0.1190073857
4.1300000000;0.1177182905
4.1400000000;0.1164444932
4.1500000000;0.1151858285
4.1600000000;0.1139421327
4.1700000000;0.1127132443
4.1800000000;0.1114990035
4.1900000000;0.1102992524
4.2000000000;0.1091138353
4.2100000000;0.1079425981
4.2200000000;0.1067853885
4.2300000000;0.1056420562
4.2400000000;0.1045124526
4.2500000000;0.1033964308
4.2600000000;0.1022938459
4.2700000000;0.1012045546
4.2800000000;0.1001284153
4.2900000000;0.0990652881
4.3000000000;0.0980150350
4.3100000000;0.0969775193
4.3200000000;0.0959526064
4.3300000000;0.0949401630
4.3400000000;0.0939400574
4.3500000000;0.0929521599
4.3600000000;0.0919763419
4.3700000000;0.0910124766
4.3800000000;0.0900604389
4.3900000000;0.0891201050
4.4000000000;0.0881913526
4.4100000000;0.0872740611
4.4200000000;0.0863681113
4.4300000000;0.0854733854
4.4400000000;0.0845897672
4.4500000000;0.0837171419
4.4600000000;0.0828553960
4.4700000000;0.0820044175
4.4800000000;0.0811640959
4.4900000000;0.0803343220
4.5000000000;0.0795149879
4.5100000000;0.0787059871
4.5200000000;0.0779072145
4.5300000000;0.0771185664
4.5400000000;0.0763399402
4.5500000000;0.0755712347
4.5600000000;0.0748123501
4.5700000000;0.0740631877
4.5800000000;0.0733236501
4.5900000000;0.0725936413
4.6000000000;0.0718730664
4.6100000000;0.0711618317
4.6200000000;0.0704598449
4.6300000000;0.0697670146
4.6400000000;0.0690832509
4.6500000000;0.0684084649
4.6600000000;0.0677425689
4.6700000000;0.0670854763
4.6800000000;0.0664371019
4.6900000000;0.0657973612
4.7000000000;0.0651661712
4.7100000000;0.0645434499
4.7200000000;0.0639291163
4.7300000000;0.0633230906
4.7400000000;0.0627252941
4.7500000000;0.0621356489
4.7600000000;0.0615540786
4.7700000000;0.0609805076
4.7800000000;0.0604148612
4.7900000000;0.0598570661
4.8000000000;0.0593070497
4.8100000000;0.0587647405
4.8200000000;0.0582300680
4.8300000000;0.0577029628
4.8400000000;0.0571833564
4.8500000000;0.0566711813
4.8600000000;0.0561663708
4.8700000000;0.0556688594
4.8800000000;0.0551785825
4.8900000000;0.0546954762
4.9000000000;0.0542194779
4.9100000000;0.0537505257
4.9200000000;0.0532885586
4.9300000000;0.0528335167
4.9400000000;0.0523853406
4.9500000000;0.0519439724
4.9600000000;0.0515093544
4.9700000000;0.0510814304
4.9800000000;0.0506601446
4.9900000000;0.0502454424
5.0000000000;0.0498372698
5.0100000000;0.0494355737
5.0200000000;0.0490403021
5.0300000000;0.0486514035
5.0400000000;0.0482688274
5.0500000000;0.0478925240
5.0600000000;0.0475224445
5.0700000000;0.0471585407
5.0800000000;0.0468007655
5.0900000000;0.0464490722
5.1000000000;0.0461034152
5.1100000000;0.0457637495
5.1200000000;0.0454300311
5.1300000000;0.0451022165
5.1400000000;0.0447802631
5.1500000000;0.0444641292
5.1600000000;0.0441537736
5.1700000000;0.0438491560
5.1800000000;0.0435502367
5.1900000000;0.0432569771
5.2000000000;0.0429693389
5.2100000000;0.0426872847
5.2200000000;0.0424107780
5.2300000000;0.0421397828
5.2400000000;0.0418742638
5.2500000000;0.0416141866
5.2600000000;0.0413595173
5.2700000000;0.0411102229
5.2800000000;0.0408662710
5.2900000000;0.0406276298
5.3000000000;0.0403942684
5.3100000000;0.0401661565
5.3200000000;0.0399432643
5.3300000000;0.0397255629
5.3400000000;0.0395130240
5.3500000000;0.0393056201
5.3600000000;0.0391033241
5.3700000000;0.0389061097
5.3800000000;0.0387139514
5.3900000000;0.0385268242
5.4000000000;0.0383447037
5.4100000000;0.0381675663
5.4200000000;0.0379953889
5.4300000000;0.0378281492
5.4400000000;0.0376658255
5.4500000000;0.0375083966
5.4600000000;0.0373558421
5.4700000000;0.0372081422
5.4800000000;0.0370652776
5.4900000000;0.0369272299
5.5000000000;0.0367939810
5.5100000000;0.0366655137
5.5200000000;0.0365418112
5.5300000000;0.0364228575
5.5400000000;0.0363086372
5.5500000000;0.0361991353
5.5600000000;0.0360943376
5.5700000000;0.0359942306
5.5800000000;0.0358988013
5.5900000000;0.0358080371
5.6000000000;0.0357219263
5.6100000000;0.0356404578
5.6200000000;0.0355636210
5.6300000000;0.0354914058
5.6400000000;0.0354238029
5.6500000000;0.0353608034
5.6600000000;0.0353023993
5.6700000000;0.0352485829
5.6800000000;0.0351993472
5.6900000000;0.0351546858
5.7000000000;0.0351145930
5.7100000000;0.0350790634
5.7200000000;0.0350480926
5.7300000000;0.0350216764
5.7400000000;0.0349998114
5.7500000000;0.0349824949
5.7600000000;0.0349697244
5.7700000000;0.0349614985
5.7800000000;0.0349578160
5.7900000000;0.0349586764
5.8000000000;0.0349640798
5.8100000000;0.0349740270
5.8200000000;0.0349885192
5.8300000000;0.0350075584
5.8400000000;0.0350311470
5.8500000000;0.0350592880
5.8600000000;0.0350919851
5.8700000000;0.0351292426
5.8800000000;0.0351710654
5.8900000000;0.0352174587
5.9000000000;0.0352684288
5.9100000000;0.0353239821
5.9200000000;0.0353841260
5.9300000000;0.0354488682
5.9400000000;0.0355182171
5.9500000000;0.0355921818
5.9600000000;0.0356707719
5.9700000000;0.0357539976
5.9800000000;0.0358418696
5.9900000000;0.0359343995
6.0000000000;0.0360315992
6.0100000000;0.0361334815
6.0200000000;0.0362400594
6.0300000000;0.0363513469
6.0400000000;0.0364673584
6.0500000000;0.0365881090
6.0600000000;0.0367136145
6.0700000000;0.0368438910
6.0800000000;0.0369789556
6.0900000000;0.0371188257
6.1000000000;0.0372635197
6.1100000000;0.0374130562
6.1200000000;0.0375674547
6.1300000000;0.0377267352
6.1400000000;0.0378909186
6.1500000000;0.0380600260
6.1600000000;0.0382340795
6.1700000000;0.0384131018
6.1800000000;0.0385971160
6.1900000000;0.0387861460
6.2000000000;0.0389802165
6.2100000000;0.0391793527
6.2200000000;0.0393835804
6.2300000000;0.0395929262
6.2400000000;0.0398074173
6.2500000000;0.0400270816
6.2600000000;0.0402519475
6.2700000000;0.0404820444
6.2800000000;0.0407174022
6.2900000000;0.0409580513
6.3000000000;0.0412040231
6.3100000000;0.0414553496
6.3200000000;0.0417120634
6.3300000000;0.0419741979
6.3400000000;0.0422417872
6.3500000000;0.0425148659
6.3600000000;0.0427934697
6.3700000000;0.0430776347
6.3800000000;0.0433673978
6.3900000000;0.0436627967
6.4000000000;0.0439638698
6.4100000000;0.0442706563
6.4200000000;0.0445831959
6.4300000000;0.0449015293
6.4400000000;0.0452256978
6.4500000000;0.0455557437
6.4600000000;0.0458917098
6.4700000000;0.0462336396
6.4800000000;0.0465815778
6.4900000000;0.0469355695
6.5000000000;0.0472956607
6.5100000000;0.0476618981
6.5200000000;0.0480343295
6.5300000000;0.0484130031
6.5400000000;0.0487979683
6.5500000000;0.0491892749
6.5600000000;0.0495869740
6.5700000000;0.0499911171
6.5800000000;0.0504017568
6.5900000000;0.0508189464
6.6000000000;0.0512427402
6.6100000000;0.0516731932
6.6200000000;0.0521103615
6.6300000000;0.0525543017
6.6400000000;0.0530050715
6.6500000000;0.0534627297
6.6600000000;0.0539273356
6.6700000000;0.0543989495
6.6800000000;0.0548776329
6.6900000000;0.0553634479
6.7000000000;0.0558564577
6.7100000000;0.0563567262
6.7200000000;0.0568643186
6.7300000000;0.0573793008
6.7400000000;0.0579017396
6.7500000000;0.0584317031
6.7600000000;0.0589692601
6.7700000000;0.0595144804
6.7800000000;0.0600674349
6.7900000000;0.0606281954
6.8000000000;0.0611968348
6.8100000000;0.0617734271
6.8200000000;0.0623580471
6.8300000000;0.0629507709
6.8400000000;0.0635516753
6.8500000000;0.0641608387
6.8600000000;0.0647783400
6.8700000000;0.0654042596
6.8800000000;0.0660386788
6.8900000000;0.0666816800
6.9000000000;0.0673333468
6.9100000000;0.0679937639
6.9200000000;0.0686630172
6.9300000000;0.0693411935
6.9400000000;0.0700283810
6.9500000000;0.0707246690
6.9600000000;0.0714301481
6.9700000000;0.0721449098
6.9800000000;0.0728690471
6.9900000000;0.0736014274
7.0000000000;0.0743298666
7.0100000000;0.0750530994
7.0200000000;0.0757710749
7.0300000000;0.0764837429
7.0400000000;0.0771910536
7.0500000000;0.0778929573
7.0600000000;0.0785894049
7.0700000000;0.0792803476
7.0800000000;0.0799657370
7.0900000000;0.0806455251
7.1000000000;0.0813196643
7.1100000000;0.0819881074
7.1200000000;0.0826508075
7.1300000000;0.0833077182
7.1400000000;0.0839587935
7.1500000000;0.0846039878
7.1600000000;0.0852432559
7.1700000000;0.0858765531
7.1800000000;0.0865038349
7.1900000000;0.0871250574
7.2000000000;0.0877401772
7.2100000000;0.0883491511
7.2200000000;0.0889519365
7.2300000000;0.0895484911
7.2400000000;0.0901387732
7.2500000000;0.0907227414
7.2600000000;0.0913003548
7.2700000000;0.0918715729
7.2800000000;0.0924363558
7.2900000000;0.0929946639
7.3000000000;0.0935464580
7.3100000000;0.0940916996
7.3200000000;0.0946303504
7.3300000000;0.0951623727
7.3400000000;0.0956877292
7.3500000000;0.0962063832
7.3600000000;0.0967182982
7.3700000000;0.0972234385
7.3800000000;0.0977217687
7.3900000000;0.0982132538
7.4000000000;0.0986978595
7.4100000000;0.0991755517
7.4200000000;0.0996462971
7.4300000000;0.1001100626
7.4400000000;0.1005668157
7.4500000000;0.1010165246
7.4600000000;0.1014591576
7.4700000000;0.1018946837
7.4800000000;0.1023230726
7.4900000000;0.1027442941
7.5000000000;0.1031583187
7.5100000000;0.1035651175
7.5200000000;0.1039646619
7.5300000000;0.1043569240
7.5400000000;0.1047418763
7.5500000000;0.1051194918
7.5600000000;0.1054897440
7.5700000000;0.1058526071
7.5800000000;0.1062080557
7.5900000000;0.1065560647
7.6000000000;0.1068966099
7.6100000000;0.1072296674
7.6200000000;0.1075552139
7.6300000000;0.1078732265
7.6400000000;0.1081836830
7.6500000000;0.1084865616
7.6600000000;0.1087818412
7.6700000000;0.1090695009
7.6800000000;0.1093495208
7.6900000000;0.1096218812
7.7000000000;0.1098865629
7.7100000000;0.1101435475
7.7200000000;0.1103928170
7.7300000000;0.1106343539
7.7400000000;0.1108681412
7.7500000000;0.1110941627
7.7600000000;0.1113124024
7.7700000000;0.1115228451
7.7800000000;0.1117254760
7.7900000000;0.1119202810
7.8000000000;0.1121072464
7.8100000000;0.1122863590
7.8200000000;0.1124576065
7.8300000000;0.1126209767
7.8400000000;0.1127764582
7.8500000000;0.1129240402
7.8600000000;0.1130637123
7.8700000000;0.1131954646
7.8800000000;0.1133192881
7.8900000000;0.1134351739
7.9000000000;0.1135431141
7.9100000000;0.1136431010
7.9200000000;0.1137351276
7.9300000000;0.1138191874
7.9400000000;0.1138952747
7.9500000000;0.1139633841
7.9600000000;0.1140235107
7.9700000000;0.1140756504
7.9800000000;0.1141197995
7.9900000000;0.1141559550
8.0000000000;0.1141841142
8.0100000000;0.1142042753
8.0200000000;0.1142164369
8.0300000000;0.1142205979
8.0400000000;0.1142167583
8.0500000000;0.1142049182
8.0600000000;0.1141850785
8.0700000000;0.1141572405
8.0800000000;0.1141214062
8.0900000000;0.1140775782
8.1000000000;0.1140257594
8.1100000000;0.1139659536
8.1200000000;0.1138981649
8.1300000000;0.1138223981
8.1400000000;0.1137386584
8.1500000000;0.1136469517
8.1600000000;0.1135472845
8.1700000000;0.1134396638
8.1800000000;0.1133240970
8.1900000000;0.1132005923
8.2000000000;0.1130691583
8.2100000000;0.1129298042
8.2200000000;0.1127825398
8.2300000000;0.1126273754
8.2400000000;0.1124643219
8.2500000000;0.1122933907
8.2600000000;0.1121145938
8.2700000000;0.1119279437
8.2800000000;0.1117334534
8.2900000000;0.1115311366
8.3000000000;0.1113210075
8.3100000000;0.1111030807
8.3200000000;0.1108773716
8.3300000000;0.1106438960
8.3400000000;0.1104026701
8.3500000000;0.1101537110
8.3600000000;0.1098970360
8.3700000000;0.1096326631
8.3800000000;0.1093606109
8.3900000000;0.1090808984
8.4000000000;0.1087935451
8.4100000000;0.1084985713
8.4200000000;0.1081959976
8.4300000000;0.1078858451
8.4400000000;0.1075681356
8.4500000000;0.1072428914
8.4600000000;0.1069101352
8.4700000000;0.1065698904
8.4800000000;0.1062221807
8.4900000000;0.1058670306
8.5000000000;0.1055044649
8.5100000000;0.1051345090
8.5200000000;0.1047571888
8.5300000000;0.1043725308
8.5400000000;0.1039805619
8.5500000000;0.1035813095
8.5600000000;0.1031748016
8.5700000000;0.1027610667
8.5800000000;0.1023401338
8.5900000000;0.1019120323
8.6000000000;0.1014767923
8.6100000000;0.1010344443
8.6200000000;0.1005850191
8.6300000000;0.1001285483
8.6400000000;0.0996650639
8.6500000000;0.0991945983
8.6600000000;0.0987171846
8.6700000000;0.0982328560
8.6800000000;0.0977416466
8.6900000000;0.0972435908
8.7000000000;0.0967387234
8.7100000000;0.0962270799
8.7200000000;0.0957086959
8.7300000000;0.0951836080
8.7400000000;0.0946518528
8.7500000000;0.0941134676
8.7600000000;0.0935684901
8.7700000000;0.0930169584
8.7800000000;0.0924589113
8.7900000000;0.0918943878
8.8000000000;0.0913234274
8.8100000000;0.0907460701
8.8200000000;0.0901623565
8.8300000000;0.0895723273
8.8400000000;0.0889760238
8.8500000000;0.0883734880
8.8600000000;0.0877647619
8.8700000000;0.0871498882
8.8800000000;0.0865289100
8.8900000000;0.0859018708
8.9000000000;0.0852688145
8.9100000000;0.0846297854
8.9200000000;0.0839848283
8.9300000000;0.0833339883
8.9400000000;0.0826773112
8.9500000000;0.0820148428
8.9600000000;0.0813466296
8.9700000000;0.0806727183
8.9800000000;0.0799931562
8.9900000000;0.0793079909
9.0000000000;0.0786172704
9.0100000000;0.0779210430
9.0200000000;0.0772193576
9.0300000000;0.0765122632
9.0400000000;0.0757998094
9.0500000000;0.0750820462
9.0600000000;0.0743590237
9.0700000000;0.0736307926
9.0800000000;0.0728974040
9.0900000000;0.0721589092
9.1000000000;0.0714153599
9.1100000000;0.0706668083
9.1200000000;0.0699133067
9.1300000000;0.0691549079
9.1400000000;0.0683916651
9.1500000000;0.0676236317
9.1600000000;0.0668508616
9.1700000000;0.0660734087
9.1800000000;0.0652913277
9.1900000000;0.0645046733
9.2000000000;0.0637135006
9.2100000000;0.0629178649
9.2200000000;0.0621178221
9.2300000000;0.0613134282
9.2400000000;0.0605047395
9.2500000000;0.0596918127
9.2600000000;0.0588747047
9.2700000000;0.0580534727
9.2800000000;0.0572281743
9.2900000000;0.0563988673
9.3000000000;0.0555656098
9.3100000000;0.0547284601
9.3200000000;0.0538874768
9.3300000000;0.0530427190
9.3400000000;0.0521942457
9.3500000000;0.0513421164
9.3600000000;0.0504863908
9.3700000000;0.0496271287
9.3800000000;0.0487643905
9.3900000000;0.0478982366
9.4000000000;0.0470287275
9.4100000000;0.0461559243
9.4200000000;0.0452798880
9.4300000000;0.0444006800
9.4400000000;0.0435183619
9.4500000000;0.0426329955
9.4600000000;0.0417446428
9.4700000000;0.0408533661
9.4800000000;0.0399592278
9.4900000000;0.0390622904
9.5000000000;0.0381626169
9.5100000000;0.0372602703
9.5200000000;0.0363553136
9.5300000000;0.0354478105
9.5400000000;0.0345378243
9.5500000000;0.0336254190
9.5600000000;0.0327106582
9.5700000000;0.0317936063
9.5800000000;0.0308743272
9.5900000000;0.0299528856
9.6000000000;0.0290293459
9.6100000000;0.0281037728
9.6200000000;0.0271762311
9.6300000000;0.0262467858
9.6400000000;0.0253155020
9.6500000000;0.0243824450
9.6600000000;0.0234476801
9.6700000000;0.0225112727
9.6800000000;0.0215732886
9.6900000000;0.0206337932
9.7000000000;0.0196928526
9.7100000000;0.0187505326
9.7200000000;0.0178068991
9.7300000000;0.0168620184
9.7400000000;0.0159159565
9.7500000000;0.0149687798
9.7600000000;0.0140205546
9.7700000000;0.0130713473
9.7800000000;0.0121212243
9.7900000000;0.0111702524
9.8000000000;0.0102184980
9.8100000000;0.0092660278
9.8200000000;0.0083129086
9.8300000000;0.0073592071
9.8400000000;0.0064049901
9.8500000000;0.0054503245
9.8600000000;0.0044952771
9.8700000000;0.0035399148
9.8800000000;0.0025843045
9.8900000000;0.0016285133
9.9000000000;0.0006726079
9.9100000000;-0.0002833445
9.9200000000;-0.0012392771
9.9300000000;-0.0021951229
9.9400000000;-0.0031508150
9.9500000000;-0.0041062863
9.9600000000;-0.0050614700
9.9700000000;-0.0060162992
9.9800000000;-0.0069707069
9.9900000000;-0.0079246264
10.0000000000;-0.0088779908
