0.0000000000;0.0000000000
0.0100000000;0.0074971810
0.0200000000;0.0149919437
0.0300000000;0.0224818705
0.0400000000;0.0299645453
0.0500000000;0.0374375546
0.0600000000;0.0448984878
0.0700000000;0.0523449383
0.0800000000;0.0597745040
0.0900000000;0.0671847885
0.1000000000;0.0745734013
0.1100000000;0.0819379593
0.1200000000;0.0892760869
0.1300000000;0.0965854169
0.1400000000;0.1038635918
0.1500000000;0.1111082637
0.1600000000;0.1183170957
0.1700000000;0.1254877627
0.1800000000;0.1326179514
0.1900000000;0.1397053621
0.2000000000;0.1467477084
0.2100000000;0.1537427188
0.2200000000;0.1606881370
0.2300000000;0.1675817225
0.2400000000;0.1744212518
0.2500000000;0.1812045186
0.2600000000;0.1879293348
0.2700000000;0.1945935314
0.2800000000;0.2011949585
0.2900000000;0.2077314869
0.3000000000;0.2142010080
0.3100000000;0.2206014350
0.3200000000;0.2269307033
0.3300000000;0.2331867714
0.3400000000;0.2393676212
0.3500000000;0.2454712590
0.3600000000;0.2514957160
0.3700000000;0.2574390488
0.3800000000;0.2632993404
0.3900000000;0.2690747005
0.4000000000;0.2747632659
0.4100000000;0.2803632020
0.4200000000;0.2858727022
0.4300000000;0.2912899894
0.4400000000;0.2966133162
0.4500000000;0.3018409654
0.4600000000;0.3069712508
0.4700000000;0.3120025176
0.4800000000;0.3169331427
0.4900000000;0.3217615357
0.5000000000;0.3264861393
0.5100000000;0.3311054293
0.5200000000;0.3356179157
0.5300000000;0.3400221430
0.5400000000;0.3443166905
0.5500000000;0.3485001729
0.5600000000;0.3525712408
0.5700000000;0.3565285810
0.5800000000;0.3603709169
0.5900000000;0.3640970092
0.6000000000;0.3677056560
0.6100000000;0.3711956932
0.6200000000;0.3745659950
0.6300000000;0.3778154744
0.6400000000;0.3809430831
0.6500000000;0.3839478123
0.6600000000;0.3868286927
0.6700000000;0.3895847951
0.6800000000;0.3922152304
0.6900000000;0.3947191502
0.7000000000;0.3970957467
0.7100000000;0.3993442534
0.7200000000;0.4014639450
0.7300000000;0.4034541377
0.7400000000;0.4053141896
0.7500000000;0.4070435007
0.7600000000;0.4086415130
0.7700000000;0.4101077113
0.7800000000;0.4114416225
0.7900000000;0.4126428164
0.8000000000;0.4137109054
0.8100000000;0.4146455452
0.8200000000;0.4154464341
0.8300000000;0.4161133138
0.8400000000;0.4166459693
0.8500000000;0.4170442287
0.8600000000;0.4173079636
0.8700000000;0.4174370888
0.8800000000;0.4174315627
0.8900000000;0.4172913872
0.9000000000;0.4170166074
0.9100000000;0.4166073119
0.9200000000;0.4160636328
0.9300000000;0.4153857455
0.9400000000;0.4145738686
0.9500000000;0.4136282639
0.9600000000;0.4125492367
0.9700000000;0.4113371347
0.9800000000;0.4099923492
0.9900000000;0.4085153138
1.0000000000;0.4069065050
1.0100000000;0.4051664418
1.0200000000;0.4032956853
1.0300000000;0.4012948392
1.0400000000;0.3991645487
1.0500000000;0.3969055010
1.0600000000;0.3945184249
1.0700000000;0.3920040903
1.0800000000;0.3893633082
1.0900000000;0.3865969306
1.1000000000;0.3837058496
1.1100000000;0.3806909980
1.1200000000;0.3775533482
1.1300000000;0.3742939122
1.1400000000;0.3709137415
1.1500000000;0.3674139264
1.1600000000;0.3637955959
1.1700000000;0.3600599170
1.1800000000;0.3562080948
1.1900000000;0.3522413718
1.2000000000;0.3481610274
1.2100000000;0.3439683780
1.2200000000;0.3396647758
1.2300000000;0.3352516090
1.2400000000;0.3307303013
1.2500000000;0.3261023111
1.2600000000;0.3213691311
1.2700000000;0.3165322881
1.2800000000;0.3115933424
1.2900000000;0.3065538871
1.3000000000;0.3014155477
1.3100000000;0.2961799818
1.3200000000;0.2908488780
1.3300000000;0.2854239561
1.3400000000;0.2799069660
1.3500000000;0.2742996872
1.3600000000;0.2686039285
1.3700000000;0.2628215271
1.3800000000;0.2569543483
1.3900000000;0.2510042846
1.4000000000;0.2449732552
1.4100000000;0.2388632057
1.4200000000;0.2326761069
1.4300000000;0.2264139545
1.4400000000;0.2200787685
1.4500000000;0.2136725925
1.4600000000;0.2071974928
1.4700000000;0.2006555581
1.4800000000;0.1940488986
1.4900000000;0.1873796455
1.5000000000;0.1806499499
1.5100000000;0.1738619826
1.5200000000;0.1670179333
1.5300000000;0.1601200096
1.5400000000;0.1531704365
1.5500000000;0.1461714557
1.5600000000;0.1391253249
1.5700000000;0.1320343169
1.5800000000;0.1249007191
1.5900000000;0.1177268324
1.6000000000;0.1105149710
1.6100000000;0.1032674612
1.6200000000;0.0959866407
1.6300000000;0.0886748581
1.6400000000;0.0813344720
1.6500000000;0.0739678501
1.6600000000;0.0665773686
1.6700000000;0.0591654115
1.6800000000;0.0517343696
1.6900000000;0.0442866399
1.7000000000;0.0368246248
1.7100000000;0.0293507314
1.7200000000;0.0218673703
1.7300000000;0.0143769556
1.7400000000;0.0068819034
1.7500000000;-0.0006153688
1.7600000000;-0.0081124424
1.7700000000;-0.0156068992
1.7800000000;-0.0230963217
1.7900000000;-0.0305782942
1.8000000000;-0.0380504031
1.8100000000;-0.0455102382
1.8200000000;-0.0529553932
1.8300000000;-0.0603834666
1.8400000000;-0.0677920623
1.8500000000;-0.0751787906
1.8600000000;-0.0825412687
1.8700000000;-0.0898771217
1.8800000000;-0.0971839833
1.8900000000;-0.1044594967
1.9000000000;-0.1117013149
1.9100000000;-0.1189071019
1.9200000000;-0.1260745336
1.9300000000;-0.1332012977
1.9400000000;-0.1402850956
1.9500000000;-0.1473236422
1.9600000000;-0.1543146671
1.9700000000;-0.1612559153
1.9800000000;-0.1681451476
1.9900000000;-0.1749801420
2.0000000000;-0.1817586936
2.0100000000;-0.1884786159
2.0200000000;-0.1951377412
2.0300000000;-0.2017339217
2.0400000000;-0.2082650295
2.0500000000;-0.2147289580
2.0600000000;-0.2211236221
2.0700000000;-0.2274469591
2.0800000000;-0.2336969293
2.0900000000;-0.2398715166
2.1000000000;-0.2459687295
2.1100000000;-0.2519866010
2.1200000000;-0.2579231900
2.1300000000;-0.2637765816
2.1400000000;-0.2695448877
2.1500000000;-0.2752262476
2.1600000000;-0.2808188287
2.1700000000;-0.2863208270
2.1800000000;-0.2917304678
2.1900000000;-0.2970460061
2.2000000000;-0.3022657272
2.2100000000;-0.3073879475
2.2200000000;-0.3124110147
2.2300000000;-0.3173333085
2.2400000000;-0.3221532412
2.2500000000;-0.3268692580
2.2600000000;-0.3314798377
2.2700000000;-0.3359834931
2.2800000000;-0.3403787714
2.2900000000;-0.3446642548
2.3000000000;-0.3488385611
2.3100000000;-0.3529003437
2.3200000000;-0.3568482924
2.3300000000;-0.3606811337
2.3400000000;-0.3643976314
2.3500000000;-0.3679965865
2.3600000000;-0.3714768383
2.3700000000;-0.3748372640
2.3800000000;-0.3780767797
2.3900000000;-0.3811943404
2.4000000000;-0.3841889406
2.4100000000;-0.3870596142
2.4200000000;-0.3898054353
2.4300000000;-0.3924255182
2.4400000000;-0.3949190177
2.4500000000;-0.3972851296
2.4600000000;-0.3995230905
2.4700000000;-0.4016321785
2.4800000000;-0.4036117135
2.4900000000;-0.4054610567
2.5000000000;-0.4071796118
2.5100000000;-0.4087668243
2.5200000000;-0.4102221822
2.5300000000;-0.4115452162
2.5400000000;-0.4127354994
2.5500000000;-0.4137926480
2.5600000000;-0.4147163208
2.5700000000;-0.4155062199
2.5800000000;-0.4161620907
2.5900000000;-0.4166837214
2.6000000000;-0.4170709439
2.6100000000;-0.4173236331
2.6200000000;-0.4174417078
2.6300000000;-0.4174251296
2.6400000000;-0.4172739040
2.6500000000;-0.4169880798
2.6600000000;-0.4165677492
2.6700000000;-0.4160130476
2.6800000000;-0.4153241542
2.6900000000;-0.4145012911
2.7000000000;-0.4135447236
2.7100000000;-0.4124547605
2.7200000000;-0.4112317531
2.7300000000;-0.4098760962
2.7400000000;-0.4083882269
2.7500000000;-0.4067686252
2.7600000000;-0.4050178135
2.7700000000;-0.4031363565
2.7800000000;-0.4011248613
2.7900000000;-0.3989839765
2.8000000000;-0.3967143928
2.8100000000;-0.3943168423
2.8200000000;-0.3917920983
2.8300000000;-0.3891409753
2.8400000000;-0.3863643284
2.8500000000;-0.3834630532
2.8600000000;-0.3804380857
2.8700000000;-0.3772904015
2.8800000000;-0.3740210160
2.8900000000;-0.3706309838
2.9000000000;-0.3671213985
2.9100000000;-0.3634933920
2.9200000000;-0.3597481347
2.9300000000;-0.3558868346
2.9400000000;-0.3519107374
2.9500000000;-0.3478211254
2.9600000000;-0.3436193180
2.9700000000;-0.3393066704
2.9800000000;-0.3348845739
2.9900000000;-0.3303544547
3.0000000000;-0.3257232028
3.0100000000;-0.3210465199
3.0200000000;-0.3163304849
3.0300000000;-0.3115756761
3.0400000000;-0.3067826761
3.0500000000;-0.3019520726
3.0600000000;-0.2970844576
3.0700000000;-0.2921804277
3.0800000000;-0.2872405841
3.0900000000;-0.2822655322
3.1000000000;-0.2772558819
3.1100000000;-0.2722122473
3.1200000000;-0.2671352465
3.1300000000;-0.2620255018
3.1400000000;-0.2568836396
3.1500000000;-0.2517102901
3.1600000000;-0.2465060875
3.1700000000;-0.2412716697
3.1800000000;-0.2360076782
3.1900000000;-0.2307147582
3.2000000000;-0.2253935587
3.2100000000;-0.2200447317
3.2200000000;-0.2146689330
3.2300000000;-0.2092668214
3.2400000000;-0.2038390591
3.2500000000;-0.1983863115
3.2600000000;-0.1929092468
3.2700000000;-0.1874085365
3.2800000000;-0.1818848547
3.2900000000;-0.1763388786
3.3000000000;-0.1707712879
3.3100000000;-0.1651827651
3.3200000000;-0.1595739952
3.3300000000;-0.1539456656
3.3400000000;-0.1482984663
3.3500000000;-0.1426330894
3.3600000000;-0.1369502294
3.3700000000;-0.1312505829
3.3800000000;-0.1255348485
3.3900000000;-0.1198037268
3.4000000000;-0.1140579202
3.4100000000;-0.1082981331
3.4200000000;-0.1025250714
3.4300000000;-0.0967394428
3.4400000000;-0.0909419565
3.4500000000;-0.0851333231
3.4600000000;-0.0793142545
3.4700000000;-0.0734854641
3.4800000000;-0.0676476662
3.4900000000;-0.0618015765
3.5000000000;-0.0559479115
3.5100000000;-0.0500873888
3.5200000000;-0.0442207266
3.5300000000;-0.0383486442
3.5400000000;-0.0324718612
3.5500000000;-0.0265910979
3.5600000000;-0.0207070753
3.5700000000;-0.0148205146
3.5800000000;-0.0089321372
3.5900000000;-0.0030426650
3.6000000000;0.0028471801
3.6100000000;0.0087366763
3.6200000000;0.0146251016
3.6300000000;0.0205117342
3.6400000000;0.0263958526
3.6500000000;0.0322767356
3.6600000000;0.0381536623
3.6700000000;0.0440259123
3.6800000000;0.0498927659
3.6900000000;0.0557535039
3.7000000000;0.0616074081
3.7100000000;0.0674537607
3.7200000000;0.0732918452
3.7300000000;0.0791209461
3.7400000000;0.0849403488
3.7500000000;0.0907493400
3.7600000000;0.0965472077
3.7700000000;0.1023332413
3.7800000000;0.1081067314
3.7900000000;0.1138669704
3.8000000000;0.1196132523
3.8100000000;0.1253448728
3.8200000000;0.1310611291
3.8300000000;0.1367613208
3.8400000000;0.1424447492
3.8500000000;0.1481107174
3.8600000000;0.1537585312
3.8700000000;0.1593874981
3.8800000000;0.1649969283
3.8900000000;0.1705861341
3.9000000000;0.1761544305
3.9100000000;0.1817011350
3.9200000000;0.1872255676
3.9300000000;0.1927270512
3.9400000000;0.1982049114
3.9500000000;0.2036584769
3.9600000000;0.2090870791
3.9700000000;0.2144900527
3.9800000000;0.2198667354
3.9900000000;0.2252164681
4.0000000000;0.2305385951
4.0100000000;0.2358324641
4.0200000000;0.2410974261
4.0300000000;0.2463328359
4.0400000000;0.2515380516
4.0500000000;0.2567124353
4.0600000000;0.2618553527
4.0700000000;0.2669661734
4.0800000000;0.2720442710
4.0900000000;0.2770890231
4.1000000000;0.2820998112
4.1100000000;0.2870760212
4.1200000000;0.2920170431
4.1300000000;0.2969222713
4.1400000000;0.3017911046
4.1500000000;0.3066229461
4.1600000000;0.3114172036
4.1700000000;0.3161732894
4.1800000000;0.3208906205
4.1900000000;0.3255686188
4.2000000000;0.3302067109
4.2100000000;0.3348043281
4.2200000000;0.3393609071
4.2300000000;0.3438758892
4.2400000000;0.3483487210
4.2500000000;0.3527788543
4.2600000000;0.3571657461
4.2700000000;0.3615088587
4.2800000000;0.3658076596
4.2900000000;0.3700616220
4.3000000000;0.3742702245
4.3100000000;0.3784329511
4.3200000000;0.3825492917
4.3300000000;0.3866187416
4.3400000000;0.3906408022
4.3500000000;0.3946149803
4.3600000000;0.3985407888
4.3700000000;0.4024177466
4.3800000000;0.4062453784
4.3900000000;0.4100232151
4.4000000000;0.4137507936
4.4100000000;0.4174276569
4.4200000000;0.4210533545
4.4300000000;0.4246274418
4.4400000000;0.4281494809
4.4500000000;0.4316190399
4.4600000000;0.4350356936
4.4700000000;0.4383990232
4.4800000000;0.4417086165
4.4900000000;0.4449640678
4.5000000000;0.4481649780
4.5100000000;0.4513109549
4.5200000000;0.4544016127
4.5300000000;0.4574365727
4.5400000000;0.4604154628
4.5500000000;0.4633379179
4.5600000000;0.4662035798
4.5700000000;0.4690120973
4.5800000000;0.4717631261
4.5900000000;0.4744563289
4.6000000000;0.4770913757
4.6100000000;0.4796679435
4.6200000000;0.4821857164
4.6300000000;0.4846443859
4.6400000000;0.4870436505
4.6500000000;0.4893832163
4.6600000000;0.4916627963
4.6700000000;0.4938821113
4.6800000000;0.4960408891
4.6900000000;0.4981388652
4.7000000000;0.5001757823
4.7100000000;0.5021513909
4.7200000000;0.5040654488
4.7300000000;0.5059177214
4.7400000000;0.5077079815
4.7500000000;0.5094360098
4.7600000000;0.5111015945
4.7700000000;0.5127045314
4.7800000000;0.5142446240
4.7900000000;0.5157216836
4.8000000000;0.5171355291
4.8100000000;0.5184859872
4.8200000000;0.5197728923
4.8300000000;0.5209960868
4.8400000000;0.5221554207
4.8500000000;0.5232507519
4.8600000000;0.5242819461
4.8700000000;0.5252488769
4.8800000000;0.5261514259
4.8900000000;0.5269894824
4.9000000000;0.5277629436
4.9100000000;0.5284717148
4.9200000000;0.5291157090
4.9300000000;0.5296948474
4.9400000000;0.5302090590
4.9500000000;0.5306582807
4.9600000000;0.5310424574
4.9700000000;0.5313615421
4.9800000000;0.5316154957
4.9900000000;0.5318042870
5.0000000000;0.5319278930
5.0100000000;0.5319862983
5.0200000000;0.5319794960
5.0300000000;0.5319074867
5.0400000000;0.5317702794
5.0500000000;0.5315678909
5.0600000000;0.5313003459
5.0700000000;0.5309676773
5.0800000000;0.5305699259
5.0900000000;0.5301071403
5.1000000000;0.5295793774
5.1100000000;0.5289867017
5.1200000000;0.5283291861
5.1300000000;0.5276069109
5.1400000000;0.5268199649
5.1500000000;0.5259684444
5.1600000000;0.5250524538
5.1700000000;0.5240721054
5.1800000000;0.5230275194
5.1900000000;0.5219188238
5.2000000000;0.5207461544
5.2100000000;0.5195096551
5.2200000000;0.5182094774
5.2300000000;0.5168457807
5.2400000000;0.5154187320
5.2500000000;0.5139285065
5.2600000000;0.5123752866
5.2700000000;0.5107592628
5.2800000000;0.5090806331
5.2900000000;0.5073396034
5.3000000000;0.5055363871
5.3100000000;0.5036712050
5.3200000000;0.5017442860
5.3300000000;0.4997558661
5.3400000000;0.4977061892
5.3500000000;0.4955955063
5.3600000000;0.4934240763
5.3700000000;0.4911921654
5.3800000000;0.4889000470
5.3900000000;0.4865480021
5.4000000000;0.4841363191
5.4100000000;0.4816652935
5.4200000000;0.4791352283
5.4300000000;0.4765464336
5.4400000000;0.4738992266
5.4500000000;0.4711939318
5.4600000000;0.4684308809
5.4700000000;0.4656104125
5.4800000000;0.4627328724
5.4900000000;0.4597986133
5.5000000000;0.4568079947
5.5100000000;0.4537613834
5.5200000000;0.4506591526
5.5300000000;0.4475016828
5.5400000000;0.4442893609
5.5500000000;0.4410225806
5.5600000000;0.4377017424
5.5700000000;0.4343272533
5.5800000000;0.4308995270
5.5900000000;0.4274189835
5.6000000000;0.4238860496
5.6100000000;0.4203011583
5.6200000000;0.4166647489
5.6300000000;0.4129772673
5.6400000000;0.4092391653
5.6500000000;0.4054509013
5.6600000000;0.4016129395
5.6700000000;0.3977257504
5.6800000000;0.3937898104
5.6900000000;0.3898056020
5.7000000000;0.3857736135
5.7100000000;0.3816943393
5.7200000000;0.3775682792
5.7300000000;0.3733959390
5.7400000000;0.3691778301
5.7500000000;0.3649144697
5.7600000000;0.3606063802
5.7700000000;0.3562540897
5.7800000000;0.3518581317
5.7900000000;0.3474190451
5.8000000000;0.3429373738
5.8100000000;0.3384136674
5.8200000000;0.3338484802
5.8300000000;0.3292423718
5.8400000000;0.3245959069
5.8500000000;0.3199096550
5.8600000000;0.3151841904
5.8700000000;0.3104200924
5.8800000000;0.3056179450
5.8900000000;0.3007783367
5.9000000000;0.2959018609
5.9100000000;0.2909891151
5.9200000000;0.2860407016
5.9300000000;0.2810572270
5.9400000000;0.2760393020
5.9500000000;0.2709875418
5.9600000000;0.2659025655
5.9700000000;0.2607849965
5.9800000000;0.2556354620
5.9900000000;0.2504545932
6.0000000000;0.2452430252
6.0100000000;0.2400013967
6.0200000000;0.2347303504
6.0300000000;0.2294305321
6.0400000000;0.2241025917
6.0500000000;0.2187471821
6.0600000000;0.2133649597
6.0700000000;0.2079565843
6.0800000000;0.2025227189
6.0900000000;0.1970640294
6.1000000000;0.1915811850
6.1100000000;0.1860748577
6.1200000000;0.1805457225
6.1300000000;0.1749944570
6.1400000000;0.1694217418
6.1500000000;0.1638282598
6.1600000000;0.1582146968
6.1700000000;0.1525817407
6.1800000000;0.1469300821
6.1900000000;0.1412604137
6.2000000000;0.1355734304
6.2100000000;0.1298698293
6.2200000000;0.1241503096
6.2300000000;0.1184155722
6.2400000000;0.1126663202
6.2500000000;0.1069032582
6.2600000000;0.1011270926
6.2700000000;0.0953385315
6.2800000000;0.0895382843
6.2900000000;0.0837270621
6.3000000000;0.0779055771
6.3100000000;0.0720745429
6.3200000000;0.0662346742
6.3300000000;0.0603866869
6.3400000000;0.0545312978
6.3500000000;0.0486692245
6.3600000000;0.0428011856
6.3700000000;0.0369279005
6.3800000000;0.0310500889
6.3900000000;0.0251684714
6.4000000000;0.0192837688
6.4100000000;0.0133967026
6.4200000000;0.0075079943
6.4300000000;0.0016183658
6.4400000000;-0.0042714612
6.4500000000;-0.0101607646
6.4600000000;-0.0160488225
6.4700000000;-0.0219349133
6.4800000000;-0.0278183154
6.4900000000;-0.0336983077
6.5000000000;-0.0395741694
6.5100000000;-0.0454451804
6.5200000000;-0.0513106210
6.5300000000;-0.0571697723
6.5400000000;-0.0630219160
6.5500000000;-0.0688663349
6.5600000000;-0.0747023125
6.5700000000;-0.0805291336
6.5800000000;-0.0863460839
6.5900000000;-0.0921524504
6.6000000000;-0.0979475214
6.6100000000;-0.1037305866
6.6200000000;-0.1095009371
6.6300000000;-0.1152578657
6.6400000000;-0.1210006666
6.6500000000;-0.1267286359
6.6600000000;-0.1324410717
6.6700000000;-0.1381372735
6.6800000000;-0.1438165434
6.6900000000;-0.1494781851
6.7000000000;-0.1551215046
6.7100000000;-0.1607458102
6.7200000000;-0.1663504126
6.7300000000;-0.1719346247
6.7400000000;-0.1774977622
6.7500000000;-0.1830391429
6.7600000000;-0.1885580879
6.7700000000;-0.1940539205
6.7800000000;-0.1995259671
6.7900000000;-0.2049735571
6.8000000000;-0.2103960226
6.8100000000;-0.2157926990
6.8200000000;-0.2211629248
6.8300000000;-0.2265060418
6.8400000000;-0.2318213950
6.8500000000;-0.2371083329
6.8600000000;-0.2423662075
6.8700000000;-0.2475943743
6.8800000000;-0.2527921925
6.8900000000;-0.2579590248
6.9000000000;-0.2630942381
6.9100000000;-0.2681972029
6.9200000000;-0.2732672937
6.9300000000;-0.2783038890
6.9400000000;-0.2833063714
6.9500000000;-0.2882741278
6.9600000000;-0.2932065493
6.9700000000;-0.2981030313
6.9800000000;-0.3029629736
6.9900000000;-0.3077806509
7.0000000000;-0.3125040976
7.0100000000;-0.3171267410
7.0200000000;-0.3216470898
7.0300000000;-0.3260636861
7.0400000000;-0.3303751050
7.0500000000;-0.3345799560
7.0600000000;-0.3386768827
7.0700000000;-0.3426645634
7.0800000000;-0.3465417121
7.0900000000;-0.3503070779
7.1000000000;-0.3539594464
7.1100000000;-0.3574976393
7.1200000000;-0.3609205155
7.1300000000;-0.3642269707
7.1400000000;-0.3674159385
7.1500000000;-0.3704863901
7.1600000000;-0.3734373352
7.1700000000;-0.3762678219
7.1800000000;-0.3789769371
7.1900000000;-0.3815638071
7.2000000000;-0.3840275972
7.2100000000;-0.3863675129
7.2200000000;-0.3885827993
7.2300000000;-0.3906727419
7.2400000000;-0.3926366664
7.2500000000;-0.3944739395
7.2600000000;-0.3961839685
7.2700000000;-0.3977662017
7.2800000000;-0.3992201288
7.2900000000;-0.4005452808
7.3000000000;-0.4017412303
7.3100000000;-0.4028075915
7.3200000000;-0.4037440204
7.3300000000;-0.4045502149
7.3400000000;-0.4052259150
7.3500000000;-0.4057709028
7.3600000000;-0.4061850024
7.3700000000;-0.4064680803
7.3800000000;-0.4066200452
7.3900000000;-0.4066408480
7.4000000000;-0.4065304820
7.4100000000;-0.4062889828
7.4200000000;-0.4059164284
7.4300000000;-0.4054129389
7.4400000000;-0.4047786767
7.4500000000;-0.4040138464
7.4600000000;-0.4031186947
7.4700000000;-0.4020935104
7.4800000000;-0.4009386241
7.4900000000;-0.3996544085
7.5000000000;-0.3982412776
7.5100000000;-0.3966996874
7.5200000000;-0.3950301351
7.5300000000;-0.3932331592
7.5400000000;-0.3913093395
7.5500000000;-0.3892592964
7.5600000000;-0.3870836913
7.5700000000;-0.3847832259
7.5800000000;-0.3823586423
7.5900000000;-0.3798107225
7.6000000000;-0.3771402884
7.6100000000;-0.3743482015
7.6200000000;-0.3714353623
7.6300000000;-0.3684027105
7.6400000000;-0.3652512243
7.6500000000;-0.3619819202
7.6600000000;-0.3585958528
7.6700000000;-0.3550941144
7.6800000000;-0.3514778344
7.6900000000;-0.3477481795
7.7000000000;-0.3439063525
7.7100000000;-0.3399535929
7.7200000000;-0.3358911756
7.7300000000;-0.3317204109
7.7400000000;-0.3274426444
7.7500000000;-0.3230592558
7.7600000000;-0.3185716590
7.7700000000;-0.3139813016
7.7800000000;-0.3092896644
7.7900000000;-0.3044982606
7.8000000000;-0.2996086359
7.8100000000;-0.2946223674
7.8200000000;-0.2895410636
7.8300000000;-0.2843663635
7.8400000000;-0.2790999362
7.8500000000;-0.2737434807
7.8600000000;-0.2682987246
7.8700000000;-0.2627674243
7.8800000000;-0.2571513641
7.8900000000;-0.2514523553
7.9000000000;-0.2456722365
7.9100000000;-0.2398128719
7.9200000000;-0.2338761517
7.9300000000;-0.2278639909
7.9400000000;-0.2217783288
7.9500000000;-0.2156211284
7.9600000000;-0.2093943758
7.9700000000;-0.2031000795
7.9800000000;-0.1967402700
7.9900000000;-0.1903169986
8.0000000000;-0.1838323373
8.0100000000;-0.1772883778
8.0200000000;-0.1706872310
8.0300000000;-0.1640310262
8.0400000000;-0.1573219105
8.0500000000;-0.1505620479
8.0600000000;-0.1437536191
8.0700000000;-0.1368988201
8.0800000000;-0.1299998622
8.0900000000;-0.1230589706
8.1000000000;-0.1160783843
8.1100000000;-0.1090603550
8.1200000000;-0.1020071465
8.1300000000;-0.0949210339
8.1400000000;-0.0878043029
8.1500000000;-0.0806592492
8.1600000000;-0.0734881775
8.1700000000;-0.0662934009
8.1800000000;-0.0590772403
8.1900000000;-0.0518420234
8.2000000000;-0.0445900840
8.2100000000;-0.0373237613
8.2200000000;-0.0300453992
8.2300000000;-0.0227573454
8.2400000000;-0.0154619509
8.2500000000;-0.0081615689
8.2600000000;-0.0008585542
8.2700000000;0.0064447374
8.2800000000;0.0137459501
8.2900000000;0.0210427289
8.3000000000;0.0283327200
8.3100000000;0.0356135719
8.3200000000;0.0428829360
8.3300000000;0.0501384676
8.3400000000;0.0573778261
8.3500000000;0.0645986765
8.3600000000;0.0717986895
8.3700000000;0.0789755426
8.3800000000;0.0861269209
8.3900000000;0.0932505175
8.4000000000;0.1003440346
8.4100000000;0.1074051840
8.4200000000;0.1144316881
8.4300000000;0.1214212804
8.4400000000;0.1283717062
8.4500000000;0.1352807236
8.4600000000;0.1421461039
8.4700000000;0.1489656327
8.4800000000;0.1557371101
8.4900000000;0.1624583519
8.5000000000;0.1691271901
8.5100000000;0.1757414735
8.5200000000;0.1822990685
8.5300000000;0.1887978600
8.5400000000;0.1952357515
8.5500000000;0.2016106666
8.5600000000;0.2079205487
8.5700000000;0.2141633626
8.5800000000;0.2203370946
8.5900000000;0.2264397532
8.6000000000;0.2324693698
8.6100000000;0.2384239996
8.6200000000;0.2443017218
8.6300000000;0.2501006404
8.6400000000;0.2558188848
8.6500000000;0.2614546107
8.6600000000;0.2670060000
8.6700000000;0.2724712620
8.6800000000;0.2778486340
8.6900000000;0.2831363812
8.7000000000;0.2883327981
8.7100000000;0.2934362084
8.7200000000;0.2984449661
8.7300000000;0.3033574553
8.7400000000;0.3081720915
8.7500000000;0.3128873217
8.7600000000;0.3175016249
8.7700000000;0.3220135127
8.7800000000;0.3264215296
8.7900000000;0.3307242539
8.8000000000;0.3349202975
8.8100000000;0.3390083070
8.8200000000;0.3429869638
8.8300000000;0.3468549844
8.8400000000;0.3506111212
8.8500000000;0.3542541625
8.8600000000;0.3577829333
8.8700000000;0.3611962952
8.8800000000;0.3644931472
8.8900000000;0.3676724259
8.9000000000;0.3707331058
8.9100000000;0.3736741995
8.9200000000;0.3764947584
8.9300000000;0.3791938727
8.9400000000;0.3817706716
8.9500000000;0.3842243241
8.9600000000;0.3865540386
8.9700000000;0.3887590637
8.9800000000;0.3908386881
8.9900000000;0.3927922410
9.0000000000;0.3946190922
9.0100000000;0.3963186525
9.0200000000;0.3978903736
9.0300000000;0.3993337485
9.0400000000;0.4006483117
9.0500000000;0.4018336391
9.0600000000;0.4028893484
9.0700000000;0.4038150990
9.0800000000;0.4046105923
9.0900000000;0.4052755718
9.1000000000;0.4058098229
9.1100000000;0.4062131733
9.1200000000;0.4064854928
9.1300000000;0.4066266938
9.1400000000;0.4066367305
9.1500000000;0.4065155997
9.1600000000;0.4062633406
9.1700000000;0.4058800345
9.1800000000;0.4053658051
9.1900000000;0.4047208181
9.2000000000;0.4039452818
9.2100000000;0.4030394461
9.2200000000;0.4020036034
9.2300000000;0.4008380878
9.2400000000;0.3995432751
9.2500000000;0.3981195831
9.2600000000;0.3965674710
9.2700000000;0.3948874395
9.2800000000;0.3930800305
9.2900000000;0.3911458270
9.3000000000;0.3890854529
9.3100000000;0.3868995728
9.3200000000;0.3845888918
9.3300000000;0.3821541552
9.3400000000;0.3795961485
9.3500000000;0.3769156968
9.3600000000;0.3741136646
9.3700000000;0.3711909558
9.3800000000;0.3681485132
9.3900000000;0.3649873182
9.4000000000;0.3617083904
9.4100000000;0.3583127876
9.4200000000;0.3548016050
9.4300000000;0.3511759753
9.4400000000;0.3474370679
9.4500000000;0.3435860890
9.4600000000;0.3396242806
9.4700000000;0.3355529207
9.4800000000;0.3313733227
9.4900000000;0.3270868347
9.5000000000;0.3226948394
9.5100000000;0.3181987536
9.5200000000;0.3136000274
9.5300000000;0.3089001443
9.5400000000;0.3041006203
9.5500000000;0.2992030036
9.5600000000;0.2942088740
9.5700000000;0.2891198425
9.5800000000;0.2839375505
9.5900000000;0.2786636698
9.6000000000;0.2732999014
9.6100000000;0.2678479757
9.6200000000;0.2623096511
9.6300000000;0.2566867141
9.6400000000;0.2509809786
9.6500000000;0.2451942850
9.6600000000;0.2393284999
9.6700000000;0.2333855155
9.6800000000;0.2273672486
9.6900000000;0.2212756407
9.7000000000;0.2151126566
9.7100000000;0.2088802843
9.7200000000;0.2025805343
9.7300000000;0.1962154385
9.7400000000;0.1897870502
9.7500000000;0.1832974428
9.7600000000;0.1767487099
9.7700000000;0.1701429637
9.7800000000;0.1634823351
9.7900000000;0.1567689725
9.8000000000;0.1500050415
9.8100000000;0.1431927239
9.8200000000;0.1363342171
9.8300000000;0.1294317334
9.8400000000;0.1224874993
9.8500000000;0.1155037549
9.8600000000;0.1084827528
9.8700000000;0.1014267578
9.8800000000;0.0943380459
9.8900000000;0.0872189037
9.9000000000;0.0800716276
9.9100000000;0.0728985231
9.9200000000;0.0657019039
9.9300000000;0.0584840915
9.9400000000;0.0512474141
9.9500000000;0.0439942059
9.9600000000;0.0367268067
9.9700000000;0.0294475607
9.9800000000;0.0221588159
9.9900000000;0.0148629233
10.0000000000;0.0075622365
