0.0000000000;0.0000000000
0.0100000000;0.0171904566
0.0200000000;0.0343552235
0.0300000000;0.0514686494
0.0400000000;0.0685051596
0.0500000000;0.0854392945
0.0600000000;0.1022457475
0.0700000000;0.1188994027
0.0800000000;0.1353753726
0.0900000000;0.1516490352
0.1000000000;0.1676960709
0.1100000000;0.1834924987
0.1200000000;0.1990147121
0.1300000000;0.2142395146
0.1400000000;0.2291441539
0.1500000000;0.2437063562
0.1600000000;0.2579043595
0.1700000000;0.2717169461
0.1800000000;0.2851234743
0.1900000000;0.2981039091
0.2000000000;0.3106388523
0.2100000000;0.3227095714
0.2200000000;0.3342980278
0.2300000000;0.3453869035
0.2400000000;0.3559596271
0.2500000000;0.3660003986
0.2600000000;0.3754942127
0.2700000000;0.3844268819
0.2800000000;0.3927850569
0.2900000000;0.4005562472
0.3000000000;0.4077288394
0.3100000000;0.4142921146
0.3200000000;0.4202362646
0.3300000000;0.4255524062
0.3400000000;0.4302325951
0.3500000000;0.4342698370
0.3600000000;0.4376580986
0.3700000000;0.4403923164
0.3800000000;0.4424684044
0.3900000000;0.4438832600
0.4000000000;0.4446347689
0.4100000000;0.4447218079
0.4200000000;0.4441442471
0.4300000000;0.4429029494
0.4400000000;0.4409997700
0.4500000000;0.4384375530
0.4600000000;0.4352201273
0.4700000000;0.4313523013
0.4800000000;0.4268398549
0.4900000000;0.4216895318
0.5000000000;0.4159090286
0.5100000000;0.4095069838
0.5200000000;0.4024929647
0.5300000000;0.3948774533
0.5400000000;0.3866718302
0.5500000000;0.3778883581
0.5600000000;0.3685401631
0.5700000000;0.3586412154
0.5800000000;0.3482063081
0.5900000000;0.3372510354
0.6000000000;0.3257917689
0.6100000000;0.3138456336
0.6200000000;0.3014304820
0.6300000000;0.2885648675
0.6400000000;0.2752680167
0.6500000000;0.2615598007
0.6600000000;0.2474607052
0.6700000000;0.2329918003
0.6800000000;0.2181747083
0.6900000000;0.2030315724
0.7000000000;0.1875850225
0.7100000000;0.1718581424
0.7200000000;0.1558744346
0.7300000000;0.1396577853
0.7400000000;0.1232324290
0.7500000000;0.1066229120
0.7600000000;0.0898540560
0.7700000000;0.0729509205
0.7800000000;0.0559387659
0.7900000000;0.0388430155
0.8000000000;0.0216892174
0.8100000000;0.0045030065
0.8200000000;-0.0126899337
0.8300000000;-0.0298639099
0.8400000000;-0.0469932569
0.8500000000;-0.0640523764
0.8600000000;-0.0810157750
0.8700000000;-0.0978581021
0.8800000000;-0.1145541885
0.8900000000;-0.1310790831
0.9000000000;-0.1474080908
0.9100000000;-0.1635168094
0.9200000000;-0.1793811657
0.9300000000;-0.1949774516
0.9400000000;-0.2102823600
0.9500000000;-0.2252730187
0.9600000000;-0.2399270256
0.9700000000;-0.2542224814
0.9800000000;-0.2681380228
0.9900000000;-0.2816528542
1.0000000000;-0.2947467786
1.0100000000;-0.3074002285
1.0200000000;-0.3195942941
1.0300000000;-0.3313107526
1.0400000000;-0.3425320946
1.0500000000;-0.3532415507
1.0600000000;-0.3634231166
1.0700000000;-0.3730615768
1.0800000000;-0.3821425274
1.0900000000;-0.3906523976
1.1000000000;-0.3985784701
1.1100000000;-0.4059089002
1.1200000000;-0.4126327330
1.1300000000;-0.4187399204
1.1400000000;-0.4242213357
1.1500000000;-0.4290687873
1.1600000000;-0.4332750312
1.1700000000;-0.4368337814
1.1800000000;-0.4397397198
1.1900000000;-0.4419885036
1.2000000000;-0.4435767721
1.2100000000;-0.4445021519
1.2200000000;-0.4447632601
1.2300000000;-0.4443597065
1.2400000000;-0.4432920940
1.2500000000;-0.4415620183
1.2600000000;-0.4391720647
1.2700000000;-0.4361258048
1.2800000000;-0.4324277911
1.2900000000;-0.4280835498
1.3000000000;-0.4230995731
1.3100000000;-0.4174833092
1.3200000000;-0.4112431511
1.3300000000;-0.4043884241
1.3400000000;-0.3969293722
1.3500000000;-0.3888771421
1.3600000000;-0.3802437675
1.3700000000;-0.3710421500
1.3800000000;-0.3612860407
1.3900000000;-0.3509900194
1.4000000000;-0.3401694726
1.4100000000;-0.3288405706
1.4200000000;-0.3170202437
1.4300000000;-0.3047261563
1.4400000000;-0.2919766809
1.4500000000;-0.2787908706
1.4600000000;-0.2651884304
1.4700000000;-0.2511896880
1.4800000000;-0.2368155635
1.4900000000;-0.2220875377
1.5000000000;-0.2070276205
1.5100000000;-0.1916583177
1.5200000000;-0.1760025974
1.5300000000;-0.1600838558
1.5400000000;-0.1439258821
1.5500000000;-0.1275528232
1.5600000000;-0.1109891471
1.5700000000;-0.0942596069
1.5800000000;-0.0773892035
1.5900000000;-0.0604031484
1.6000000000;-0.0433268258
1.6100000000;-0.0261857548
1.6200000000;-0.0090055514
1.6300000000;0.0081881100
1.6400000000;0.0253695351
1.6500000000;0.0425130474
1.6600000000;0.0595930275
1.6700000000;0.0765839508
1.6800000000;0.0934604257
1.6900000000;0.1101972317
1.7000000000;0.1267693571
1.7100000000;0.1431520362
1.7200000000;0.1593207864
1.7300000000;0.1752514450
1.7400000000;0.1909202047
1.7500000000;0.2063036500
1.7600000000;0.2213787917
1.7700000000;0.2361231010
1.7800000000;0.2505145439
1.7900000000;0.2645316136
1.8000000000;0.2781533628
1.8100000000;0.2913594347
1.8200000000;0.3041300942
1.8300000000;0.3164462564
1.8400000000;0.3282895158
1.8500000000;0.3396421738
1.8600000000;0.3504872648
1.8700000000;0.3608085815
1.8800000000;0.3705906997
1.8900000000;0.3798190008
1.9000000000;0.3884796938
1.9100000000;0.3965598362
1.9200000000;0.4040473527
1.9300000000;0.4109310539
1.9400000000;0.4172006527
1.9500000000;0.4228467797
1.9600000000;0.4278609973
1.9700000000;0.4322358120
1.9800000000;0.4359646860
1.9900000000;0.4390420470
2.0000000000;0.4414632961
2.0100000000;0.4432248147
2.0200000000;0.4443239707
2.0300000000;0.4447591212
2.0400000000;0.4445296161
2.0500000000;0.4436357984
2.0600000000;0.4420790036
2.0700000000;0.4398615585
2.0800000000;0.4369867766
2.0900000000;0.4334589542
2.1000000000;0.4292833634
2.1100000000;0.4244662441
2.1200000000;0.4190147952
2.1300000000;0.4129371633
2.1400000000;0.4062424311
2.1500000000;0.3989406033
2.1600000000;0.3910425917
2.1700000000;0.3825601994
2.1800000000;0.3735061026
2.1900000000;0.3638938318
2.2000000000;0.3537377519
2.2100000000;0.3430530402
2.2200000000;0.3318556641
2.2300000000;0.3201623573
2.2400000000;0.3079905943
2.2500000000;0.2953585649
2.2600000000;0.2822851466
2.2700000000;0.2687898765
2.2800000000;0.2548929223
2.2900000000;0.2406150516
2.3000000000;0.2259776017
2.3100000000;0.2110024470
2.3200000000;0.1957119667
2.3300000000;0.1801290110
2.3400000000;0.1642768674
2.3500000000;0.1481792257
2.3600000000;0.1318601423
2.3700000000;0.1153440050
2.3800000000;0.0986554955
2.3900000000;0.0818195536
2.4000000000;0.0648613392
2.4100000000;0.0478061948
2.4200000000;0.0306796081
2.4300000000;0.0135071732
2.4400000000;-0.0036854470
2.4500000000;-0.0208725597
2.4600000000;-0.0380284800
2.4700000000;-0.0551275699
2.4800000000;-0.0721442762
2.4900000000;-0.0890531689
2.5000000000;-0.1058289790
2.5100000000;-0.1224466365
2.5200000000;-0.1388813076
2.5300000000;-0.1551084320
2.5400000000;-0.1711037598
2.5500000000;-0.1868433872
2.5600000000;-0.2023037927
2.5700000000;-0.2174618718
2.5800000000;-0.2322949723
2.5900000000;-0.2467809271
2.6000000000;-0.2608980883
2.6100000000;-0.2746253589
2.6200000000;-0.2879422246
2.6300000000;-0.3008287846
2.6400000000;-0.3132657808
2.6500000000;-0.3252346273
2.6600000000;-0.3367174376
2.6700000000;-0.3476970516
2.6800000000;-0.3581570611
2.6900000000;-0.3680818346
2.7000000000;-0.3774565403
2.7100000000;-0.3862671685
2.7200000000;-0.3945005523
2.7300000000;-0.4021443878
2.7400000000;-0.4091872518
2.7500000000;-0.4156186193
2.7600000000;-0.4214288793
2.7700000000;-0.4266093487
2.7800000000;-0.4311522858
2.7900000000;-0.4350509015
2.8000000000;-0.4382993697
2.8100000000;-0.4408928357
2.8200000000;-0.4428274240
2.8300000000;-0.4441002434
2.8400000000;-0.4447093917
2.8500000000;-0.4446539587
2.8600000000;-0.4439340272
2.8700000000;-0.4425506730
2.8800000000;-0.4405059636
2.8900000000;-0.4378029545
2.9000000000;-0.4344456851
2.9100000000;-0.4304391727
2.9200000000;-0.4257894045
2.9300000000;-0.4205033294
2.9400000000;-0.4145888469
2.9500000000;-0.4080547957
2.9600000000;-0.4009109404
2.9700000000;-0.3931679569
2.9800000000;-0.3848374165
2.9900000000;-0.3759317684
3.0000000000;-0.3664704286
3.0100000000;-0.3565284412
3.0200000000;-0.3461249408
3.0300000000;-0.3352733942
3.0400000000;-0.3239878484
3.0500000000;-0.3122829121
3.0600000000;-0.3001737369
3.0700000000;-0.2876759977
3.0800000000;-0.2748058724
3.0900000000;-0.2615800209
3.1000000000;-0.2480155636
3.1100000000;-0.2341300592
3.1200000000;-0.2199414819
3.1300000000;-0.2054681984
3.1400000000;-0.1907289437
3.1500000000;-0.1757427974
3.1600000000;-0.1605291584
3.1700000000;-0.1451077202
3.1800000000;-0.1294984454
3.1900000000;-0.1137215396
3.2000000000;-0.0977974253
3.2100000000;-0.0817467159
3.2200000000;-0.0655901883
3.2300000000;-0.0493487566
3.2400000000;-0.0330434447
3.2500000000;-0.0166953592
3.2600000000;-0.0003256623
3.2700000000;0.0160444562
3.2800000000;0.0323938058
3.2900000000;0.0487012227
3.3000000000;0.0649455977
3.3100000000;0.0811059030
3.3200000000;0.0971612196
3.3300000000;0.1130907646
3.3400000000;0.1288739177
3.3500000000;0.1444902482
3.3600000000;0.1599195413
3.3700000000;0.1751418244
3.3800000000;0.1901373927
3.3900000000;0.2048868351
3.4000000000;0.2193710590
3.4100000000;0.2335713150
3.4200000000;0.2474692214
3.4300000000;0.2610467880
3.4400000000;0.2742864389
3.4500000000;0.2871710360
3.4600000000;0.2996839007
3.4700000000;0.3118088355
3.4800000000;0.3235301450
3.4900000000;0.3348326566
3.5000000000;0.3457017394
3.5100000000;0.3561233239
3.5200000000;0.3660839198
3.5300000000;0.3755706333
3.5400000000;0.3845711843
3.5500000000;0.3930739218
3.5600000000;0.4010678395
3.5700000000;0.4085425895
3.5800000000;0.4154884959
3.5900000000;0.4218965675
3.6000000000;0.4277585094
3.6100000000;0.4330667335
3.6200000000;0.4378143684
3.6300000000;0.4419952686
3.6400000000;0.4456040219
3.6500000000;0.4486359571
3.6600000000;0.4510871493
3.6700000000;0.4529544256
3.6800000000;0.4542353689
3.6900000000;0.4549283210
3.7000000000;0.4550323850
3.7100000000;0.4545474260
3.7200000000;0.4534740720
3.7300000000;0.4518137122
3.7400000000;0.4495684961
3.7500000000;0.4467413298
3.7600000000;0.4433358732
3.7700000000;0.4393565344
3.7800000000;0.4348084646
3.7900000000;0.4296975510
3.8000000000;0.4240304095
3.8100000000;0.4178143761
3.8200000000;0.4110574972
3.8300000000;0.4037685193
3.8400000000;0.3959568777
3.8500000000;0.3876326844
3.8600000000;0.3788067146
3.8700000000;0.3694903934
3.8800000000;0.3596957802
3.8900000000;0.3494355540
3.9000000000;0.3387229961
3.9100000000;0.3275719736
3.9200000000;0.3159969212
3.9300000000;0.3040128222
3.9400000000;0.2916351896
3.9500000000;0.2788800459
3.9600000000;0.2657639022
3.9700000000;0.2523037367
3.9800000000;0.2385169732
3.9900000000;0.2244214582
4.0000000000;0.2100354377
4.0100000000;0.1953775340
4.0200000000;0.1804667212
4.0300000000;0.1653223008
4.0400000000;0.1499638767
4.0500000000;0.1344113298
4.0600000000;0.1186847923
4.0700000000;0.1028046217
4.0800000000;0.0867913742
4.0900000000;0.0706657785
4.1000000000;0.0544487085
4.1100000000;0.0381611566
4.1200000000;0.0218242064
4.1300000000;0.0054590057
4.1400000000;-0.0109132616
4.1500000000;-0.0272714020
4.1600000000;-0.0435942406
4.1700000000;-0.0598606480
4.1800000000;-0.0760495680
4.1900000000;-0.0921400446
4.2000000000;-0.1081112493
4.2100000000;-0.1239425079
4.2200000000;-0.1396133274
4.2300000000;-0.1551034226
4.2400000000;-0.1703927420
4.2500000000;-0.1854614942
4.2600000000;-0.2002901732
4.2700000000;-0.2148595839
4.2800000000;-0.2291508667
4.2900000000;-0.2431455220
4.3000000000;-0.2568254342
4.3100000000;-0.2701728953
4.3200000000;-0.2831706274
4.3300000000;-0.2958018054
4.3400000000;-0.3080500788
4.3500000000;-0.3198995925
4.3600000000;-0.3313350078
4.3700000000;-0.3423415220
4.3800000000;-0.3529048876
4.3900000000;-0.3630114306
4.4000000000;-0.3726480685
4.4100000000;-0.3818023271
4.4200000000;-0.3904623564
4.4300000000;-0.3986169464
4.4400000000;-0.4062555412
4.4500000000;-0.4133682531
4.4600000000;-0.4199458747
4.4700000000;-0.4259798917
4.4800000000;-0.4314624933
4.4900000000;-0.4363865823
4.5000000000;-0.4407457847
4.5100000000;-0.4445344578
4.5200000000;-0.4477476972
4.5300000000;-0.4503813434
4.5400000000;-0.4524319874
4.5500000000;-0.4538969747
4.5600000000;-0.4547744088
4.5700000000;-0.4550631539
4.5800000000;-0.4547628364
4.5900000000;-0.4538738449
4.6000000000;-0.4523973303
4.6100000000;-0.4503352037
4.6200000000;-0.4476901346
4.6300000000;-0.4444655469
4.6400000000;-0.4406656147
4.6500000000;-0.4362952569
4.6600000000;-0.4313601308
4.6700000000;-0.4258666246
4.6800000000;-0.4198218496
4.6900000000;-0.4132336305
4.7000000000;-0.4061104954
4.7100000000;-0.3984616651
4.7200000000;-0.3902970407
4.7300000000;-0.3816271909
4.7400000000;-0.3724633387
4.7500000000;-0.3628173461
4.7600000000;-0.3527016998
4.7700000000;-0.3421294938
4.7800000000;-0.3311144137
4.7900000000;-0.3196707181
4.8000000000;-0.3078132203
4.8100000000;-0.2955572695
4.8200000000;-0.2829187305
4.8300000000;-0.2699139636
4.8400000000;-0.2565598028
4.8500000000;-0.2428735347
4.8600000000;-0.2288728757
4.8700000000;-0.2145759490
4.8800000000;-0.2000012616
4.8900000000;-0.1851676798
4.9000000000;-0.1700944052
4.9100000000;-0.1548009495
4.9200000000;-0.1393071097
4.9300000000;-0.1236329419
4.9400000000;-0.1077987357
4.9500000000;-0.0918249880
4.9600000000;-0.0757323762
4.9700000000;-0.0595417315
4.9800000000;-0.0432740123
4.9900000000;-0.0269502764
5.0000000000;-0.0105916544
5.0100000000;0.0057806781
5.0200000000;0.0221455278
5.0300000000;0.0384817109
5.0400000000;0.0547680808
5.0500000000;0.0709835554
5.0600000000;0.0871071444
5.0700000000;0.1031179763
5.0800000000;0.1189953258
5.0900000000;0.1347186402
5.1000000000;0.1502675662
5.1100000000;0.1656219762
5.1200000000;0.1807619947
5.1300000000;0.1956680233
5.1400000000;0.2103207668
5.1500000000;0.2247012577
5.1600000000;0.2387908810
5.1700000000;0.2525713982
5.1800000000;0.2660249709
5.1900000000;0.2791341839
5.2000000000;0.2918820679
5.2100000000;0.3042521212
5.2200000000;0.3162283312
5.2300000000;0.3277951951
5.2400000000;0.3389377400
5.2500000000;0.3496415423
5.2600000000;0.3598927464
5.2700000000;0.3696780824
5.2800000000;0.3789848836
5.2900000000;0.3878011027
5.3000000000;0.3961153273
5.3100000000;0.4039167950
5.3200000000;0.4111954071
5.3300000000;0.4179417417
5.3400000000;0.4241470660
5.3500000000;0.4298033473
5.3600000000;0.4349032637
5.3700000000;0.4394402138
5.3800000000;0.4434083244
5.3900000000;0.4468024591
5.4000000000;0.4496182243
5.4100000000;0.4518519750
5.4200000000;0.4535008198
5.4300000000;0.4545626242
5.4400000000;0.4550360139
5.4500000000;0.4549203760
5.4600000000;0.4542158602
5.4700000000;0.4529233785
5.4800000000;0.4510446039
5.4900000000;0.4485819685
5.5000000000;0.4455386601
5.5100000000;0.4419186181
5.5200000000;0.4377265285
5.5300000000;0.4329678178
5.5400000000;0.4276486461
5.5500000000;0.4217758987
5.5600000000;0.4153571777
5.5700000000;0.4084007920
5.5800000000;0.4009157463
5.5900000000;0.3929117298
5.6000000000;0.3843991033
5.6100000000;0.3753888861
5.6200000000;0.3658927417
5.6300000000;0.3559229625
5.6400000000;0.3454924539
5.6500000000;0.3346147179
5.6600000000;0.3233038353
5.6700000000;0.3115744477
5.6800000000;0.2994417382
5.6900000000;0.2869214123
5.7000000000;0.2740296771
5.7100000000;0.2607832205
5.7200000000;0.2471991894
5.7300000000;0.2332951680
5.7400000000;0.2190891545
5.7500000000;0.2045995380
5.7600000000;0.1898450749
5.7700000000;0.1748448642
5.7800000000;0.1596183232
5.7900000000;0.1441851621
5.8000000000;0.1285653585
5.8100000000;0.1127791318
5.8200000000;0.0968469165
5.8300000000;0.0807893365
5.8400000000;0.0646271776
5.8500000000;0.0483813612
5.8600000000;0.0320729168
5.8700000000;0.0157229553
5.8800000000;-0.0006473591
5.8900000000;-0.0170168355
5.9000000000;-0.0333642842
5.9100000000;-0.0496685440
5.9200000000;-0.0659085097
5.9300000000;-0.0820631593
5.9400000000;-0.0981115811
5.9500000000;-0.1140330010
5.9600000000;-0.1298068093
5.9700000000;-0.1454125875
5.9800000000;-0.1608301343
5.9900000000;-0.1760394924
6.0000000000;-0.1910209737
6.0100000000;-0.2057551854
6.0200000000;-0.2202230544
6.0300000000;-0.2344058527
6.0400000000;-0.2482852212
6.0500000000;-0.2618431934
6.0600000000;-0.2750622192
6.0700000000;-0.2879251870
6.0800000000;-0.3004154460
6.0900000000;-0.3125168282
6.1000000000;-0.3242136687
6.1100000000;-0.3354908264
6.1200000000;-0.3463337034
6.1300000000;-0.3567282641
6.1400000000;-0.3666610530
6.1500000000;-0.3761192125
6.1600000000;-0.3850904993
6.1700000000;-0.3935633005
6.1800000000;-0.4015266483
6.1900000000;-0.4089702345
6.2000000000;-0.4158844236
6.2100000000;-0.4222602654
6.2200000000;-0.4280895066
6.2300000000;-0.4333646016
6.2400000000;-0.4380787218
6.2500000000;-0.4422257651
6.2600000000;-0.4458003632
6.2700000000;-0.4487978890
6.2800000000;-0.4512144621
6.2900000000;-0.4530469546
6.3000000000;-0.4542929943
6.3100000000;-0.4549509682
6.3200000000;-0.4550200246
6.3300000000;-0.4545000742
6.3400000000;-0.4533917899
6.3500000000;-0.4516966065
6.3600000000;-0.4494167182
6.3700000000;-0.4465550763
6.3800000000;-0.4431153851
6.3900000000;-0.4391020972
6.4000000000;-0.4345204076
6.4100000000;-0.4293762471
6.4200000000;-0.4236762746
6.4300000000;-0.4174278687
6.4400000000;-0.4106391175
6.4500000000;-0.4033188090
6.4600000000;-0.3954764189
6.4700000000;-0.3871220989
6.4800000000;-0.3782666635
6.4900000000;-0.3689215757
6.5000000000;-0.3590989322
6.5100000000;-0.3488114483
6.5200000000;-0.3380724407
6.5300000000;-0.3268958105
6.5400000000;-0.3152960256
6.5500000000;-0.3032881015
6.5600000000;-0.2908875820
6.5700000000;-0.2781105190
6.5800000000;-0.2649734521
6.5900000000;-0.2514933868
6.6000000000;-0.2376877723
6.6100000000;-0.2235744797
6.6200000000;-0.2091717781
6.6300000000;-0.1944983112
6.6400000000;-0.1795730733
6.6500000000;-0.1644153846
6.6600000000;-0.1490448662
6.6700000000;-0.1334814146
6.6800000000;-0.1177451761
6.6900000000;-0.1018565208
6.7000000000;-0.0858360160
6.7100000000;-0.0697043995
6.7200000000;-0.0534825533
6.7300000000;-0.0371914758
6.7400000000;-0.0208522553
6.7500000000;-0.0044860423
6.7600000000;0.0118859777
6.7700000000;0.0282426117
6.7800000000;0.0445626867
6.7900000000;0.0608250769
6.8000000000;0.0770087313
6.8100000000;0.0930927006
6.8200000000;0.1090561649
6.8300000000;0.1248784599
6.8400000000;0.1405391043
6.8500000000;0.1560178259
6.8600000000;0.1712945881
6.8700000000;0.1863496158
6.8800000000;0.2011634206
6.8900000000;0.2157168266
6.9000000000;0.2299909951
6.9100000000;0.2439674486
6.9200000000;0.2576280952
6.9300000000;0.2709552515
6.9400000000;0.2839316661
6.9500000000;0.2965405415
6.9600000000;0.3087655559
6.9700000000;0.3205908846
6.9800000000;0.3320012200
6.9900000000;0.3429760762
7.0000000000;0.3534439158
7.0100000000;0.3633835627
7.0200000000;0.3727801631
7.0300000000;0.3816196743
7.0400000000;0.3898888865
7.0500000000;0.3975754421
7.0600000000;0.4046678542
7.0700000000;0.4111555237
7.0800000000;0.4170287553
7.0900000000;0.4222787719
7.1000000000;0.4268977279
7.1100000000;0.4308787207
7.1200000000;0.4342158009
7.1300000000;0.4369039815
7.1400000000;0.4389392454
7.1500000000;0.4403185509
7.1600000000;0.4410398368
7.1700000000;0.4411020252
7.1800000000;0.4405050232
7.1900000000;0.4392497229
7.2000000000;0.4373380003
7.2100000000;0.4347727122
7.2200000000;0.4315576924
7.2300000000;0.4276977454
7.2400000000;0.4231986395
7.2500000000;0.4180670983
7.2600000000;0.4123107905
7.2700000000;0.4059383183
7.2800000000;0.3989592050
7.2900000000;0.3913838801
7.3000000000;0.3832236645
7.3100000000;0.3744907529
7.3200000000;0.3651981959
7.3300000000;0.3553598804
7.3400000000;0.3449905090
7.3500000000;0.3341055779
7.3600000000;0.3227213537
7.3700000000;0.3108548491
7.3800000000;0.2985237977
7.3900000000;0.2857466273
7.4000000000;0.2725424322
7.4100000000;0.2589309450
7.4200000000;0.2449325069
7.4300000000;0.2305680375
7.4400000000;0.2158590033
7.4500000000;0.2008273857
7.4600000000;0.1854956482
7.4700000000;0.1698867028
7.4800000000;0.1540238758
7.4900000000;0.1379308729
7.5000000000;0.1216317437
7.5100000000;0.1051508460
7.5200000000;0.0885128090
7.5300000000;0.0717424970
7.5400000000;0.0548649717
7.5500000000;0.0379054553
7.5600000000;0.0208892924
7.5700000000;0.0038419121
7.5800000000;-0.0132112096
7.5900000000;-0.0302445883
7.6000000000;-0.0472327689
7.6100000000;-0.0641503640
7.6200000000;-0.0809720918
7.6300000000;-0.0976728134
7.6400000000;-0.1142275712
7.6500000000;-0.1306116253
7.6600000000;-0.1468004911
7.6700000000;-0.1627699758
7.6800000000;-0.1784962142
7.6900000000;-0.1939557048
7.7000000000;-0.2091253447
7.7100000000;-0.2239824641
7.7200000000;-0.2385048602
7.7300000000;-0.2526708306
7.7400000000;-0.2664592054
7.7500000000;-0.2798493789
7.7600000000;-0.2928213408
7.7700000000;-0.3053557054
7.7800000000;-0.3174337412
7.7900000000;-0.3290373986
7.8000000000;-0.3401493368
7.8100000000;-0.3507529501
7.8200000000;-0.3608323921
7.8300000000;-0.3703726000
7.8400000000;-0.3793593167
7.8500000000;-0.3877791124
7.8600000000;-0.3956194043
7.8700000000;-0.4028684758
7.8800000000;-0.4095154937
7.8900000000;-0.4155505246
7.9000000000;-0.4209645497
7.9100000000;-0.4257494782
7.9200000000;-0.4298981593
7.9300000000;-0.4334043933
7.9400000000;-0.4362629403
7.9500000000;-0.4384695284
7.9600000000;-0.4400208602
7.9700000000;-0.4409146173
7.9800000000;-0.4411494640
7.9900000000;-0.4407250493
8.0000000000;-0.4396420076
8.0100000000;-0.4379019574
8.0200000000;-0.4355074989
8.0300000000;-0.4324622106
8.0400000000;-0.4287706433
8.0500000000;-0.4244383138
8.0600000000;-0.4194716964
8.0700000000;-0.4138782133
8.0800000000;-0.4076662235
8.0900000000;-0.4008450103
8.1000000000;-0.3934247675
8.1100000000;-0.3854165839
8.1200000000;-0.3768324272
8.1300000000;-0.3676851256
8.1400000000;-0.3579883491
8.1500000000;-0.3477565886
8.1600000000;-0.3370051348
8.1700000000;-0.3257500546
8.1800000000;-0.3140081680
8.1900000000;-0.3017970222
8.2000000000;-0.2891348658
8.2100000000;-0.2760406213
8.2200000000;-0.2625338569
8.2300000000;-0.2486347574
8.2400000000;-0.2343640939
8.2500000000;-0.2197431926
8.2600000000;-0.2047939034
8.2700000000;-0.1895385666
8.2800000000;-0.1739999802
8.2900000000;-0.1582013652
8.3000000000;-0.1421663313
8.3100000000;-0.1259188417
8.3200000000;-0.1094831767
8.3300000000;-0.0928838983
8.3400000000;-0.0761458125
8.3500000000;-0.0592939332
8.3600000000;-0.0423534439
8.3700000000;-0.0253496610
8.3800000000;-0.0083079951
8.3900000000;0.0087460864
8.4000000000;0.0257870977
8.4100000000;0.0427895722
8.4200000000;0.0597281013
8.4300000000;0.0765773717
8.4400000000;0.0933122035
8.4500000000;0.1099075880
8.4600000000;0.1263387247
8.4700000000;0.1425810586
8.4800000000;0.1586103169
8.4900000000;0.1744025453
8.5000000000;0.1899341435
8.5100000000;0.2051819009
8.5200000000;0.2201230309
8.5300000000;0.2347352053
8.5400000000;0.2489965874
8.5500000000;0.2628858647
8.5600000000;0.2763822809
8.5700000000;0.2894656666
8.5800000000;0.3021164699
8.5900000000;0.3143157851
8.6000000000;0.3260453814
8.6100000000;0.3372877300
8.6200000000;0.3480260299
8.6300000000;0.3582442338
8.6400000000;0.3679270714
8.6500000000;0.3770600724
8.6600000000;0.3856295884
8.6700000000;0.3936228129
8.6800000000;0.4010278007
8.6900000000;0.4078334858
8.7000000000;0.4140296974
8.7100000000;0.4196071760
8.7200000000;0.4245575864
8.7300000000;0.4288735306
8.7400000000;0.4325485590
8.7500000000;0.4355771793
8.7600000000;0.4379548656
8.7700000000;0.4396780646
8.7800000000;0.4407442012
8.7900000000;0.4411516821
8.8000000000;0.4408998984
8.8100000000;0.4399892263
8.8200000000;0.4384210267
8.8300000000;0.4361976433
8.8400000000;0.4333223986
8.8500000000;0.4297995894
8.8600000000;0.4256344804
8.8700000000;0.4208332960
8.8800000000;0.4154032110
8.8900000000;0.4093523403
8.9000000000;0.4026897265
8.9100000000;0.3954253263
8.9200000000;0.3875699956
8.9300000000;0.3791354737
8.9400000000;0.3701343653
8.9500000000;0.3605801217
8.9600000000;0.3504870210
8.9700000000;0.3398701464
8.9800000000;0.3287453641
8.9900000000;0.3171292991
9.0000000000;0.3050393106
9.0100000000;0.2924934662
9.0200000000;0.2795105144
9.0300000000;0.2661098574
9.0400000000;0.2523115213
9.0500000000;0.2381361264
9.0600000000;0.2236048569
9.0700000000;0.2087394284
9.0800000000;0.1935620562
9.0900000000;0.1780954214
9.1000000000;0.1623626379
9.1100000000;0.1463872168
9.1200000000;0.1301930321
9.1300000000;0.1138042848
9.1400000000;0.0972454664
9.1500000000;0.0805413227
9.1600000000;0.0637168166
9.1700000000;0.0467970911
9.1800000000;0.0298074311
9.1900000000;0.0127732265
9.2000000000;-0.0042800667
9.2100000000;-0.0213269637
9.2200000000;-0.0383419893
9.2300000000;-0.0552997160
9.2400000000;-0.0721748019
9.2500000000;-0.0889420284
9.2600000000;-0.1055763385
9.2700000000;-0.1220528735
9.2800000000;-0.1383470106
9.2900000000;-0.1544343995
9.3000000000;-0.1702909991
9.3100000000;-0.1858931128
9.3200000000;-0.2012174247
9.3300000000;-0.2162410338
9.3400000000;-0.2309414886
9.3500000000;-0.2452968204
9.3600000000;-0.2592855765
9.3700000000;-0.2728868518
9.3800000000;-0.2860803203
9.3900000000;-0.2988462654
9.4000000000;-0.3111656096
9.4100000000;-0.3230199425
9.4200000000;-0.3343915489
9.4300000000;-0.3452634349
9.4400000000;-0.3556193532
9.4500000000;-0.3654438279
9.4600000000;-0.3747221770
9.4700000000;-0.3834405349
9.4800000000;-0.3915858727
9.4900000000;-0.3991460178
9.5000000000;-0.4061096723
9.5100000000;-0.4124664295
9.5200000000;-0.4182067898
9.5300000000;-0.4233221747
9.5400000000;-0.4278049397
9.5500000000;-0.4316483856
9.5600000000;-0.4348467688
9.5700000000;-0.4373953095
9.5800000000;-0.4392901992
9.5900000000;-0.4405286061
9.6000000000;-0.4411086794
9.6100000000;-0.4410295524
9.6200000000;-0.4402913432
9.6300000000;-0.4388951551
9.6400000000;-0.4368430746
9.6500000000;-0.4341381683
9.6600000000;-0.4307844784
9.6700000000;-0.4267870168
9.6800000000;-0.4221517574
9.6900000000;-0.4168856272
9.7000000000;-0.4109964959
9.7100000000;-0.4044931644
9.7200000000;-0.3973853514
9.7300000000;-0.3896836789
9.7400000000;-0.3813996565
9.7500000000;-0.3725456638
9.7600000000;-0.3631349325
9.7700000000;-0.3531815262
9.7800000000;-0.3427003193
9.7900000000;-0.3317069751
9.8000000000;-0.3202179224
9.8100000000;-0.3082503305
9.8200000000;-0.2958220841
9.8300000000;-0.2829517560
9.8400000000;-0.2696585800
9.8500000000;-0.2559624216
9.8600000000;-0.2418837485
9.8700000000;-0.2274436002
9.8800000000;-0.2126635563
9.8900000000;-0.1975657043
9.9000000000;-0.1821726068
9.9100000000;-0.1665072674
9.9200000000;-0.1505930966
9.9300000000;-0.1344538770
9.9400000000;-0.1181137272
9.9500000000;-0.1015970662
9.9600000000;-0.0849285768
9.9700000000;-0.0681331687
9.9800000000;-0.0512359412
9.9900000000;-0.0342621458
10.0000000000;-0.0172371485
