487.803
391.318
568.429
392.481
503.327
574.484
503.361
447.336
546.253
520.07
712.468
537.172
602.096
578.341
487.216
466.319
431.285
630.842
406.416
232.763
422.726
447.843
298.471
505.037
410.538
498.683
481.532
432.055
492.626
585.825
537.691
425.073
640.231
580.59
466.477
567.257
621.152
504.648
471.489
615.087
368.572
486.892
452.904
507.227
667.327
498.976
459.439
468.474
439.304
340.367
401.188
579.714
610.47
367.443
402.825
656.957
515.874
483.81
641.817
300.636
556.796
498.585
551.56
380.246
611.675
555.733
356.428
488.597
594.101
478.116
458.21
395.167
486.515
389.906
574.611
491.756
509.585
493.326
501.884
614.174
484.215
632.769
610.216
545.057
513.261
505.901
512.692
314.756
599.06
477.384
593.007
599.091
425.81
504.264
700.478
487.824
577.581
214.343
634.531
473.557
450.532
458.803
441.981
660.31
591.513
549.117
375.879
556.144
555.205
486.286
407.454
401.103
429.57
591.775
461.662
620.344
464.259
466.259
455.056
472.603
619.776
554.741
569.75
632.223
334.478
589.707
507.019
397.208
665.698
571.824
515.769
485.19
313.342
557.659
747.052
580.038
304.737
395.951
286.644
398.934
484.476
473.394
617.403
590.508
703.893
450.004
392.7
532.423
531.033
287.495
484.566
619.979
657.041
460.469
605.627
581.418
524.7
540.382
500.822
478.048
353.003
522.772
644.558
587.612
417.18
357.94
435.13
468.919
450.395
416.976
724.665
250.527
525.41
473.371
319.305
583.245
498.921
450.915
525.587
668.59
481.505
477.603
405.184
528.928
450.492
342.319
524.477
537.372
698.181
442.345
523.254
356.224
473.594
374.342
589.347
549.806
424.526
581.392
575.639
581.667
488.074
504.673
564.817
381.794
369.462
436.995
468.916
469.48
540.392
514.568
485.004
503.766
489.903
505.02
425.478
503.288
427.894
553.379
472.928
418.682
580.094
319.761
579.891
603.265
481.789
557.472
342.238
472.693
332.265
437.431
514.443
350.719
541.792
571.834
423.278
276.57
395.911
554.737
336.569
613.593
626.76
503.662
612.16
354.81
348.141
510.489
525.941
448.359
428.066
359.116
482.16
343.607
508.286
457.626
543.031
299.243
542.73
491.176
559.198
519.123
529.662
628.498
429.103
472.519
619.924
605.46
445.36
390.805
462.163
451.16
461.693
506.956
487.903
507.508
487.581
575.973
535.527
615.789
375.588
507.105
605.139
748.77
557.547
697.249
578.701
684.668
511.336
207.533
502.386
449.342
714.89
600.239
492.377
655.698
487.159
692.362
398.298
595.826
524.751
321.493
552.324
357.968
531.695
478.602
553.464
518.582
537.317
430.507
622.046
426.369
579.283
316.65
640.552
496.239
478.383
479.02
379.471
310.323
449.165
517.485
321.622
517.785
627.013
535.373
511.952
565.83
483.257
520.536
464.007
518.447
675.934
416.205
557.041
566.292
496.72
596.129
650.029
402.01
495.708
418.769
392.673
641.334
492.127
129.469
483.348
423.893
533.1
367.173
319.623
617.254
392.199
530.735
455.103
614.083
718.669
469.816
444.833
615.908
410.527
458.251
376.031
611.629
573.672
517.9
327.346
512.101
542.931
606.402
379.857
485.353
608.904
561.297
400.604
382.897
406.145
576.719
434.283
480.471
308.224
663.881
405.923
363.344
402.131
736.899
602.966
527.122
510.554
360.342
578.066
550.903
622.66
637.12
301.669
539.174
329.658
456.044
543.599
297.414
353.743
555.909
546.613
457.851
650.773
608.254
449.721
694.761
452.272
517.509
418.287
444.316
520.769
587.622
564.794
678.414
362.227
469.601
408.03
418.152
556.15
497.195
566.955
433.017
508.378
552.513
500.546
390.729
396.059
501.378
394.336
657.531
596.977
541.182
471.902
420.287
560.44
663.625
469.512
468.41
574.881
533.197
628.757
398
432.702
590.228
432.341
550.466
464.32
647.533
485.616
526.423
437.483
563.98
565.869
481.651
345.139
625.646
558.126
439.686
382.289
654.792
561.76
474.855
614.513
463.2
592.172
310.325
534.779
537.725
305.955
416.867
517.436
529.878
554.007
633.221
423.903
462.286
473.352
662.484
575.364
391.295
460.974
448.613
441.571
512.987
549.867
354.479
471.081
349.138
502.36
575.692
531.13
602.236
649.112
628.061
398.558
516.133
513.115
388.463
470.216
583.8
552.462
474.495
684.786
451.137
261.109
422.855
652.42
215.948
419.385
668.064
436.104
342.569
583.251
639.208
298.919
491.364
468.646
399.634
387.345
443.778
359.171
520.212
744.942
531.199
457.344
536.031
761.002
586.669
589.312
546.312
619.2
417.989
621.236
287.456
649.951
650.708
489.236
468.34
471.672
377.766
420.119
636.967
483.94
418.873
568.369
313.286
429.259
505.125
512.365
402.639
618.339
516.847
450.359
421.953
435.298
514.5
496.923
506.35
364.864
468.981
576.302
614.492
407.811
550.99
552.395
399.787
215.315
650.667
488.079
411.73
582.038
532.624
514.949
404.408
512.187
599.333
573.488
497.82
659.728
530.835
458.824
387.208
470.312
546.433
549.861
581.21
410.713
505.749
430.445
602.131
571.612
626.439
484.57
380.909
468.88
384.486
381.035
364.085
610.532
360.951
332.366
493.982
415.482
419.281
615.878
516.222
590.292
512.94
637.61
429.962
566.771
625.521
481.893
537.367
558.498
431.539
490.707
465.109
539.997
373.403
649.287
526.668
564.753
535.182
499.99
520.722
583.191
608.944
446.201
418.554
480.533
579.431
510.928
590.945
412.78
421.8
442.925
300.859
601.428
553.098
664.256
527.875
447.56
645.481
601.189
626.994
404.792
392.769
493.002
536.858
544.574
629.36
354.043
343.937
679.739
553.38
335.429
546.716
540.012
456.086
553.366
388.937
481.2
433.659
349.548
496.424
578.871
470.46
533.448
495.779
390.254
523.576
415.016
499.966
457.294
388.595
449.849
433.943
432.937
578.337
588.253
787.512
394.721
322.359
513.481
581.654
626.143
459.04
447.852
588.917
524.384
443.944
450.118
456.087
531.855
474.081
479.374
466.631
610.421
505.122
517.038
503.385
554.204
593.852
367.534
664.067
428.165
241.78
441.209
589.851
241.303
406.113
706.97
452.905
690.091
570.658
370.097
589.9
430.539
419.542
480.815
670.43
486.371
523.125
472.059
697.048
626.484
502.412
637.983
447.221
711.817
429.268
412.395
593.041
551.96
442.281
611.485
458.344
550.817
461.841
449.815
652.062
328.839
380.519
553.413
451.127
491.751
546.211
439.578
660.103
511.524
502.444
388.373
575.431
414.673
543.565
428.853
516.486
565.439
416.432
553.445
455.16
428.498
412.259
539.768
608.75
673.623
467.418
411.47
480.599
345.567
461.483
572.531
714.216
292.453
461.882
454.907
572.048
571.939
539.494
512.956
366.794
408.162
578.173
566.74
445.694
278.443
481.192
449.601
410.996
618.8
533.084
539.099
362.561
452.687
415.209
464.456
489.957
417.178
547.412
680.9
562.659
377.034
485.035
695.104
663.737
508.372
676.681
752.071
425.354
412.143
628.042
384.424
468.883
596.183
451.953
432.212
490.99
382.348
558.313
398.807
643.709
518.559
477.706
670.537
529.698
679.787
543.188
596.791
604.169
382.266
456.061
608.836
393.542
366.878
495.958
516.381
342.64
626.821
383.017
621.093
536.5
449.198
471.557
564.651
561.345
502.093
492.033
388.31
382.935
558.891
578.078
461.205
421.861
592.508
528.404
620.466
451.211
446.213
518.203
328.226
593.559
433.746
451.583
462.861
518.635
442.611
431.232
444.827
391.059
555.039
520.812
561.601
616.587
443.008
425.163
498.483
455.655
474.756
530.251
563.294
445.408
367.617
518.259
468.677
555.912
634.588
396.753
309.667
590.342
400.304
382.805
551.687
519.35
435.323
599.134
458.02
483.135
507.299
359.768
722.739
585.685
453.029
455.836
483.49
568.989
555.471
444.021
527.355
625.058
580.372
622.859
368.425
502.762
466.775
330.113
752.049
541.194
420.443
625.519
514.151
480.974
400.398
466.842
562.016
666.215
482.716
439.379
535.558
408.168
373.132
632.62
407.91
496.222
477.442
394.728
545.921
340.974
460.796
464.505
416.355
520.891
563.606
476.099
538.109
631.797
507.224
637.027
385.838
655.619
526.366
364.88
395.072
589.701
407.794
426.755
309.194
507.734
554.45
593.578
441.708
452.623
449.684
523.975
465.575
451.726
464.061
597.85
562.963
400.765
432.471
443.46
403.83
447.211
553.852
517.69
469.625
647.534
462.827
413.944
638.271
417.972
548.213
535.983
682.648
406.394
450.47
728.972
424.036
586.745
513.47
416.062
421.503
456.79
595.643
583.288
517.994
458.999
496.895
456.151
362.769
458.936
460.293
542.291
486.217
633.295
337.902
401.759
502.322
588.533
125.084
622.454
549.324
472.592
310.052
534.305
539.385
488.583
593.879
678.951
269.359
530.534
440.419
505.033
517.812
411.342
610.521
549.528
392.905
543.29
582.49
618.301
519.771
510.984
482.728
444.72
444.688
423.81
418.45
771.628
591.965
558.539
334.082
586.167
439.742
567.169
416.828
434.816
606.351
678.654
358.983
465.112
486.524
541.751
465.347
454.545
540.87
418.666
403.361
588.3
346.727
623.262
403.076
461.245
612.698
506.485
474.415
577.625
571.437
513.79
535.643
400.598
529.915
598.845
276.486
546.9
319.03
544.333
371.382
531.895
527.151
651.943
649.846
492.11
411.657
621.345
569.98
441.637
429.622
436.291
277.668
545.035
462.648
327.003
575.924
499.336
331.33
460.17
536.034
322.355
394.505
534.714
345.175
645.605
670.378
465.093
454.451
510.561
437.903
450.146
497.306
423.552
417.178
542.318
483.128
525.506
420.73
429.085
380.884
566.421
541.832
579.144
412.024
436.055
522.625
582.27
529.455
580.933
505.859
613.628
479.394
499.406
519.845
376.396
388.913
592.031
352.786
456.169
410.157
482.27
367.929
262.868
631.305
567.498
663.974
308.276
698.407
370.674
343.553
485.53
541.361
501.279
682.421
419.996
559.167
436.483
460.911
466.342
490.802
675.398
422.843
531.015
470.307
647.555
530.264
388.635
534.841
614.151
494.239
357.49
425.024
665.056
510.858
578.134
800.048
373.651
386.775
530.979
432.419
658.77
609.971
452.545
388.525
375.662
370.733
644.413
624.407
698.05
682.489
385.963
394.681
581.282
545.769
603.992
411.813
622.588
508.954
545.264
504.985
456.157
497.777
313.639
456.554
654.22
498.43
483.573
688.94
433.512
282.931
621.923
311.233
496.003
460.675
586.107
560.441
544.61
528.057
347.174
499.048
577.803
630.015
430.101
440.744
687.981
672.784
541.294
598.709
569.203
535.737
544.173
538.951
182.668
463.001
500.898
569.544
489.484
496.891
652.736
508.191
687.112
478.758
432.674
388.875
456.422
652.289
347.807
479.007
361.523
629.963
434.132
529.14
438.929
440.04
448.119
440.821
572.549
337.617
546.816
435.73
492.305
522.682
571.809
496.13
512.564
637.181
571.302
489.737
330.633
497.322
384.043
667.315
554.831
573.93
587.837
625.926
464.158
751.831
570.512
409.955
593.085
451.252
657.922
385.531
599.498
577.823
379.199
498.556
460.993
475.071
401.814
292.04
477.812
487.637
444.222
373.078
693.824
410.903
483.73
762.013
408.929
479.558
428.425
384.395
551.377
513.291
436.347
507.724
509.449
457.542
535.132
431.615
397.286
536.323
508.395
529.806
544.123
457.939
359.046
485.837
407.031
568.383
570.075
422.347
511.268
554.319
340.238
568.481
523.082
505.971
660.501
507.101
559.367
482.488
581.603
669.312
467.284
552.046
625.177
689.315
551.41
557.52
647.256
450.677
555.081
470.352
561.199
459.948
300.021
526.078
470.738
565.005
460.953
433.322
572.433
578.984
513.006
608.842
542.759
644.737
534.005
726.143
545.2
486.555
433.411
382.351
638.509
733.515
517.543
490.796
560.818
501.944
495.887
533.066
458.042
355.534
476.058
638.389
480.094
340.348
388.117
557.738
446.275
328.998
449.237
521.417
273.441
597.446
453.57
271.707
569.775
541.498
333.34
569.894
441.609
474.758
622.404
416.469
571.337
602.723
524.624
445.46
689.24
527.56
372.933
360.959
256.767
316.02
417.049
569.764
480.82
539.258
668.715
472.787
532.418
464.106
547.747
509.271
582.592
588.829
434.31
403.602
428.492
736.7
581.196
737.546
349.026
470.98
650.238
326.082
556.659
505.541
430.236
518.677
621.484
556.75
465.709
536.053
617.039
501.822
603.357
592.3
424.25
451.645
393.759
399.08
528.226
369.465
447.823
528.908
525.569
472.884
563.352
508.501
476.842
577.347
457.975
493.169
414.88
499.793
542.369
405.209
666.942
543.038
446.53
341.81
521.088
500.167
424.466
493.349
441.472
540.826
383.396
706.009
528.214
683.59
533.617
564.349
475.811
516.372
501.55
420.838
602.72
460.953
547.74
542.688
402.43
671.982
462.318
479.793
326.721
668.97
665.527
531.973
432.039
560.068
541.609
410.539
594.922
295.352
485.039
607.924
309.483
464.027
625.276
580.644
377.066
495.763
423.037
460.045
598.691
666.678
340.74
534.477
458.821
539.041
381.562
532.854
561.328
516.853
472.673
485.712
552.812
337.997
314.11
493.471
439.591
526.603
461.67
511.104
649.131
598.958
689.324
674.986
480.472
482.185
488.381
362.645
376.385
347.425
483.088
611.281
423.762
524.138
655.913
542.238
344.197
572.49
365.805
370.094
491.157
556.006
587.775
391.144
524.483
552.159
488.439
399.343
367.107
566.804
608.352
417.078
581.914
566.265
502.237
450.778
511.991
559.586
586.96
269.973
473.966
567.203
456.303
554.046
423.152
548.974
470.587
473.092
419.711
550.615
574.011
561.795
515.027
447.663
470.177
327.03
562.939
476.484
399.932
477.887
383.697
417.762
447.226
405.852
505.899
413.081
554.147
574.013
581.967
353.006
369.142
373.235
447.656
401.342
420
422.338
502.371
572.683
507.935
588.827
444.934
339.149
634.522
571.934
419.385
552.998
580.911
521.85
584.201
496.96
462.493
574.301
499.677
560.376
468.259
384.517
631.144
376.312
518.378
434.268
621.039
540.38
394.475
502.031
556.971
534.466
530.695
448.318
482.635
670.568
269.301
326.346
572.888
341.1
415.362
666.18
433.706
537.413
605.504
308.922
636.461
489.804
556.249
439.185
560.597
491.25
327.336
501.946
523.889
508.519
667.634
571.884
440.944
376.606
451.223
782.211
407.227
404.814
542.032
650.024
513.524
490.512
486.882
434.861
451.352
452.549
666.712
577.151
477.271
501.193
510.686
455.151
360.576
543.795
467.931
457.93
536.184
566.648
497.904
332.14
367.333
472.033
252.689
379.14
536.943
559.819
566.961
338.849
369.333
565.706
519.316
515.081
476.435
406.697
529.606
310.728
573.428
429.704
425.473
559.874
607.051
425.191
566.282
651.31
497.305
586.73
485.638
641.543
484.462
584.249
584.931
491.393
689.419
219.805
552.523
442.655
473.94
615.555
540.108
562.803
393.544
417.039
471.363
522.588
453.188
430.659
477.53
457.644
480.056
395.972
574.429
679.573
330.009
341.404
615.718
369.821
452.188
446.356
529.86
465.693
667.72
480.604
574.411
735.625
630.646
676.039
527.597
333.286
724.08
591.678
400.135
583.736
401.511
559.163
597.602
453.013
516.013
359.918
263.41
388.519
346.569
522.735
611.525
584.196
278.124
484.733
447.547
463.436
576.592
631.116
451.546
284.253
386.663
387.876
401.04
475.366
449.252
627.182
537.546
513.717
612.224
562.415
525.856
366.829
492.26
546.806
568.403
579.543
560.565
392.122
516.697
349.16
550.417
449.32
534.57
390.085
573.324
655.562
470.116
569.498
405.033
473.987
491.606
571.084
584.933
509.939
356.589
401.918
515.258
461.568
574.585
559.684
386.922
582.447
442.86
445.946
637.598
420.505
530.025
631.98
491.617
496.429
550.907
675.716
561.265
483.259
402.85
556.639
481.4
543.356
415.475
405.854
613.146
580.307
683.374
490.517
613.531
481.322
596.755
501.986
438.804
431.64
576.48
431.999
385.762
703.004
779.051
434.191
553.14
616.131
543.239
535.956
563.846
519.535
675.626
605.21
497.857
511.226
686.616
554.887
482.75
530.701
528.214
670.167
575.741
679.605
561.865
465.238
498.291
461.49
464.023
348.225
445.113
568.571
499.175
627.027
530.884
403.945
510.299
672.039
493.372
705.622
624.962
454.424
371.25
533.23
544.679
539.119
720.412
430.005
644.403
609.479
514.59
380.869
528.81
644.698
576.798
564.366
410.369
426.559
585.793
589.727
341.631
523.812
443.441
569.228
536.878
557.781
492.999
409.46
432.676
532.584
476.559
363.012
670.613
516.233
470.953
445.887
508.903
557.402
295.125
519.548
538.63
523.194
493.539
648.398
633.944
442.953
437.631
538.323
449.823
425.02
421.635
369.242
563.521
567.339
240.079
607.093
560.774
525.676
604.283
341.897
406.821
376.586
496.976
498.675
557.905
538.046
433.06
452.461
477.659
585.17
508.536
586.774
360.126
407.466
688.547
534.074
475.616
443.035
632.925
567.337
398.255
599.687
593.625
632.337
643.667
436.308
303.435
359.117
328.679
427.541
610.825
492.477
580.106
486.595
536.031
589.747
449.728
298.702
372.029
481.622
169.817
467.933
545.601
382.726
453.635
574.319
396.024
512.247
645.799
