0 0
0.02 0.0199987
0.04 0.0399893
0.06 0.059964
0.08 0.0799147
0.1 0.0998334
0.12 0.119712
0.14 0.139543
0.16 0.159318
0.18 0.17903
0.2 0.198669
0.22 0.21823
0.24 0.237703
0.26 0.257081
0.28 0.276356
0.3 0.29552
0.32 0.314567
0.34 0.333487
0.36 0.352274
0.38 0.37092
0.4 0.389418
0.42 0.40776
0.44 0.425939
0.46 0.443948
0.48 0.461779
0.5 0.479426
0.52 0.49688
0.54 0.514136
0.56 0.531186
0.58 0.548024
0.6 0.564642
0.62 0.581035
0.64 0.597195
0.66 0.613117
0.68 0.628793
0.7 0.644218
0.72 0.659385
0.74 0.674288
0.76 0.688921
0.78 0.703279
0.8 0.717356
0.82 0.731146
0.84 0.744643
0.86 0.757843
0.88 0.770739
0.9 0.783327
0.92 0.795602
0.94 0.807558
0.96 0.819192
0.98 0.830497
1 0.841471
1.02 0.852108
1.04 0.862404
1.06 0.872355
1.08 0.881958
1.1 0.891207
1.12 0.9001
1.14 0.908633
1.16 0.916803
1.18 0.924606
1.2 0.932039
1.22 0.939099
1.24 0.945784
1.26 0.95209
1.28 0.958016
1.3 0.963558
1.32 0.968715
1.34 0.973485
1.36 0.977865
1.38 0.981854
1.4 0.98545
1.42 0.988652
1.44 0.991458
1.46 0.993868
1.48 0.995881
1.5 0.997495
1.52 0.99871
1.54 0.999526
1.56 0.999942
1.58 0.999958
1.6 0.999574
1.62 0.99879
1.64 0.997606
1.66 0.996024
1.68 0.994043
1.7 0.991665
1.72 0.98889
1.74 0.985719
1.76 0.982154
1.78 0.978197
1.8 0.973848
1.82 0.969109
1.84 0.963983
1.86 0.958471
1.88 0.952576
1.9 0.9463
1.92 0.939645
1.94 0.932615
1.96 0.925212
1.98 0.917438
2 0.909297
2.02 0.900793
2.04 0.891929
2.06 0.882707
2.08 0.873133
2.1 0.863209
2.12 0.85294
2.14 0.84233
2.16 0.831383
2.18 0.820104
2.2 0.808496
2.22 0.796565
2.24 0.784316
2.26 0.771753
2.28 0.758881
2.3 0.745705
2.32 0.732231
2.34 0.718465
2.36 0.704411
2.38 0.690075
2.4 0.675463
2.42 0.660581
2.44 0.645435
2.46 0.630031
2.48 0.614374
2.5 0.598472
2.52 0.582331
2.54 0.565956
2.56 0.549355
2.58 0.532535
2.6 0.515501
2.62 0.498262
2.64 0.480823
2.66 0.463191
2.68 0.445375
2.7 0.42738
2.72 0.409214
2.74 0.390885
2.76 0.372399
2.78 0.353764
2.8 0.334988
2.82 0.316078
2.84 0.297041
2.86 0.277886
2.88 0.258619
2.9 0.239249
2.92 0.219784
2.94 0.20023
2.96 0.180596
2.98 0.16089
3 0.14112
3.02 0.121293
3.04 0.101418
3.06 0.0815022
3.08 0.0615537
3.1 0.0415807
3.12 0.021591
3.14 0.00159265
3.16 -0.0184063
3.18 -0.0383979
3.2 -0.0583741
3.22 -0.078327
3.24 -0.0982486
3.26 -0.118131
3.28 -0.137966
3.3 -0.157746
3.32 -0.177462
3.34 -0.197108
3.36 -0.216675
3.38 -0.236155
3.4 -0.255541
3.42 -0.274825
3.44 -0.293998
3.46 -0.313054
3.48 -0.331985
3.5 -0.350783
3.52 -0.369441
3.54 -0.387951
3.56 -0.406306
3.58 -0.424498
3.6 -0.44252
3.62 -0.460366
3.64 -0.478027
3.66 -0.495497
3.68 -0.512769
3.7 -0.529836
3.72 -0.546691
3.74 -0.563327
3.76 -0.579738
3.78 -0.595917
3.8 -0.611858
3.82 -0.627554
3.84 -0.642999
3.86 -0.658186
3.88 -0.673111
3.9 -0.687766
3.92 -0.702146
3.94 -0.716246
3.96 -0.730058
3.98 -0.743579
4 -0.756802
4.02 -0.769723
4.04 -0.782336
4.06 -0.794636
4.08 -0.806618
4.1 -0.818277
4.12 -0.829609
4.14 -0.840609
4.16 -0.851273
4.18 -0.861597
4.2 -0.871576
4.22 -0.881206
4.24 -0.890484
4.26 -0.899405
4.28 -0.907967
4.3 -0.916166
4.32 -0.923998
4.34 -0.931461
4.36 -0.938551
4.38 -0.945266
4.4 -0.951602
4.42 -0.957558
4.44 -0.963131
4.46 -0.968319
4.48 -0.973119
4.5 -0.97753
4.52 -0.98155
4.54 -0.985178
4.56 -0.988411
4.58 -0.991249
4.6 -0.993691
4.62 -0.995735
4.64 -0.997381
4.66 -0.998628
4.68 -0.999476
4.7 -0.999923
4.72 -0.999971
4.74 -0.999619
4.76 -0.998867
4.78 -0.997715
4.8 -0.996165
4.82 -0.994216
4.84 -0.991869
4.86 -0.989125
4.88 -0.985986
4.9 -0.982453
4.92 -0.978526
4.94 -0.974208
4.96 -0.969501
4.98 -0.964405
5 -0.958924
5.02 -0.95306
5.04 -0.946814
5.06 -0.940189
5.08 -0.933189
5.1 -0.925815
5.12 -0.91807
5.14 -0.909959
5.16 -0.901484
5.18 -0.892648
5.2 -0.883455
5.22 -0.873908
5.24 -0.864012
5.26 -0.853771
5.28 -0.843188
5.3 -0.832267
5.32 -0.821014
5.34 -0.809433
5.36 -0.797527
5.38 -0.785303
5.4 -0.772764
5.42 -0.759917
5.44 -0.746765
5.46 -0.733315
5.48 -0.719572
5.5 -0.70554
5.52 -0.691227
5.54 -0.676637
5.56 -0.661776
5.58 -0.646651
5.6 -0.631267
5.62 -0.61563
5.64 -0.599747
5.66 -0.583625
5.68 -0.567269
5.7 -0.550686
5.72 -0.533882
5.74 -0.516865
5.76 -0.499642
5.78 -0.482218
5.8 -0.464602
5.82 -0.4468
5.84 -0.428819
5.86 -0.410667
5.88 -0.39235
5.9 -0.373877
5.92 -0.355254
5.94 -0.336488
5.96 -0.317589
5.98 -0.298562
6 -0.279415
6.02 -0.260157
6.04 -0.240795
6.06 -0.221337
6.08 -0.20179
6.1 -0.182163
6.12 -0.162462
6.14 -0.142697
6.16 -0.122874
6.18 -0.103002
6.2 -0.0830894
6.22 -0.0631433
6.24 -0.0431719
6.26 -0.0231832
6.28 -0.0031853
6.3 0.0168139
6.32 0.0368064
6.34 0.0567841
6.36 0.0767392
6.38 0.0966635
6.4 0.116549
6.42 0.136388
6.44 0.156173
6.46 0.175895
6.48 0.195547
6.5 0.21512
6.52 0.234607
6.54 0.254001
6.56 0.273293
6.58 0.292476
6.6 0.311541
6.62 0.330482
6.64 0.349291
6.66 0.367961
6.68 0.386483
6.7 0.40485
6.72 0.423055
6.74 0.441092
6.76 0.458951
6.78 0.476628
6.8 0.494113
6.82 0.511401
6.84 0.528485
6.86 0.545357
6.88 0.562011
6.9 0.57844
6.92 0.594637
6.94 0.610597
6.96 0.626313
6.98 0.641778
7 0.656987
7.02 0.671932
7.04 0.686609
7.06 0.701011
7.08 0.715133
7.1 0.728969
7.12 0.742513
7.14 0.755761
7.16 0.768705
7.18 0.781343
7.2 0.793668
7.22 0.805675
7.24 0.817361
7.26 0.828719
7.28 0.839746
7.3 0.850437
7.32 0.860787
7.34 0.870794
7.36 0.880452
7.38 0.889758
7.4 0.898708
7.42 0.907299
7.44 0.915526
7.46 0.923388
7.48 0.93088
7.5 0.938
7.52 0.944745
7.54 0.951111
7.56 0.957098
7.58 0.962701
7.6 0.96792
7.62 0.972751
7.64 0.977193
7.66 0.981244
7.68 0.984903
7.7 0.988168
7.72 0.991038
7.74 0.993511
7.76 0.995587
7.78 0.997265
7.8 0.998543
7.82 0.999423
7.84 0.999902
7.86 0.999982
7.88 0.999662
7.9 0.998941
7.92 0.997822
7.94 0.996303
7.96 0.994385
7.98 0.99207
8 0.989358
8.02 0.986251
8.04 0.982748
8.06 0.978853
8.08 0.974566
8.1 0.96989
8.12 0.964825
8.14 0.959375
8.16 0.953541
8.18 0.947325
8.2 0.940731
8.22 0.93376
8.24 0.926415
8.26 0.918701
8.28 0.910618
8.3 0.902172
8.32 0.893364
8.34 0.8842
8.36 0.874681
8.38 0.864813
8.4 0.854599
8.42 0.844043
8.44 0.833149
8.46 0.821922
8.48 0.810367
8.5 0.798487
8.52 0.786288
8.54 0.773774
8.56 0.760951
8.58 0.747824
8.6 0.734397
8.62 0.720677
8.64 0.706668
8.66 0.692377
8.68 0.677809
8.7 0.662969
8.72 0.647865
8.74 0.632501
8.76 0.616884
8.78 0.601021
8.8 0.584917
8.82 0.568579
8.84 0.552014
8.86 0.535228
8.88 0.518228
8.9 0.501021
8.92 0.483613
8.94 0.466012
8.96 0.448224
8.98 0.430257
9 0.412118
9.02 0.393815
9.04 0.375353
9.06 0.356742
9.08 0.337988
9.1 0.319098
9.12 0.300081
9.14 0.280944
9.16 0.261695
9.18 0.242341
9.2 0.22289
9.22 0.20335
9.24 0.183728
9.26 0.164033
9.28 0.144273
9.3 0.124454
9.32 0.104586
9.34 0.0846764
9.36 0.0647327
9.38 0.044763
9.4 0.0247754
9.42 0.00477794
9.44 -0.0152215
9.46 -0.0352148
9.48 -0.055194
9.5 -0.0751511
9.52 -0.0950782
9.54 -0.114967
9.56 -0.13481
9.58 -0.154599
9.6 -0.174327
9.62 -0.193984
9.64 -0.213564
9.66 -0.233059
9.68 -0.25246
9.7 -0.271761
9.72 -0.290952
9.74 -0.310028
9.76 -0.328979
9.78 -0.347799
9.8 -0.366479
9.82 -0.385013
9.84 -0.403393
9.86 -0.421612
9.88 -0.439662
9.9 -0.457536
9.92 -0.475227
9.94 -0.492728
9.96 -0.510032
9.98 -0.527132
10 -0.544021
10.02 -0.560693
10.04 -0.57714
10.06 -0.593356
10.08 -0.609335
10.1 -0.625071
10.12 -0.640556
10.14 -0.655785
10.16 -0.670752
10.18 -0.68545
10.2 -0.699875
10.22 -0.714019
10.24 -0.727878
10.26 -0.741446
10.28 -0.754717
10.3 -0.767686
10.32 -0.780348
10.34 -0.792698
10.36 -0.804731
10.38 -0.816442
10.4 -0.827826
10.42 -0.83888
10.44 -0.849598
10.46 -0.859976
10.48 -0.87001
10.5 -0.879696
10.52 -0.88903
10.54 -0.898009
10.56 -0.906628
10.58 -0.914885
10.6 -0.922775
10.62 -0.930297
10.64 -0.937447
10.66 -0.944221
10.68 -0.950618
10.7 -0.956635
10.72 -0.962269
10.74 -0.967518
10.76 -0.97238
10.78 -0.976854
10.8 -0.980936
10.82 -0.984626
10.84 -0.987923
10.86 -0.990824
10.88 -0.993329
10.9 -0.995436
10.92 -0.997146
10.94 -0.998456
10.96 -0.999367
10.98 -0.999879
11 -0.99999
11.02 -0.999702
11.04 -0.999013
11.06 -0.997925
11.08 -0.996438
11.1 -0.994553
11.12 -0.992269
11.14 -0.989589
11.16 -0.986513
11.18 -0.983042
11.2 -0.979178
11.22 -0.974922
11.24 -0.970276
11.26 -0.965243
11.28 -0.959823
11.3 -0.954019
11.32 -0.947834
11.34 -0.94127
11.36 -0.934329
11.38 -0.927014
11.4 -0.919329
11.42 -0.911275
11.44 -0.902858
11.46 -0.894079
11.48 -0.884943
11.5 -0.875452
11.52 -0.865612
11.54 -0.855425
11.56 -0.844896
11.58 -0.834029
11.6 -0.822829
11.62 -0.811299
11.64 -0.799445
11.66 -0.787271
11.68 -0.774782
11.7 -0.761984
11.72 -0.74888
11.74 -0.735477
11.76 -0.72178
11.78 -0.707794
11.8 -0.693525
11.82 -0.678979
11.84 -0.664161
11.86 -0.649077
11.88 -0.633734
11.9 -0.618137
11.92 -0.602293
11.94 -0.586208
11.96 -0.569889
11.98 -0.553342
12 -0.536573
12.02 -0.51959
12.04 -0.502399
12.06 -0.485007
12.08 -0.46742
12.1 -0.449647
12.12 -0.431695
12.14 -0.413569
12.16 -0.395278
12.18 -0.376829
12.2 -0.358229
12.22 -0.339486
12.24 -0.320607
12.26 -0.3016
12.28 -0.282473
12.3 -0.263232
12.32 -0.243886
12.34 -0.224442
12.36 -0.204909
12.38 -0.185294
12.4 -0.165604
12.42 -0.145849
12.44 -0.126035
12.46 -0.10617
12.48 -0.0862633
12.5 -0.0663219
12.52 -0.046354
12.54 -0.0263676
12.56 -0.00637057
12.58 0.013629
12.6 0.033623
12.62 0.0536037
12.64 0.0735629
12.66 0.0934926
12.68 0.113385
12.7 0.133232
12.72 0.153026
12.74 0.172758
12.76 0.192422
12.78 0.212008
12.8 0.23151
12.82 0.250919
12.84 0.270228
12.86 0.289428
12.88 0.308513
12.9 0.327474
12.92 0.346305
12.94 0.364997
12.96 0.383543
12.98 0.401935
13 0.420167
13.02 0.438231
13.04 0.456119
13.06 0.473825
13.08 0.491342
13.1 0.508661
13.12 0.525778
13.14 0.542684
13.16 0.559373
13.18 0.575838
13.2 0.592074
13.22 0.608072
13.24 0.623827
13.26 0.639332
13.28 0.654582
13.3 0.66957
13.32 0.68429
13.34 0.698736
13.36 0.712903
13.38 0.726785
13.4 0.740376
13.42 0.753671
13.44 0.766664
13.46 0.779351
13.48 0.791726
13.5 0.803784
13.52 0.815521
13.54 0.826932
13.56 0.838012
13.58 0.848757
13.6 0.859162
13.62 0.869223
13.64 0.878937
13.66 0.8883
13.68 0.897307
13.7 0.905955
13.72 0.91424
13.74 0.922161
13.76 0.929712
13.78 0.936891
13.8 0.943696
13.82 0.950123
13.84 0.95617
13.86 0.961835
13.88 0.967114
13.9 0.972008
13.92 0.976512
13.94 0.980625
13.96 0.984347
13.98 0.987675
14 0.990607
14.02 0.993144
14.04 0.995283
14.06 0.997024
14.08 0.998366
14.1 0.999309
14.12 0.999853
14.14 0.999996
14.16 0.999739
14.18 0.999083
14.2 0.998027
14.22 0.996571
14.24 0.994717
14.26 0.992466
14.28 0.989817
14.3 0.986772
14.32 0.983333
14.34 0.9795
14.36 0.975275
14.38 0.970661
14.4 0.965658
14.42 0.960269
14.44 0.954495
14.46 0.94834
14.48 0.941806
14.5 0.934895
14.52 0.92761
14.54 0.919954
14.56 0.91193
14.58 0.903541
14.6 0.894791
14.62 0.885683
14.64 0.876221
14.66 0.866408
14.68 0.856249
14.7 0.845747
14.72 0.834907
14.74 0.823733
14.76 0.812229
14.78 0.800401
14.8 0.788252
14.82 0.775788
14.84 0.763014
14.86 0.749935
14.88 0.736555
14.9 0.722881
14.92 0.708918
14.94 0.694672
14.96 0.680147
14.98 0.665351
15 0.650288
15.02 0.634965
15.04 0.619388
15.06 0.603564
15.08 0.587498
15.1 0.571197
15.12 0.554667
15.14 0.537916
15.16 0.52095
15.18 0.503775
15.2 0.486399
15.22 0.468828
15.24 0.451069
15.26 0.433131
15.28 0.415019
15.3 0.396741
15.32 0.378304
15.34 0.359716
15.36 0.340984
15.38 0.322116
15.4 0.303118
15.42 0.284
15.44 0.264768
15.46 0.24543
15.48 0.225994
15.5 0.206467
15.52 0.186858
15.54 0.167175
15.56 0.147424
15.58 0.127614
15.6 0.107754
15.62 0.0878499
15.64 0.067911
15.66 0.0479449
15.68 0.0279596
15.7 0.00796318
15.72 -0.0120364
15.74 -0.0320313
15.76 -0.0520133
15.78 -0.0719744
15.8 -0.0919069
15.82 -0.111802
15.84 -0.131653
15.86 -0.151452
15.88 -0.171189
15.9 -0.190859
15.92 -0.210451
15.94 -0.22996
15.96 -0.249377
15.98 -0.268694
16 -0.287903
16.02 -0.306998
16.04 -0.325969
16.06 -0.34481
16.08 -0.363514
16.1 -0.382071
16.12 -0.400476
16.14 -0.418721
16.16 -0.436799
16.18 -0.454701
16.2 -0.472422
16.22 -0.489954
16.24 -0.50729
16.26 -0.524423
16.28 -0.541346
16.3 -0.558052
16.32 -0.574536
16.34 -0.590789
16.36 -0.606807
16.38 -0.622581
16.4 -0.638107
16.42 -0.653377
16.44 -0.668386
16.46 -0.683128
16.48 -0.697596
16.5 -0.711785
16.52 -0.72569
16.54 -0.739304
16.56 -0.752623
16.58 -0.765641
16.6 -0.778352
16.62 -0.790752
16.64 -0.802836
16.66 -0.814599
16.68 -0.826035
16.7 -0.837142
16.72 -0.847913
16.74 -0.858346
16.76 -0.868435
16.78 -0.878177
16.8 -0.887567
16.82 -0.896602
16.84 -0.905279
16.86 -0.913594
16.88 -0.921543
16.9 -0.929124
16.92 -0.936333
16.94 -0.943168
16.96 -0.949625
16.98 -0.955702
17 -0.961397
17.02 -0.966708
17.04 -0.971632
17.06 -0.976167
17.08 -0.980312
17.1 -0.984065
17.12 -0.987424
17.14 -0.990388
17.16 -0.992956
17.18 -0.995127
17.2 -0.9969
17.22 -0.998274
17.24 -0.999249
17.26 -0.999824
17.28 -0.999999
17.3 -0.999774
17.32 -0.99915
17.34 -0.998125
17.36 -0.996702
17.38 -0.99488
17.4 -0.992659
17.42 -0.990042
17.44 -0.987029
17.46 -0.983621
17.48 -0.979819
17.5 -0.975626
17.52 -0.971042
17.54 -0.96607
17.56 -0.960712
17.58 -0.954969
17.6 -0.948844
17.62 -0.94234
17.64 -0.935459
17.66 -0.928204
17.68 -0.920577
17.7 -0.912582
17.72 -0.904223
17.74 -0.895501
17.76 -0.886421
17.78 -0.876987
17.8 -0.867202
17.82 -0.85707
17.84 -0.846596
17.86 -0.835782
17.88 -0.824635
17.9 -0.813157
17.92 -0.801354
17.94 -0.789231
17.96 -0.776792
17.98 -0.764043
18 -0.750987
18.02 -0.737632
18.04 -0.723981
18.06 -0.710041
18.08 -0.695816
18.1 -0.681314
18.12 -0.666539
18.14 -0.651497
18.16 -0.636195
18.18 -0.620638
18.2 -0.604833
18.22 -0.588786
18.24 -0.572503
18.26 -0.555992
18.28 -0.539258
18.3 -0.522309
18.32 -0.50515
18.34 -0.48779
18.36 -0.470234
18.38 -0.45249
18.4 -0.434566
18.42 -0.416467
18.44 -0.398202
18.46 -0.379778
18.48 -0.361201
18.5 -0.342481
18.52 -0.323623
18.54 -0.304636
18.56 -0.285527
18.58 -0.266303
18.6 -0.246974
18.62 -0.227545
18.64 -0.208026
18.66 -0.188423
18.68 -0.168745
18.7 -0.148999
18.72 -0.129194
18.74 -0.109337
18.76 -0.0894363
18.78 -0.0694998
18.8 -0.0495356
18.82 -0.0295516
18.84 -0.00955578
18.86 0.0104439
18.88 0.0304394
18.9 0.0504227
18.92 0.0703858
18.94 0.0903208
18.96 0.11022
18.98 0.130074
19 0.149877
19.02 0.16962
19.04 0.189295
19.06 0.208894
19.08 0.22841
19.1 0.247834
19.12 0.267159
19.14 0.286378
19.16 0.305482
19.18 0.324463
19.2 0.343315
19.22 0.362029
19.24 0.380599
19.26 0.399017
19.28 0.417274
19.3 0.435365
19.32 0.453282
19.34 0.471018
19.36 0.488565
19.38 0.505916
19.4 0.523066
19.42 0.540006
19.44 0.55673
19.46 0.573231
19.48 0.589504
19.5 0.60554
19.52 0.621334
19.54 0.63688
19.56 0.65217
19.58 0.6672
19.6 0.681964
19.62 0.696454
19.64 0.710666
19.66 0.724593
19.68 0.738231
19.7 0.751573
19.72 0.764615
19.74 0.777351
19.76 0.789776
19.78 0.801885
19.8 0.813674
19.82 0.825137
19.84 0.83627
19.86 0.847068
19.88 0.857528
19.9 0.867644
19.92 0.877414
19.94 0.886832
19.96 0.895896
19.98 0.904602
20 0.912945
20.02 0.920924
20.04 0.928534
20.06 0.935773
20.08 0.942637
20.1 0.949125
20.12 0.955232
20.14 0.960958
20.16 0.966299
20.18 0.971254
20.2 0.975821
20.22 0.979997
20.24 0.983781
20.26 0.987171
20.28 0.990167
20.3 0.992766
20.32 0.994969
20.34 0.996773
20.36 0.998179
20.38 0.999186
20.4 0.999793
20.42 1
20.44 0.999807
20.46 0.999214
20.48 0.998222
20.5 0.99683
20.52 0.995039
20.54 0.992851
20.56 0.990265
20.58 0.987283
20.6 0.983907
20.62 0.980136
20.64 0.975974
20.66 0.971422
20.68 0.96648
20.7 0.961153
20.72 0.955441
20.74 0.949346
20.76 0.942872
20.78 0.936021
20.8 0.928795
20.82 0.921198
20.84 0.913233
20.86 0.904902
20.88 0.896209
20.9 0.887158
20.92 0.877751
20.94 0.867994
20.96 0.85789
20.98 0.847442
21 0.836656
21.02 0.825534
21.04 0.814083
21.06 0.802306
21.08 0.790208
21.1 0.777794
21.12 0.765069
21.14 0.752038
21.16 0.738706
21.18 0.725079
21.2 0.711161
21.22 0.696959
21.24 0.682479
21.26 0.667725
21.28 0.652704
21.3 0.637423
21.32 0.621886
21.34 0.6061
21.36 0.590072
21.38 0.573809
21.4 0.557315
21.42 0.540599
21.44 0.523666
21.46 0.506524
21.48 0.489179
21.5 0.471639
21.52 0.45391
21.54 0.435999
21.56 0.417915
21.58 0.399662
21.6 0.38125
21.62 0.362686
21.64 0.343977
21.66 0.325129
21.68 0.306152
21.7 0.287053
21.72 0.267838
21.74 0.248517
21.76 0.229096
21.78 0.209583
21.8 0.189987
21.82 0.170314
21.84 0.150574
21.86 0.130773
21.88 0.11092
21.9 0.0910224
21.92 0.0710886
21.94 0.0511263
21.96 0.0311435
21.98 0.0111483
22 -0.00885131
22.02 -0.0288474
22.04 -0.048832
22.06 -0.068797
22.08 -0.0887346
22.1 -0.108637
22.12 -0.128495
22.14 -0.148302
22.16 -0.16805
22.18 -0.187731
22.2 -0.207336
22.22 -0.226859
22.24 -0.246291
22.26 -0.265624
22.28 -0.284851
22.3 -0.303965
22.32 -0.322956
22.34 -0.341819
22.36 -0.360544
22.38 -0.379126
22.4 -0.397556
22.42 -0.415827
22.44 -0.433931
22.46 -0.451862
22.48 -0.469612
22.5 -0.487175
22.52 -0.504542
22.54 -0.521708
22.56 -0.538665
22.58 -0.555406
22.6 -0.571926
22.62 -0.588216
22.64 -0.604272
22.66 -0.620085
22.68 -0.635651
22.7 -0.650962
22.72 -0.666013
22.74 -0.680798
22.76 -0.69531
22.78 -0.709544
22.8 -0.723495
22.82 -0.737156
22.84 -0.750522
22.86 -0.763588
22.88 -0.776348
22.9 -0.788798
22.92 -0.800933
22.94 -0.812747
22.96 -0.824236
22.98 -0.835395
23 -0.84622
23.02 -0.856707
23.04 -0.866851
23.06 -0.876648
23.08 -0.886095
23.1 -0.895187
23.12 -0.903922
23.14 -0.912294
23.16 -0.920302
23.18 -0.927941
23.2 -0.93521
23.22 -0.942104
23.24 -0.948622
23.26 -0.95476
23.28 -0.960516
23.3 -0.965888
23.32 -0.970874
23.34 -0.975471
23.36 -0.979678
23.38 -0.983494
23.4 -0.986916
23.42 -0.989943
23.44 -0.992574
23.46 -0.994808
23.48 -0.996644
23.5 -0.998082
23.52 -0.99912
23.54 -0.999759
23.56 -0.999998
23.58 -0.999837
23.6 -0.999276
23.62 -0.998315
23.64 -0.996955
23.66 -0.995196
23.68 -0.99304
23.7 -0.990486
23.72 -0.987535
23.74 -0.98419
23.76 -0.980451
23.78 -0.97632
23.8 -0.971798
23.82 -0.966888
23.84 -0.961591
23.86 -0.955909
23.88 -0.949845
23.9 -0.943401
23.92 -0.93658
23.94 -0.929384
23.96 -0.921817
23.98 -0.91388
24 -0.905578
24.02 -0.896914
24.04 -0.887891
24.06 -0.878513
24.08 -0.868784
24.1 -0.858707
24.12 -0.848287
24.14 -0.837527
24.16 -0.826432
24.18 -0.815007
24.2 -0.803256
24.22 -0.791183
24.24 -0.778794
24.26 -0.766094
24.28 -0.753087
24.3 -0.739779
24.32 -0.726175
24.34 -0.71228
24.36 -0.698101
24.38 -0.683642
24.4 -0.66891
24.42 -0.65391
24.44 -0.638649
24.46 -0.623132
24.48 -0.607366
24.5 -0.591358
24.52 -0.575112
24.54 -0.558637
24.56 -0.541938
24.58 -0.525022
24.6 -0.507897
24.62 -0.490568
24.64 -0.473043
24.66 -0.455329
24.68 -0.437432
24.7 -0.419361
24.72 -0.401122
24.74 -0.382722
24.76 -0.36417
24.78 -0.345472
24.8 -0.326635
24.82 -0.307668
24.84 -0.288578
24.86 -0.269372
24.88 -0.250059
24.9 -0.230646
24.92 -0.21114
24.94 -0.19155
24.96 -0.171883
24.98 -0.152148
25 -0.132352
25.02 -0.112503
25.04 -0.0926083
25.06 -0.0726771
25.08 -0.0527168
25.1 -0.0327354
25.12 -0.0127409
25.14 0.00725871
25.16 0.0272554
25.18 0.0472412
25.2 0.0672081
25.22 0.0871481
25.24 0.107053
25.26 0.126916
25.28 0.146727
25.3 0.16648
25.32 0.186166
25.34 0.205778
25.36 0.225308
25.38 0.244747
25.4 0.264089
25.42 0.283324
25.44 0.302447
25.46 0.321448
25.48 0.340321
25.5 0.359058
25.52 0.377652
25.54 0.396094
25.56 0.414378
25.58 0.432496
25.6 0.450441
25.62 0.468205
25.64 0.485783
25.66 0.503166
25.68 0.520348
25.7 0.537322
25.72 0.554081
25.74 0.570618
25.76 0.586928
25.78 0.603002
25.8 0.618835
25.82 0.634421
25.84 0.649752
25.86 0.664824
25.88 0.67963
25.9 0.694165
25.92 0.708421
25.94 0.722394
25.96 0.736079
25.98 0.749468
26 0.762558
26.02 0.775343
26.04 0.787818
26.06 0.799978
26.08 0.811818
26.1 0.823333
26.12 0.834519
26.14 0.845371
26.16 0.855885
26.18 0.866056
26.2 0.875881
26.22 0.885356
26.24 0.894476
26.26 0.903239
26.28 0.911641
26.3 0.919678
26.32 0.927347
26.34 0.934645
26.36 0.941569
26.38 0.948117
26.4 0.954285
26.42 0.960072
26.44 0.965474
26.46 0.970491
26.48 0.975119
26.5 0.979358
26.52 0.983204
26.54 0.986658
26.56 0.989716
26.58 0.992379
26.6 0.994645
26.62 0.996513
26.64 0.997982
26.66 0.999052
26.68 0.999723
26.7 0.999994
26.72 0.999864
26.74 0.999335
26.76 0.998406
26.78 0.997078
26.8 0.995351
26.82 0.993226
26.84 0.990703
26.86 0.987785
26.88 0.984471
26.9 0.980763
26.92 0.976663
26.94 0.972173
26.96 0.967293
26.98 0.962027
27 0.956376
27.02 0.950342
27.04 0.943928
27.06 0.937137
27.08 0.929971
27.1 0.922433
27.12 0.914526
27.14 0.906253
27.16 0.897617
27.18 0.888623
27.2 0.879273
27.22 0.869571
27.24 0.859522
27.26 0.849129
27.28 0.838396
27.3 0.827328
27.32 0.815929
27.34 0.804203
27.36 0.792156
27.38 0.779792
27.4 0.767116
27.42 0.754134
27.44 0.740849
27.46 0.727269
27.48 0.713397
27.5 0.69924
27.52 0.684803
27.54 0.670093
27.56 0.655114
27.58 0.639874
27.6 0.624377
27.62 0.608631
27.64 0.592641
27.66 0.576414
27.68 0.559957
27.7 0.543276
27.72 0.526377
27.74 0.509268
27.76 0.491955
27.78 0.474445
27.8 0.456746
27.82 0.438864
27.84 0.420806
27.86 0.40258
27.88 0.384193
27.9 0.365653
27.92 0.346966
27.94 0.32814
27.96 0.309183
27.98 0.290102
28 0.270906
28.02 0.251601
28.04 0.232195
28.06 0.212697
28.08 0.193113
28.1 0.173452
28.12 0.153722
28.14 0.13393
28.16 0.114085
28.18 0.094194
28.2 0.0742654
28.22 0.0543072
28.24 0.0343271
28.26 0.0143334
28.28 -0.00566609
28.3 -0.0256633
28.32 -0.0456502
28.34 -0.0656189
28.36 -0.0855614
28.38 -0.10547
28.4 -0.125336
28.42 -0.145152
28.44 -0.164909
28.46 -0.184601
28.48 -0.204219
28.5 -0.223756
28.52 -0.243202
28.54 -0.262552
28.56 -0.281797
28.58 -0.300928
28.6 -0.31994
28.62 -0.338823
28.64 -0.357571
28.66 -0.376176
28.68 -0.394631
28.7 -0.412928
28.72 -0.431059
28.74 -0.449018
28.76 -0.466798
28.78 -0.48439
28.8 -0.501789
28.82 -0.518988
28.84 -0.535978
28.86 -0.552755
28.88 -0.56931
28.9 -0.585637
28.92 -0.601731
28.94 -0.617583
28.96 -0.633189
28.98 -0.648541
29 -0.663634
29.02 -0.678461
29.04 -0.693017
29.06 -0.707296
29.08 -0.721292
29.1 -0.735
29.12 -0.748413
29.14 -0.761527
29.16 -0.774337
29.18 -0.786836
29.2 -0.799021
29.22 -0.810887
29.24 -0.822428
29.26 -0.83364
29.28 -0.844519
29.3 -0.85506
29.32 -0.865259
29.34 -0.875111
29.36 -0.884614
29.38 -0.893763
29.4 -0.902555
29.42 -0.910985
29.44 -0.919051
29.46 -0.92675
29.48 -0.934077
29.5 -0.941031
29.52 -0.947609
29.54 -0.953808
29.56 -0.959625
29.58 -0.965058
29.6 -0.970106
29.62 -0.974765
29.64 -0.979034
29.66 -0.982912
29.68 -0.986397
29.7 -0.989487
29.72 -0.992181
29.74 -0.994479
29.76 -0.996379
29.78 -0.99788
29.8 -0.998982
29.82 -0.999684
29.84 -0.999987
29.86 -0.999889
29.88 -0.999392
29.9 -0.998495
29.92 -0.997199
29.94 -0.995503
29.96 -0.99341
29.98 -0.990919
30 -0.988032
30.02 -0.984749
30.04 -0.981073
30.06 -0.977004
30.08 -0.972545
30.1 -0.967696
30.12 -0.962461
30.14 -0.95684
30.16 -0.950837
30.18 -0.944453
30.2 -0.937692
30.22 -0.930555
30.24 -0.923047
30.26 -0.915169
30.28 -0.906925
30.3 -0.898318
30.32 -0.889352
30.34 -0.880031
30.36 -0.870357
30.38 -0.860335
30.4 -0.849969
30.42 -0.839263
30.44 -0.828221
30.46 -0.816849
30.48 -0.805149
30.5 -0.793127
30.52 -0.780788
30.54 -0.768137
30.56 -0.755179
30.58 -0.741918
30.6 -0.728361
30.62 -0.714512
30.64 -0.700378
30.66 -0.685963
30.68 -0.671274
30.7 -0.656317
30.72 -0.641097
30.74 -0.62562
30.76 -0.609894
30.78 -0.593923
30.8 -0.577715
30.82 -0.561276
30.84 -0.544612
30.86 -0.527731
30.88 -0.510638
30.9 -0.493341
30.92 -0.475847
30.94 -0.458162
30.96 -0.440294
30.98 -0.42225
31 -0.404038
31.02 -0.385663
31.04 -0.367135
31.06 -0.348459
31.08 -0.329644
31.1 -0.310697
31.12 -0.291626
31.14 -0.272439
31.16 -0.253142
31.18 -0.233744
31.2 -0.214253
31.22 -0.194675
31.24 -0.17502
31.26 -0.155295
31.28 -0.135508
31.3 -0.115667
31.32 -0.0957795
31.34 -0.0758536
31.36 -0.0558974
31.38 -0.0359188
31.4 -0.0159259
31.42 0.00407345
31.44 0.0240711
31.46 0.0440592
31.48 0.0640296
31.5 0.0839745
31.52 0.103886
31.54 0.123755
31.56 0.143576
31.58 0.163338
31.6 0.183036
31.62 0.20266
31.64 0.222203
31.66 0.241657
31.68 0.261015
31.7 0.280268
31.72 0.299409
31.74 0.318431
31.76 0.337325
31.78 0.356084
31.8 0.3747
31.82 0.393167
31.84 0.411476
31.86 0.429621
31.88 0.447594
31.9 0.465388
31.92 0.482996
31.94 0.500411
31.96 0.517626
31.98 0.534633
32 0.551427
32.02 0.568
32.04 0.584346
32.06 0.600458
32.08 0.61633
32.1 0.631955
32.12 0.647328
32.14 0.662442
32.16 0.67729
32.18 0.691868
32.2 0.706169
32.22 0.720188
32.24 0.733919
32.26 0.747356
32.28 0.760494
32.3 0.773328
32.32 0.785853
32.34 0.798063
32.36 0.809954
32.38 0.821521
32.4 0.832759
32.42 0.843665
32.44 0.854233
32.46 0.864459
32.48 0.87434
32.5 0.88387
32.52 0.893048
32.54 0.901868
32.56 0.910327
32.58 0.918422
32.6 0.92615
32.62 0.933507
32.64 0.940491
32.66 0.947099
32.68 0.953328
32.7 0.959176
32.72 0.96464
32.74 0.969718
32.76 0.974408
32.78 0.978709
32.8 0.982618
32.82 0.986134
32.84 0.989255
32.86 0.991981
32.88 0.994311
32.9 0.996242
32.92 0.997775
32.94 0.998909
32.96 0.999643
32.98 0.999977
33 0.999912
33.02 0.999446
33.04 0.998581
33.06 0.997316
33.08 0.995653
33.1 0.993591
33.12 0.991132
33.14 0.988276
33.16 0.985025
33.18 0.98138
33.2 0.977343
33.22 0.972914
33.24 0.968096
33.26 0.962892
33.28 0.957302
33.3 0.951329
33.32 0.944975
33.34 0.938244
33.36 0.931137
33.38 0.923658
33.4 0.91581
33.42 0.907595
33.44 0.899017
33.46 0.890079
33.48 0.880786
33.5 0.87114
33.52 0.861146
33.54 0.850807
33.56 0.840128
33.58 0.829113
33.6 0.817766
33.62 0.806092
33.64 0.794096
33.66 0.781782
33.68 0.769156
33.7 0.756222
33.72 0.742985
33.74 0.729451
33.76 0.715625
33.78 0.701514
33.8 0.687121
33.82 0.672454
33.84 0.657518
33.86 0.642318
33.88 0.626862
33.9 0.611155
33.92 0.595204
33.94 0.579014
33.96 0.562593
33.98 0.545947
34 0.529083
34.02 0.512007
34.04 0.494726
34.06 0.477247
34.08 0.459577
34.1 0.441724
34.12 0.423694
34.14 0.405494
34.16 0.387132
34.18 0.368615
34.2 0.349951
34.22 0.331147
34.24 0.312211
34.26 0.293149
34.28 0.273971
34.3 0.254682
34.32 0.235292
34.34 0.215808
34.36 0.196237
34.38 0.176588
34.4 0.156869
34.42 0.137086
34.44 0.117249
34.46 0.0973647
34.48 0.0774416
34.5 0.0574875
34.52 0.0375104
34.54 0.0175183
34.56 -0.00248081
34.58 -0.0224789
34.6 -0.042468
34.62 -0.0624402
34.64 -0.0823873
34.66 -0.102302
34.68 -0.122175
34.7 -0.141999
34.72 -0.161767
34.74 -0.18147
34.76 -0.2011
34.78 -0.22065
34.8 -0.240112
34.82 -0.259477
34.84 -0.278739
34.86 -0.297889
34.88 -0.31692
34.9 -0.335825
34.92 -0.354595
34.94 -0.373223
34.96 -0.391702
34.98 -0.410024
35 -0.428183
35.02 -0.44617
35.04 -0.463978
35.06 -0.481601
35.08 -0.499032
35.1 -0.516262
35.12 -0.533286
35.14 -0.550097
35.16 -0.566688
35.18 -0.583052
35.2 -0.599183
35.22 -0.615075
35.24 -0.63072
35.26 -0.646113
35.28 -0.661248
35.3 -0.676118
35.32 -0.690718
35.34 -0.705041
35.36 -0.719082
35.38 -0.732836
35.4 -0.746297
35.42 -0.759459
35.44 -0.772317
35.46 -0.784867
35.48 -0.797102
35.5 -0.809019
35.52 -0.820612
35.54 -0.831877
35.56 -0.842809
35.58 -0.853404
35.6 -0.863657
35.62 -0.873566
35.64 -0.883124
35.66 -0.89233
35.68 -0.901179
35.7 -0.909667
35.72 -0.917791
35.74 -0.925548
35.76 -0.932935
35.78 -0.939949
35.8 -0.946587
35.82 -0.952846
35.84 -0.958724
35.86 -0.964219
35.88 -0.969328
35.9 -0.974049
35.92 -0.978381
35.94 -0.982321
35.96 -0.985868
35.98 -0.989021
36 -0.991779
36.02 -0.99414
36.04 -0.996103
36.06 -0.997667
36.08 -0.998833
36.1 -0.999599
36.12 -0.999965
36.14 -0.999932
36.16 -0.999498
36.18 -0.998665
36.2 -0.997432
36.22 -0.9958
36.24 -0.99377
36.26 -0.991342
36.28 -0.988518
36.3 -0.985298
36.32 -0.981685
36.34 -0.977678
36.36 -0.973281
36.38 -0.968494
36.4 -0.96332
36.42 -0.957761
36.44 -0.951818
36.46 -0.945495
36.48 -0.938794
36.5 -0.931717
36.52 -0.924267
36.54 -0.916448
36.56 -0.908262
36.58 -0.899713
36.6 -0.890804
36.62 -0.881539
36.64 -0.871921
36.66 -0.861954
36.68 -0.851643
36.7 -0.840991
36.72 -0.830002
36.74 -0.818682
36.76 -0.807034
36.78 -0.795063
36.8 -0.782775
36.82 -0.770173
36.84 -0.757263
36.86 -0.74405
36.88 -0.73054
36.9 -0.716737
36.92 -0.702648
36.94 -0.688277
36.96 -0.673632
36.98 -0.658717
37 -0.643538
37.02 -0.628102
37.04 -0.612415
37.06 -0.596483
37.08 -0.580312
37.1 -0.563909
37.12 -0.547281
37.14 -0.530433
37.16 -0.513374
37.18 -0.496109
37.2 -0.478646
37.22 -0.460991
37.24 -0.443152
37.26 -0.425136
37.28 -0.406949
37.3 -0.3886
37.32 -0.370096
37.34 -0.351443
37.36 -0.33265
37.38 -0.313723
37.4 -0.294672
37.42 -0.275502
37.44 -0.256222
37.46 -0.23684
37.48 -0.217363
37.5 -0.197799
37.52 -0.178156
37.54 -0.158441
37.56 -0.138664
37.58 -0.11883
37.6 -0.0989497
37.62 -0.0790293
37.64 -0.0590774
37.66 -0.0391019
37.68 -0.0191107
37.7 0.000888157
37.72 0.0208866
37.74 0.0408768
37.76 0.0608505
37.78 0.0808
37.8 0.100717
37.82 0.120594
37.84 0.140423
37.86 0.160195
37.88 0.179903
37.9 0.19954
37.92 0.219096
37.94 0.238565
37.96 0.257939
37.98 0.277209
38 0.296369
38.02 0.31541
38.04 0.334324
38.06 0.353105
38.08 0.371745
38.1 0.390236
38.12 0.408571
38.14 0.426743
38.16 0.444744
38.18 0.462567
38.2 0.480205
38.22 0.497651
38.24 0.514898
38.26 0.531938
38.28 0.548767
38.3 0.565375
38.32 0.581758
38.34 0.597908
38.36 0.613818
38.38 0.629483
38.4 0.644897
38.42 0.660052
38.44 0.674944
38.46 0.689565
38.48 0.703911
38.5 0.717975
38.52 0.731751
38.54 0.745236
38.56 0.758422
38.58 0.771304
38.6 0.783879
38.62 0.796139
38.64 0.808082
38.66 0.819701
38.68 0.830992
38.7 0.841951
38.72 0.852573
38.74 0.862853
38.76 0.872789
38.78 0.882376
38.8 0.89161
38.82 0.900487
38.84 0.909004
38.86 0.917157
38.88 0.924944
38.9 0.932361
38.92 0.939404
38.94 0.946072
38.96 0.952362
38.98 0.95827
39 0.963795
39.02 0.968935
39.04 0.973687
39.06 0.97805
39.08 0.982022
39.1 0.9856
39.12 0.988785
39.14 0.991574
39.16 0.993966
39.18 0.995961
39.2 0.997557
39.22 0.998755
39.24 0.999553
39.26 0.999951
39.28 0.999949
39.3 0.999547
39.32 0.998746
39.34 0.997545
39.36 0.995944
39.38 0.993946
39.4 0.99155
39.42 0.988757
39.44 0.985569
39.46 0.981987
39.48 0.978012
39.5 0.973645
39.52 0.96889
39.54 0.963746
39.56 0.958218
39.58 0.952306
39.6 0.946013
39.62 0.939341
39.64 0.932294
39.66 0.924874
39.68 0.917084
39.7 0.908927
39.72 0.900407
39.74 0.891527
39.76 0.88229
39.78 0.8727
39.8 0.862761
39.82 0.852477
39.84 0.841851
39.86 0.83089
39.88 0.819595
39.9 0.807973
39.92 0.796028
39.94 0.783765
39.96 0.771188
39.98 0.758302
40 0.745113
40.02 0.731626
40.04 0.717847
40.06 0.70378
40.08 0.689432
40.1 0.674808
40.12 0.659914
40.14 0.644756
40.16 0.629341
40.18 0.613673
40.2 0.59776
40.22 0.581608
40.24 0.565224
40.26 0.548613
40.28 0.531783
40.3 0.51474
40.32 0.497491
40.34 0.480044
40.36 0.462404
40.38 0.444579
40.4 0.426577
40.42 0.408404
40.44 0.390067
40.46 0.371575
40.48 0.352933
40.5 0.334151
40.52 0.315235
40.54 0.296193
40.56 0.277033
40.58 0.257761
40.6 0.238387
40.62 0.218917
40.64 0.19936
40.66 0.179723
40.68 0.160014
40.7 0.140241
40.72 0.120412
40.74 0.100534
40.76 0.0806169
40.78 0.0606672
40.8 0.0406933
40.82 0.020703
40.84 0.000704497
40.86 -0.0192943
40.88 -0.0392854
40.9 -0.0592608
40.92 -0.0792124
40.94 -0.0991324
40.96 -0.119013
40.98 -0.138845
41 -0.158623
41.02 -0.178336
41.04 -0.197979
41.06 -0.217542
41.08 -0.237018
41.1 -0.2564
41.12 -0.275679
41.14 -0.294847
41.16 -0.313898
41.18 -0.332823
41.2 -0.351615
41.22 -0.370266
41.24 -0.388769
41.26 -0.407117
41.28 -0.425302
41.3 -0.443317
41.32 -0.461154
41.34 -0.478807
41.36 -0.496269
41.38 -0.513532
41.4 -0.530589
41.42 -0.547435
41.44 -0.564061
41.46 -0.580462
41.48 -0.59663
41.5 -0.61256
41.52 -0.628245
41.54 -0.643679
41.56 -0.658855
41.58 -0.673767
41.6 -0.688411
41.62 -0.702778
41.64 -0.716865
41.66 -0.730665
41.68 -0.744173
41.7 -0.757383
41.72 -0.77029
41.74 -0.782889
41.76 -0.795175
41.78 -0.807142
41.8 -0.818787
41.82 -0.830105
41.84 -0.84109
41.86 -0.851739
41.88 -0.862047
41.9 -0.872011
41.92 -0.881626
41.94 -0.890888
41.96 -0.899793
41.98 -0.908339
42 -0.916522
42.02 -0.924337
42.04 -0.931784
42.06 -0.938857
42.08 -0.945555
42.1 -0.951875
42.12 -0.957814
42.14 -0.963369
42.16 -0.96854
42.18 -0.973323
42.2 -0.977717
42.22 -0.98172
42.24 -0.98533
42.26 -0.988546
42.28 -0.991366
42.3 -0.99379
42.32 -0.995817
42.34 -0.997445
42.36 -0.998674
42.38 -0.999504
42.4 -0.999934
42.42 -0.999964
42.44 -0.999594
42.46 -0.998824
42.48 -0.997655
42.5 -0.996087
42.52 -0.99412
42.54 -0.991755
42.56 -0.988994
42.58 -0.985838
42.6 -0.982287
42.62 -0.978343
42.64 -0.974007
42.66 -0.969283
42.68 -0.96417
42.7 -0.958672
42.72 -0.95279
42.74 -0.946528
42.76 -0.939886
42.78 -0.932869
42.8 -0.925479
42.82 -0.917718
42.84 -0.90959
42.86 -0.901099
42.88 -0.892247
42.9 -0.883038
42.92 -0.873476
42.94 -0.863565
42.96 -0.853308
42.98 -0.84271
43 -0.831775
43.02 -0.820507
43.04 -0.808911
43.06 -0.796991
43.08 -0.784753
43.1 -0.7722
43.12 -0.759339
43.14 -0.746174
43.16 -0.732711
43.18 -0.718955
43.2 -0.704911
43.22 -0.690585
43.24 -0.675983
43.26 -0.66111
43.28 -0.645973
43.3 -0.630578
43.32 -0.61493
43.34 -0.599036
43.36 -0.582903
43.38 -0.566537
43.4 -0.549944
43.42 -0.533131
43.44 -0.516105
43.46 -0.498872
43.48 -0.48144
43.5 -0.463816
43.52 -0.446005
43.54 -0.428017
43.56 -0.409857
43.58 -0.391533
43.6 -0.373053
43.62 -0.354423
43.64 -0.335652
43.66 -0.316746
43.68 -0.297714
43.7 -0.278563
43.72 -0.2593
43.74 -0.239933
43.76 -0.220471
43.78 -0.20092
43.8 -0.181289
43.82 -0.161586
43.84 -0.141817
43.86 -0.121993
43.88 -0.102119
43.9 -0.0822043
43.92 -0.0622569
43.94 -0.0422845
43.96 -0.0222953
43.98 -0.00229715
44 0.0177019
44.02 0.0376939
44.04 0.0576708
44.06 0.0776247
44.08 0.0975475
44.1 0.117431
44.12 0.137268
44.14 0.15705
44.16 0.176769
44.18 0.196417
44.2 0.215987
44.22 0.235471
44.24 0.25486
44.26 0.274147
44.28 0.293325
44.3 0.312385
44.32 0.331321
44.34 0.350123
44.36 0.368786
44.38 0.387302
44.4 0.405662
44.42 0.42386
44.44 0.441889
44.46 0.45974
44.48 0.477408
44.5 0.494885
44.52 0.512164
44.54 0.529239
44.56 0.546101
44.58 0.562745
44.6 0.579164
44.62 0.595351
44.64 0.611301
44.66 0.627005
44.68 0.642459
44.7 0.657656
44.72 0.67259
44.74 0.687255
44.76 0.701644
44.78 0.715754
44.8 0.729577
44.82 0.743108
44.84 0.756342
44.86 0.769273
44.88 0.781897
44.9 0.794208
44.92 0.806201
44.94 0.817872
44.96 0.829216
44.98 0.840228
45 0.850904
45.02 0.861239
45.04 0.87123
45.06 0.880873
45.08 0.890163
45.1 0.899097
45.12 0.907672
45.14 0.915883
45.16 0.923729
45.18 0.931204
45.2 0.938307
45.22 0.945035
45.24 0.951385
45.26 0.957355
45.28 0.962941
45.3 0.968142
45.32 0.972956
45.34 0.977381
45.36 0.981415
45.38 0.985057
45.4 0.988304
45.42 0.991156
45.44 0.993612
45.46 0.99567
45.48 0.99733
45.5 0.998591
45.52 0.999452
45.54 0.999914
45.56 0.999976
45.58 0.999638
45.6 0.9989
45.62 0.997763
45.64 0.996226
45.66 0.994291
45.68 0.991958
45.7 0.989229
45.72 0.986103
45.74 0.982584
45.76 0.978671
45.78 0.974367
45.8 0.969673
45.82 0.964591
45.84 0.959124
45.86 0.953273
45.88 0.94704
45.9 0.940429
45.92 0.933442
45.94 0.926081
45.96 0.91835
45.98 0.910251
46 0.901788
46.02 0.892965
46.04 0.883785
46.06 0.87425
46.08 0.864367
46.1 0.854137
46.12 0.843566
46.14 0.832658
46.16 0.821416
46.18 0.809846
46.2 0.797952
46.22 0.785739
46.24 0.773211
46.26 0.760375
46.28 0.747234
46.3 0.733794
46.32 0.720061
46.34 0.706039
46.36 0.691736
46.38 0.677155
46.4 0.662304
46.42 0.647188
46.44 0.631813
46.46 0.616185
46.48 0.600311
46.5 0.584197
46.52 0.567849
46.54 0.551273
46.56 0.534478
46.58 0.517468
46.6 0.500252
46.62 0.482836
46.64 0.465226
46.66 0.44743
46.68 0.429456
46.7 0.411309
46.72 0.392998
46.74 0.37453
46.76 0.355912
46.78 0.337152
46.8 0.318257
46.82 0.299234
46.84 0.280092
46.86 0.260838
46.88 0.241479
46.9 0.222024
46.92 0.20248
46.94 0.182855
46.96 0.163157
46.98 0.143394
47 0.123573
47.02 0.103703
47.04 0.0837914
47.06 0.0638463
47.08 0.0438757
47.1 0.0238875
47.12 0.00388979
47.14 -0.0161095
47.16 -0.0361023
47.18 -0.0560808
47.2 -0.0760367
47.22 -0.0959623
47.24 -0.115849
47.26 -0.13569
47.28 -0.155477
47.3 -0.175201
47.32 -0.194856
47.34 -0.214432
47.36 -0.233923
47.38 -0.25332
47.4 -0.272615
47.42 -0.291802
47.44 -0.310872
47.46 -0.329817
47.48 -0.348631
47.5 -0.367305
47.52 -0.385833
47.54 -0.404206
47.56 -0.422417
47.58 -0.440459
47.6 -0.458325
47.62 -0.476008
47.64 -0.493501
47.66 -0.510796
47.68 -0.527887
47.7 -0.544766
47.72 -0.561428
47.74 -0.577865
47.76 -0.594071
47.78 -0.610039
47.8 -0.625764
47.82 -0.641238
47.84 -0.656455
47.86 -0.67141
47.88 -0.686097
47.9 -0.700509
47.92 -0.714641
47.94 -0.728487
47.96 -0.742041
47.98 -0.755299
48 -0.768255
48.02 -0.780903
48.04 -0.793239
48.06 -0.805258
48.08 -0.816954
48.1 -0.828324
48.12 -0.839363
48.14 -0.850066
48.16 -0.860429
48.18 -0.870447
48.2 -0.880118
48.22 -0.889436
48.24 -0.898399
48.26 -0.907002
48.28 -0.915243
48.3 -0.923117
48.32 -0.930623
48.34 -0.937756
48.36 -0.944513
48.38 -0.950894
48.4 -0.956893
48.42 -0.96251
48.44 -0.967742
48.46 -0.972587
48.48 -0.977043
48.5 -0.981108
48.52 -0.984781
48.54 -0.98806
48.56 -0.990944
48.58 -0.993431
48.6 -0.995521
48.62 -0.997212
48.64 -0.998505
48.66 -0.999398
48.68 -0.999892
48.7 -0.999986
48.72 -0.99968
48.74 -0.998974
48.76 -0.997868
48.78 -0.996363
48.8 -0.99446
48.82 -0.992158
48.84 -0.989461
48.86 -0.986367
48.88 -0.982878
48.9 -0.978997
48.92 -0.974724
48.94 -0.970061
48.96 -0.96501
48.98 -0.959573
49 -0.953753
49.02 -0.94755
49.04 -0.940969
49.06 -0.934012
49.08 -0.926681
49.1 -0.918979
49.12 -0.910909
49.14 -0.902476
49.16 -0.893681
49.18 -0.884529
49.2 -0.875023
49.22 -0.865167
49.24 -0.854965
49.26 -0.844421
49.28 -0.833539
49.3 -0.822324
49.32 -0.810779
49.34 -0.798911
49.36 -0.786723
49.38 -0.77422
49.4 -0.761408
49.42 -0.748291
49.44 -0.734875
49.46 -0.721165
49.48 -0.707166
49.5 -0.692885
49.52 -0.678326
49.54 -0.663496
49.56 -0.648401
49.58 -0.633047
49.6 -0.617439
49.62 -0.601584
49.64 -0.585488
49.66 -0.569159
49.68 -0.552602
49.7 -0.535823
49.72 -0.518831
49.74 -0.50163
49.76 -0.48423
49.78 -0.466635
49.8 -0.448854
49.82 -0.430893
49.84 -0.41276
49.86 -0.394462
49.88 -0.376006
49.9 -0.3574
49.92 -0.338651
49.94 -0.319766
49.96 -0.300753
49.98 -0.28162
50 -0.262375
50.02 -0.243024
50.04 -0.223577
50.06 -0.204039
50.08 -0.184421
50.1 -0.164728
50.12 -0.14497
50.14 -0.125153
50.16 -0.105287
50.18 -0.0853784
50.2 -0.0654357
50.22 -0.0454668
50.24 -0.0254797
50.26 -0.00548243
50.28 0.014517
50.3 0.0345107
50.32 0.0544905
50.34 0.0744486
50.36 0.0943769
50.38 0.114267
50.4 0.134112
50.42 0.153903
50.44 0.173633
50.46 0.193293
50.48 0.212876
50.5 0.232374
50.52 0.251779
50.54 0.271083
50.56 0.290278
50.58 0.309358
50.6 0.328313
50.62 0.347138
50.64 0.365824
50.66 0.384363
50.68 0.402748
50.7 0.420973
50.72 0.439029
50.74 0.456909
50.76 0.474607
50.78 0.492115
50.8 0.509426
50.82 0.526533
50.84 0.54343
50.86 0.560109
50.88 0.576564
50.9 0.592789
50.92 0.608777
50.94 0.624521
50.96 0.640015
50.98 0.655253
51 0.670229
51.02 0.684937
51.04 0.699371
51.06 0.713526
51.08 0.727395
51.1 0.740973
51.12 0.754254
51.14 0.767234
51.16 0.779907
51.18 0.792268
51.2 0.804312
51.22 0.816035
51.24 0.827431
51.26 0.838496
51.28 0.849226
51.3 0.859616
51.32 0.869662
51.34 0.879361
51.36 0.888707
51.38 0.897698
51.4 0.90633
51.42 0.9146
51.44 0.922504
51.46 0.930038
51.48 0.937201
51.5 0.943989
51.52 0.950399
51.54 0.95643
51.56 0.962077
51.58 0.96734
51.6 0.972216
51.62 0.976703
51.64 0.980799
51.66 0.984503
51.68 0.987813
51.7 0.990728
51.72 0.993247
51.74 0.995369
51.76 0.997092
51.78 0.998417
51.8 0.999342
51.82 0.999868
51.84 0.999993
51.86 0.999719
51.88 0.999044
51.9 0.99797
51.92 0.996497
51.94 0.994626
51.96 0.992356
51.98 0.98969
52 0.986628
52.02 0.983171
52.04 0.979321
52.06 0.975079
52.08 0.970447
52.1 0.965427
52.12 0.96002
52.14 0.95423
52.16 0.948058
52.18 0.941507
52.2 0.934579
52.22 0.927278
52.24 0.919606
52.26 0.911565
52.28 0.90316
52.3 0.894394
52.32 0.88527
52.34 0.875792
52.36 0.865964
52.38 0.85579
52.4 0.845273
52.42 0.834418
52.44 0.823229
52.46 0.811711
52.48 0.799868
52.5 0.787705
52.52 0.775227
52.54 0.76244
52.56 0.749347
52.58 0.735954
52.6 0.722267
52.62 0.708292
52.64 0.694032
52.66 0.679496
52.68 0.664687
52.7 0.649613
52.72 0.634279
52.74 0.618691
52.76 0.602855
52.78 0.586779
52.8 0.570468
52.82 0.553928
52.84 0.537167
52.86 0.520191
52.88 0.503008
52.9 0.485622
52.92 0.468043
52.94 0.450277
52.96 0.43233
52.98 0.41421
53 0.395925
53.02 0.377482
53.04 0.358887
53.06 0.340149
53.08 0.321275
53.1 0.302272
53.12 0.283148
53.14 0.263911
53.16 0.244569
53.18 0.225129
53.2 0.205598
53.22 0.185986
53.24 0.166299
53.26 0.146545
53.28 0.126733
53.3 0.106871
53.32 0.0869651
53.34 0.0670248
53.36 0.0470577
53.38 0.0270718
53.4 0.00707505
53.42 -0.0129245
53.44 -0.0329189
53.46 -0.0529002
53.48 -0.0728603
53.5 -0.0927912
53.52 -0.112685
53.54 -0.132534
53.56 -0.15233
53.58 -0.172064
53.6 -0.19173
53.62 -0.21132
53.64 -0.230824
53.66 -0.250237
53.68 -0.269549
53.7 -0.288754
53.72 -0.307843
53.74 -0.326809
53.76 -0.345644
53.78 -0.364341
53.8 -0.382892
53.82 -0.40129
53.84 -0.419528
53.86 -0.437597
53.88 -0.455492
53.9 -0.473205
53.92 -0.490728
53.94 -0.508055
53.96 -0.525179
53.98 -0.542092
54 -0.558789
54.02 -0.575262
54.04 -0.591506
54.06 -0.607512
54.08 -0.623276
54.1 -0.63879
54.12 -0.654049
54.14 -0.669046
54.16 -0.683776
54.18 -0.698232
54.2 -0.712409
54.22 -0.726301
54.24 -0.739902
54.26 -0.753208
54.28 -0.766212
54.3 -0.778909
54.32 -0.791295
54.34 -0.803365
54.36 -0.815113
54.38 -0.826536
54.4 -0.837627
54.42 -0.848384
54.44 -0.858801
54.46 -0.868875
54.48 -0.878601
54.5 -0.887976
54.52 -0.896995
54.54 -0.905656
54.56 -0.913955
54.58 -0.921888
54.6 -0.929452
54.62 -0.936645
54.64 -0.943462
54.66 -0.949903
54.68 -0.955963
54.7 -0.961642
54.72 -0.966935
54.74 -0.971842
54.76 -0.97636
54.78 -0.980487
54.8 -0.984223
54.82 -0.987564
54.84 -0.990511
54.86 -0.993061
54.88 -0.995214
54.9 -0.99697
54.92 -0.998326
54.94 -0.999283
54.96 -0.99984
54.98 -0.999998
55 -0.999755
55.02 -0.999113
55.04 -0.998071
55.06 -0.996629
55.08 -0.994789
55.1 -0.992552
55.12 -0.989917
55.14 -0.986886
55.16 -0.98346
55.18 -0.979641
55.2 -0.975431
55.22 -0.97083
55.24 -0.965841
55.26 -0.960465
55.28 -0.954705
55.3 -0.948564
55.32 -0.942043
55.34 -0.935145
55.36 -0.927873
55.38 -0.92023
55.4 -0.912219
55.42 -0.903843
55.44 -0.895105
55.46 -0.88601
55.48 -0.87656
55.5 -0.86676
55.52 -0.856612
55.54 -0.846123
55.56 -0.835294
55.58 -0.824132
55.6 -0.81264
55.62 -0.800823
55.64 -0.788685
55.66 -0.776233
55.68 -0.763469
55.7 -0.7504
55.72 -0.737032
55.74 -0.723368
55.76 -0.709415
55.78 -0.695178
55.8 -0.680663
55.82 -0.665876
55.84 -0.650823
55.86 -0.635509
55.88 -0.619941
55.9 -0.604125
55.92 -0.588068
55.94 -0.571775
55.96 -0.555254
55.98 -0.53851
56 -0.521551
56.02 -0.504383
56.04 -0.487014
56.06 -0.46945
56.08 -0.451698
56.1 -0.433766
56.12 -0.415659
56.14 -0.397387
56.16 -0.378956
56.18 -0.360373
56.2 -0.341646
56.22 -0.322782
56.24 -0.30379
56.26 -0.284675
56.28 -0.265447
56.3 -0.246113
56.32 -0.22668
56.34 -0.207157
56.36 -0.18755
56.38 -0.167869
56.4 -0.148121
56.42 -0.128313
56.44 -0.108454
56.46 -0.0885516
56.48 -0.0686138
56.5 -0.0486486
56.52 -0.0286638
56.54 -0.00866766
56.56 0.011332
56.58 0.0313271
56.6 0.0513097
56.62 0.0712718
56.64 0.0912053
56.66 0.111102
56.68 0.130955
56.7 0.150755
56.72 0.170495
56.74 0.190167
56.76 0.209763
56.78 0.229274
56.8 0.248695
56.82 0.268015
56.84 0.287229
56.86 0.306327
56.88 0.325303
56.9 0.344149
56.92 0.362857
56.94 0.38142
56.96 0.399831
56.98 0.418081
57 0.436165
57.02 0.454074
57.04 0.471801
57.06 0.48934
57.08 0.506682
57.1 0.523823
57.12 0.540753
57.14 0.557468
57.16 0.573959
57.18 0.590221
57.2 0.606246
57.22 0.62203
57.24 0.637564
57.26 0.652844
57.28 0.667862
57.3 0.682613
57.32 0.697091
57.34 0.71129
57.36 0.725205
57.38 0.73883
57.4 0.752159
57.42 0.765187
57.44 0.77791
57.46 0.790321
57.48 0.802416
57.5 0.81419
57.52 0.825638
57.54 0.836756
57.56 0.84754
57.58 0.857984
57.6 0.868085
57.62 0.877839
57.64 0.887242
57.66 0.89629
57.68 0.90498
57.7 0.913307
57.72 0.92127
57.74 0.928863
57.76 0.936085
57.78 0.942933
57.8 0.949404
57.82 0.955495
57.84 0.961203
57.86 0.966528
57.88 0.971465
57.9 0.976014
57.92 0.980173
57.94 0.983939
57.96 0.987313
57.98 0.990291
58 0.992873
58.02 0.995058
58.04 0.996844
58.06 0.998233
58.08 0.999221
58.1 0.999811
58.12 1
58.14 0.999789
58.16 0.999179
58.18 0.998168
58.2 0.996759
58.22 0.994951
58.24 0.992744
58.26 0.990141
58.28 0.987142
58.3 0.983748
58.32 0.97996
58.34 0.97578
58.36 0.97121
58.38 0.966252
58.4 0.960907
58.42 0.955178
58.44 0.949067
58.46 0.942576
58.48 0.935708
58.5 0.928466
58.52 0.920852
58.54 0.91287
58.56 0.904523
58.58 0.895814
58.6 0.886747
58.62 0.877326
58.64 0.867553
58.66 0.857433
58.68 0.84697
58.7 0.836169
58.72 0.825033
58.74 0.813567
58.76 0.801776
58.78 0.789664
58.8 0.777236
58.82 0.764497
58.84 0.751452
58.86 0.738107
58.88 0.724467
58.9 0.710537
58.92 0.696322
58.94 0.681829
58.96 0.667064
58.98 0.652031
59 0.636738
59.02 0.62119
59.04 0.605394
59.06 0.589355
59.08 0.573081
59.1 0.556577
59.12 0.539851
59.14 0.522909
59.16 0.505758
59.18 0.488405
59.2 0.470856
59.22 0.453118
59.24 0.4352
59.26 0.417107
59.28 0.398848
59.3 0.380429
59.32 0.361858
59.34 0.343142
59.36 0.324289
59.38 0.305307
59.4 0.286202
59.42 0.266982
59.44 0.247656
59.46 0.228231
59.48 0.208715
59.5 0.189115
59.52 0.169439
59.54 0.149696
59.56 0.129892
59.58 0.110037
59.6 0.0901379
59.62 0.0702026
59.64 0.0502393
59.66 0.0302558
59.68 0.0102602
59.7 -0.00973943
59.72 -0.0297352
59.74 -0.0497191
59.76 -0.0696831
59.78 -0.0896192
59.8 -0.109519
59.82 -0.129376
59.84 -0.149181
59.86 -0.168926
59.88 -0.188603
59.9 -0.208205
59.92 -0.227724
59.94 -0.247152
59.96 -0.26648
59.98 -0.285703
60 -0.304811
60.02 -0.323797
60.04 -0.342653
60.06 -0.361373
60.08 -0.379948
60.1 -0.39837
60.12 -0.416634
60.14 -0.434731
60.16 -0.452654
60.18 -0.470396
60.2 -0.48795
60.22 -0.505309
60.24 -0.522465
60.26 -0.539413
60.28 -0.556145
60.3 -0.572654
60.32 -0.588934
60.34 -0.604979
60.36 -0.620782
60.38 -0.636336
60.4 -0.651636
60.42 -0.666676
60.44 -0.681448
60.46 -0.695948
60.48 -0.71017
60.5 -0.724108
60.52 -0.737756
60.54 -0.751109
60.56 -0.764161
60.58 -0.776908
60.6 -0.789344
60.62 -0.801464
60.64 -0.813264
60.66 -0.824738
60.68 -0.835883
60.7 -0.846693
60.72 -0.857165
60.74 -0.867294
60.76 -0.877075
60.78 -0.886506
60.8 -0.895583
60.82 -0.904301
60.84 -0.912658
60.86 -0.920649
60.88 -0.928272
60.9 -0.935524
60.92 -0.942402
60.94 -0.948902
60.96 -0.955024
60.98 -0.960763
61 -0.966118
61.02 -0.971086
61.04 -0.975666
61.06 -0.979856
61.08 -0.983654
61.1 -0.987058
61.12 -0.990068
61.14 -0.992682
61.16 -0.994898
61.18 -0.996717
61.2 -0.998137
61.22 -0.999157
61.24 -0.999778
61.26 -0.999999
61.28 -0.999821
61.3 -0.999242
61.32 -0.998263
61.34 -0.996886
61.36 -0.995109
61.38 -0.992935
61.4 -0.990363
61.42 -0.987395
61.44 -0.984032
61.46 -0.980276
61.48 -0.976128
61.5 -0.971589
61.52 -0.966661
61.54 -0.961347
61.56 -0.955648
61.58 -0.949567
61.6 -0.943107
61.62 -0.936269
61.64 -0.929056
61.66 -0.921472
61.68 -0.913519
61.7 -0.905201
61.72 -0.896521
61.74 -0.887482
61.76 -0.878089
61.78 -0.868344
61.8 -0.858252
61.82 -0.847816
61.84 -0.837041
61.86 -0.825932
61.88 -0.814492
61.9 -0.802726
61.92 -0.79064
61.94 -0.778237
61.96 -0.765523
61.98 -0.752502
62 -0.739181
62.02 -0.725564
62.04 -0.711656
62.06 -0.697464
62.08 -0.682993
62.1 -0.668249
62.12 -0.653238
62.14 -0.637965
62.16 -0.622437
62.18 -0.606661
62.2 -0.590641
62.22 -0.574385
62.24 -0.5579
62.26 -0.541191
62.28 -0.524266
62.3 -0.507131
62.32 -0.489794
62.34 -0.47226
62.36 -0.454538
62.38 -0.436633
62.4 -0.418554
62.42 -0.400308
62.44 -0.381902
62.46 -0.363342
62.48 -0.344638
62.5 -0.325796
62.52 -0.306823
62.54 -0.287727
62.56 -0.268517
62.58 -0.249199
62.6 -0.229781
62.62 -0.210272
62.64 -0.190678
62.66 -0.171008
62.68 -0.15127
62.7 -0.131471
62.72 -0.11162
62.74 -0.091724
62.76 -0.0717913
62.78 -0.0518298
62.8 -0.0318477
62.82 -0.0118528
62.84 0.00814684
62.86 0.0281432
62.88 0.0481283
62.9 0.0680942
62.92 0.0880328
62.94 0.107936
62.96 0.127796
62.98 0.147606
63 0.167356
63.02 0.187039
63.04 0.206647
63.06 0.226173
63.08 0.245608
63.1 0.264945
63.12 0.284176
63.14 0.303293
63.16 0.322289
63.18 0.341156
63.2 0.359887
63.22 0.378474
63.24 0.396909
63.26 0.415186
63.28 0.433296
63.3 0.451233
63.32 0.46899
63.34 0.486559
63.36 0.503934
63.38 0.521107
63.4 0.538071
63.42 0.55482
63.44 0.571348
63.46 0.587646
63.48 0.60371
63.5 0.619532
63.52 0.635107
63.54 0.650427
63.56 0.665488
63.58 0.680282
63.6 0.694804
63.62 0.709048
63.64 0.723008
63.66 0.73668
63.68 0.750056
63.7 0.763133
63.72 0.775904
63.74 0.788365
63.76 0.800511
63.78 0.812336
63.8 0.823837
63.82 0.835008
63.84 0.845845
63.86 0.856344
63.88 0.8665
63.9 0.876309
63.92 0.885768
63.94 0.894873
63.96 0.90362
63.98 0.912005
64 0.920026
64.02 0.927679
64.04 0.93496
64.06 0.941868
64.08 0.948399
64.1 0.95455
64.12 0.96032
64.14 0.965705
64.16 0.970705
64.18 0.975316
64.2 0.979537
64.22 0.983366
64.24 0.986802
64.26 0.989843
64.28 0.992488
64.3 0.994736
64.32 0.996586
64.34 0.998038
64.36 0.999091
64.38 0.999744
64.4 0.999996
64.42 0.999849
64.44 0.999303
64.46 0.998356
64.48 0.99701
64.5 0.995265
64.52 0.993122
64.54 0.990582
64.56 0.987646
64.58 0.984315
64.6 0.980589
64.62 0.976472
64.64 0.971964
64.66 0.967068
64.68 0.961784
64.7 0.956116
64.72 0.950065
64.74 0.943635
64.76 0.936827
64.78 0.929644
64.8 0.922089
64.82 0.914166
64.84 0.905877
64.86 0.897226
64.88 0.888215
64.9 0.87885
64.92 0.869133
64.94 0.859068
64.96 0.848659
64.98 0.837912
65 0.826829
65.02 0.815415
65.04 0.803675
65.06 0.791614
65.08 0.779236
65.1 0.766546
65.12 0.75355
65.14 0.740252
65.16 0.726659
65.18 0.712774
65.2 0.698605
65.22 0.684156
65.24 0.669433
65.26 0.654443
65.28 0.639191
65.3 0.623683
65.32 0.607926
65.34 0.591925
65.36 0.575688
65.38 0.559221
65.4 0.54253
65.42 0.525622
65.44 0.508503
65.46 0.491182
65.48 0.473663
65.5 0.455956
65.52 0.438066
65.54 0.42
65.56 0.401767
65.58 0.383373
65.6 0.364826
65.62 0.346133
65.64 0.327301
65.66 0.308338
65.68 0.289252
65.7 0.270051
65.72 0.250741
65.74 0.231331
65.76 0.211829
65.78 0.192241
65.8 0.172577
65.82 0.152844
65.84 0.13305
65.86 0.113203
65.88 0.0933098
65.9 0.0733797
65.92 0.0534203
65.94 0.0334395
65.96 0.0134453
65.98 -0.00655423
66 -0.0265512
66.02 -0.0465375
66.04 -0.0665052
66.06 -0.0864462
66.08 -0.106353
66.1 -0.126217
66.12 -0.14603
66.14 -0.165785
66.16 -0.185474
66.18 -0.205089
66.2 -0.224621
66.22 -0.244064
66.24 -0.263409
66.26 -0.282649
66.28 -0.301775
66.3 -0.320781
66.32 -0.339659
66.34 -0.358401
66.36 -0.376999
66.38 -0.395447
66.4 -0.413736
66.42 -0.43186
66.44 -0.449812
66.46 -0.467583
66.48 -0.485167
66.5 -0.502557
66.52 -0.519747
66.54 -0.536728
66.56 -0.553495
66.58 -0.57004
66.6 -0.586357
66.62 -0.60244
66.64 -0.618281
66.66 -0.633876
66.68 -0.649217
66.7 -0.664298
66.72 -0.679114
66.74 -0.693657
66.76 -0.707924
66.78 -0.721907
66.8 -0.735602
66.82 -0.749002
66.84 -0.762103
66.86 -0.774898
66.88 -0.787384
66.9 -0.799555
66.92 -0.811406
66.94 -0.822933
66.96 -0.83413
66.98 -0.844994
67 -0.85552
67.02 -0.865704
67.04 -0.875541
67.06 -0.885028
67.08 -0.894161
67.1 -0.902937
67.12 -0.911351
67.14 -0.919401
67.16 -0.927083
67.18 -0.934394
67.2 -0.941332
67.22 -0.947892
67.24 -0.954074
67.26 -0.959874
67.28 -0.965291
67.3 -0.970321
67.32 -0.974963
67.34 -0.979215
67.36 -0.983075
67.38 -0.986543
67.4 -0.989615
67.42 -0.992292
67.44 -0.994572
67.46 -0.996454
67.48 -0.997937
67.5 -0.999021
67.52 -0.999706
67.54 -0.999991
67.56 -0.999876
67.58 -0.999361
67.6 -0.998446
67.62 -0.997132
67.64 -0.995419
67.66 -0.993308
67.68 -0.990799
67.7 -0.987894
67.72 -0.984594
67.74 -0.980901
67.76 -0.976814
67.78 -0.972338
67.8 -0.967472
67.82 -0.962219
67.84 -0.956582
67.86 -0.950561
67.88 -0.944161
67.9 -0.937383
67.92 -0.93023
67.94 -0.922705
67.96 -0.91481
67.98 -0.90655
68 -0.897928
68.02 -0.888946
68.04 -0.879608
68.06 -0.869919
68.08 -0.859882
68.1 -0.849501
68.12 -0.83878
68.14 -0.827723
68.16 -0.816336
68.18 -0.804622
68.2 -0.792586
68.22 -0.780233
68.24 -0.767568
68.26 -0.754596
68.28 -0.741322
68.3 -0.727752
68.32 -0.71389
68.34 -0.699743
68.36 -0.685317
68.38 -0.670616
68.4 -0.655646
68.42 -0.640415
68.44 -0.624927
68.46 -0.60919
68.48 -0.593208
68.5 -0.57699
68.52 -0.560541
68.54 -0.543867
68.56 -0.526976
68.58 -0.509874
68.6 -0.492568
68.62 -0.475065
68.64 -0.457373
68.66 -0.439497
68.68 -0.421445
68.7 -0.403225
68.72 -0.384844
68.74 -0.366308
68.76 -0.347626
68.78 -0.328805
68.8 -0.309853
68.82 -0.290777
68.84 -0.271584
68.86 -0.252283
68.88 -0.23288
68.9 -0.213385
68.92 -0.193804
68.94 -0.174146
68.96 -0.154418
68.98 -0.134628
69 -0.114785
69.02 -0.0948954
69.04 -0.074968
69.06 -0.0550106
69.08 -0.0350312
69.1 -0.0150378
69.12 0.0049616
69.14 0.024959
69.16 0.0449465
69.18 0.0649159
69.2 0.0848594
69.22 0.104769
69.24 0.124637
69.26 0.144454
69.28 0.164214
69.3 0.183909
69.32 0.20353
69.34 0.223069
69.36 0.242519
69.38 0.261872
69.4 0.281121
69.42 0.300257
69.44 0.319272
69.46 0.338161
69.48 0.356913
69.5 0.375524
69.52 0.393983
69.54 0.412286
69.56 0.430423
69.58 0.448388
69.6 0.466174
69.62 0.483774
69.64 0.50118
69.66 0.518385
69.68 0.535383
69.7 0.552167
69.72 0.568731
69.74 0.585066
69.76 0.601168
69.78 0.617029
69.8 0.632643
69.82 0.648005
69.84 0.663107
69.86 0.677944
69.88 0.692509
69.9 0.706798
69.92 0.720804
69.94 0.734522
69.96 0.747946
69.98 0.76107
70 0.773891
70.02 0.786401
70.04 0.798598
70.06 0.810474
70.08 0.822027
70.1 0.833251
70.12 0.844141
70.14 0.854694
70.16 0.864905
70.18 0.87477
70.2 0.884285
70.22 0.893447
70.24 0.902251
70.26 0.910694
70.28 0.918773
70.3 0.926485
70.32 0.933825
70.34 0.940793
70.36 0.947384
70.38 0.953596
70.4 0.959427
70.42 0.964874
70.44 0.969935
70.46 0.974608
70.48 0.978891
70.5 0.982782
70.52 0.986281
70.54 0.989385
70.56 0.992093
70.58 0.994405
70.6 0.996318
70.62 0.997834
70.64 0.99895
70.66 0.999666
70.68 0.999983
70.7 0.9999
70.72 0.999416
70.74 0.998533
70.76 0.997251
70.78 0.99557
70.8 0.99349
70.82 0.991013
70.84 0.98814
70.86 0.984872
70.88 0.981209
70.9 0.977154
70.92 0.972708
70.94 0.967874
70.96 0.962652
70.98 0.957044
71 0.951055
71.02 0.944684
71.04 0.937936
71.06 0.930813
71.08 0.923317
71.1 0.915453
71.12 0.907221
71.14 0.898628
71.16 0.889674
71.18 0.880365
71.2 0.870704
71.22 0.860694
71.24 0.85034
71.26 0.839646
71.28 0.828616
71.3 0.817255
71.32 0.805567
71.34 0.793556
71.36 0.781228
71.38 0.768588
71.4 0.75564
71.42 0.74239
71.44 0.728843
71.46 0.715005
71.48 0.70088
71.5 0.686476
71.52 0.671796
71.54 0.656848
71.56 0.641637
71.58 0.62617
71.6 0.610452
71.62 0.59449
71.64 0.57829
71.66 0.561859
71.68 0.545203
71.7 0.528329
71.72 0.511243
71.74 0.493954
71.76 0.476466
71.78 0.458788
71.8 0.440927
71.82 0.422889
71.84 0.404682
71.86 0.386313
71.88 0.36779
71.9 0.349119
71.92 0.330309
71.94 0.311367
71.96 0.2923
71.98 0.273116
72 0.253823
72.02 0.234429
72.04 0.214941
72.06 0.195366
72.08 0.175714
72.1 0.155991
72.12 0.136206
72.14 0.116367
72.16 0.0964807
72.18 0.0765561
72.2 0.0566008
72.22 0.0366228
72.24 0.0166303
72.26 -0.00336896
72.28 -0.0233668
72.3 -0.0433554
72.32 -0.0633266
72.34 -0.0832724
72.36 -0.103185
72.38 -0.123056
72.4 -0.142878
72.42 -0.162643
72.44 -0.182343
72.46 -0.20197
72.48 -0.221516
72.5 -0.240974
72.52 -0.260335
72.54 -0.279592
72.56 -0.298737
72.58 -0.317763
72.6 -0.336661
72.62 -0.355425
72.64 -0.374047
72.66 -0.392519
72.68 -0.410834
72.7 -0.428985
72.72 -0.446964
72.74 -0.464765
72.76 -0.482379
72.78 -0.499801
72.8 -0.517023
72.82 -0.534038
72.84 -0.550839
72.86 -0.56742
72.88 -0.583774
72.9 -0.599894
72.92 -0.615775
72.94 -0.631409
72.96 -0.646791
72.98 -0.661914
73 -0.676772
73.02 -0.691359
73.04 -0.70567
73.06 -0.719699
73.08 -0.73344
73.1 -0.746888
73.12 -0.760036
73.14 -0.772881
73.16 -0.785417
73.18 -0.797638
73.2 -0.80954
73.22 -0.821119
73.24 -0.832369
73.26 -0.843286
73.28 -0.853866
73.3 -0.864105
73.32 -0.873998
73.34 -0.883541
73.36 -0.89273
73.38 -0.901563
73.4 -0.910035
73.42 -0.918143
73.44 -0.925884
73.46 -0.933255
73.48 -0.940252
73.5 -0.946873
73.52 -0.953115
73.54 -0.958976
73.56 -0.964454
73.58 -0.969546
73.6 -0.97425
73.62 -0.978564
73.64 -0.982487
73.66 -0.986017
73.68 -0.989152
73.7 -0.991892
73.72 -0.994235
73.74 -0.996181
73.76 -0.997728
73.78 -0.998876
73.8 -0.999624
73.82 -0.999972
73.84 -0.999921
73.86 -0.99947
73.88 -0.998618
73.9 -0.997368
73.92 -0.995718
73.94 -0.99367
73.96 -0.991225
73.98 -0.988383
74 -0.985146
74.02 -0.981515
74.04 -0.977491
74.06 -0.973077
74.08 -0.968273
74.1 -0.963082
74.12 -0.957505
74.14 -0.951546
74.16 -0.945206
74.18 -0.938487
74.2 -0.931394
74.22 -0.923928
74.24 -0.916092
74.26 -0.90789
74.28 -0.899325
74.3 -0.8904
74.32 -0.881119
74.34 -0.871486
74.36 -0.861504
74.38 -0.851177
74.4 -0.84051
74.42 -0.829507
74.44 -0.818172
74.46 -0.806509
74.48 -0.794524
74.5 -0.782222
74.52 -0.769606
74.54 -0.756682
74.56 -0.743456
74.58 -0.729933
74.6 -0.716117
74.62 -0.702016
74.64 -0.687633
74.66 -0.672975
74.68 -0.658048
74.7 -0.642858
74.72 -0.627411
74.74 -0.611713
74.76 -0.59577
74.78 -0.579589
74.8 -0.563176
74.82 -0.546537
74.84 -0.52968
74.86 -0.512612
74.88 -0.495338
74.9 -0.477866
74.92 -0.460203
74.94 -0.442356
74.96 -0.424332
74.98 -0.406138
75 -0.387782
75.02 -0.36927
75.04 -0.350611
75.06 -0.331812
75.08 -0.31288
75.1 -0.293823
75.12 -0.274648
75.14 -0.255364
75.16 -0.235977
75.18 -0.216496
75.2 -0.196928
75.22 -0.177282
75.24 -0.157564
75.26 -0.137784
75.28 -0.117948
75.3 -0.0980658
75.32 -0.0781439
75.34 -0.0581908
75.36 -0.0382144
75.38 -0.0182227
75.4 0.00177631
75.42 0.0217746
75.44 0.0417642
75.46 0.061737
75.48 0.0816852
75.5 0.101601
75.52 0.121476
75.54 0.141302
75.56 0.161072
75.58 0.180777
75.6 0.20041
75.62 0.219963
75.64 0.239428
75.66 0.258797
75.68 0.278062
75.7 0.297217
75.72 0.316252
75.74 0.335161
75.76 0.353936
75.78 0.372569
75.8 0.391054
75.82 0.409382
75.84 0.427546
75.86 0.445539
75.88 0.463354
75.9 0.480984
75.92 0.498421
75.94 0.515659
75.96 0.53269
75.98 0.549509
76 0.566108
76.02 0.58248
76.04 0.598619
76.06 0.614519
76.08 0.630173
76.1 0.645575
76.12 0.660719
76.14 0.675599
76.16 0.690208
76.18 0.704541
76.2 0.718593
76.22 0.732357
76.24 0.745828
76.26 0.759
76.28 0.771869
76.3 0.78443
76.32 0.796676
76.34 0.808604
76.36 0.820209
76.38 0.831486
76.4 0.842429
76.42 0.853036
76.44 0.863302
76.46 0.873222
76.48 0.882794
76.5 0.892012
76.52 0.900873
76.54 0.909374
76.56 0.917511
76.58 0.925281
76.6 0.932681
76.62 0.939708
76.64 0.946359
76.66 0.952632
76.68 0.958524
76.7 0.964032
76.72 0.969154
76.74 0.973889
76.76 0.978235
76.78 0.982189
76.8 0.98575
76.82 0.988917
76.84 0.991688
76.86 0.994063
76.88 0.99604
76.9 0.997619
76.92 0.998799
76.94 0.999579
76.96 0.999959
76.98 0.99994
77 0.99952
77.02 0.998701
77.04 0.997482
77.06 0.995864
77.08 0.993848
77.1 0.991434
77.12 0.988624
77.14 0.985418
77.16 0.981819
77.18 0.977826
77.2 0.973443
77.22 0.96867
77.24 0.963509
77.26 0.957963
77.28 0.952034
77.3 0.945724
77.32 0.939036
77.34 0.931973
77.36 0.924536
77.38 0.91673
77.4 0.908557
77.42 0.90002
77.44 0.891124
77.46 0.881871
77.48 0.872266
77.5 0.862311
77.52 0.852012
77.54 0.841372
77.56 0.830395
77.58 0.819086
77.6 0.80745
77.62 0.79549
77.64 0.783213
77.66 0.770622
77.68 0.757723
77.7 0.744521
77.72 0.731021
77.74 0.717228
77.76 0.703149
77.78 0.688788
77.8 0.674152
77.82 0.659247
77.84 0.644077
77.86 0.62865
77.88 0.612972
77.9 0.597048
77.92 0.580886
77.94 0.564491
77.96 0.54787
77.98 0.531031
78 0.513978
78.02 0.496721
78.04 0.479264
78.06 0.461616
78.08 0.443784
78.1 0.425773
78.12 0.407593
78.14 0.389249
78.16 0.37075
78.18 0.352102
78.2 0.333314
78.22 0.314392
78.24 0.295345
78.26 0.276179
78.28 0.256903
78.3 0.237524
78.32 0.21805
78.34 0.198489
78.36 0.178849
78.38 0.159137
78.4 0.139361
78.42 0.11953
78.44 0.0996507
78.46 0.0797316
78.48 0.0597807
78.5 0.0398058
78.52 0.019815
78.54 -0.00018366
78.56 -0.0201823
78.58 -0.0401728
78.6 -0.0601473
78.62 -0.0800978
78.64 -0.100016
78.66 -0.119895
78.68 -0.139725
78.7 -0.1595
78.72 -0.17921
78.74 -0.198849
78.76 -0.218409
78.78 -0.237881
78.8 -0.257258
78.82 -0.276532
78.84 -0.295696
78.86 -0.314741
78.88 -0.33366
78.9 -0.352446
78.92 -0.371091
78.94 -0.389587
78.96 -0.407928
78.98 -0.426106
79 -0.444113
79.02 -0.461942
79.04 -0.479587
79.06 -0.49704
79.08 -0.514294
79.1 -0.531342
79.12 -0.548178
79.14 -0.564794
79.16 -0.581185
79.18 -0.597343
79.2 -0.613262
79.22 -0.628936
79.24 -0.644358
79.26 -0.659523
79.28 -0.674424
79.3 -0.689055
79.32 -0.70341
79.34 -0.717484
79.36 -0.731271
79.38 -0.744766
79.4 -0.757962
79.42 -0.770856
79.44 -0.783441
79.46 -0.795713
79.48 -0.807666
79.5 -0.819297
79.52 -0.8306
79.54 -0.84157
79.56 -0.852204
79.58 -0.862497
79.6 -0.872445
79.62 -0.882044
79.64 -0.891291
79.66 -0.90018
79.68 -0.90871
79.7 -0.916876
79.72 -0.924676
79.74 -0.932106
79.76 -0.939162
79.78 -0.945844
79.8 -0.952146
79.82 -0.958069
79.84 -0.963607
79.86 -0.968761
79.88 -0.973527
79.9 -0.977903
79.92 -0.981888
79.94 -0.985481
79.96 -0.988679
79.98 -0.991482
80 -0.993889
80.02 -0.995897
80.04 -0.997508
80.06 -0.998719
80.08 -0.999531
80.1 -0.999944
80.12 -0.999956
80.14 -0.999568
80.16 -0.998781
80.18 -0.997594
80.2 -0.996008
80.22 -0.994023
80.24 -0.991641
80.26 -0.988862
80.28 -0.985688
80.3 -0.98212
80.32 -0.978158
80.34 -0.973806
80.36 -0.969064
80.38 -0.963934
80.4 -0.958419
80.42 -0.95252
80.44 -0.946241
80.46 -0.939583
80.48 -0.932549
80.5 -0.925142
80.52 -0.917365
80.54 -0.909221
80.56 -0.900713
80.58 -0.891846
80.6 -0.882621
80.62 -0.873043
80.64 -0.863117
80.66 -0.852845
80.68 -0.842231
80.7 -0.831281
80.72 -0.819999
80.74 -0.808388
80.76 -0.796454
80.78 -0.784202
80.8 -0.771636
80.82 -0.758761
80.84 -0.745583
80.86 -0.732106
80.88 -0.718337
80.9 -0.70428
80.92 -0.689942
80.94 -0.675328
80.96 -0.660443
80.98 -0.645295
81 -0.629888
81.02 -0.614229
81.04 -0.598325
81.06 -0.582181
81.08 -0.565805
81.1 -0.549202
81.12 -0.532379
81.14 -0.515344
81.16 -0.498102
81.18 -0.480662
81.2 -0.463028
81.22 -0.44521
81.24 -0.427214
81.26 -0.409047
81.28 -0.390716
81.3 -0.372229
81.32 -0.353593
81.34 -0.334815
81.36 -0.315904
81.38 -0.296866
81.4 -0.277709
81.42 -0.258442
81.44 -0.239071
81.46 -0.219604
81.48 -0.20005
81.5 -0.180416
81.52 -0.160709
81.54 -0.140938
81.56 -0.121111
81.58 -0.101235
81.6 -0.0813191
81.62 -0.0613704
81.64 -0.0413972
81.66 -0.0214074
81.68 -0.00140899
81.7 0.0185899
81.72 0.0385814
81.74 0.0585575
81.76 0.0785101
81.78 0.0984314
81.8 0.118313
81.82 0.138148
81.84 0.157927
81.86 0.177643
81.88 0.197288
81.9 0.216854
81.92 0.236334
81.94 0.255719
81.96 0.275001
81.98 0.294174
82 0.313229
82.02 0.332158
82.04 0.350955
82.06 0.369612
82.08 0.38812
82.1 0.406474
82.12 0.424664
82.14 0.442685
82.16 0.460529
82.18 0.478189
82.2 0.495657
82.22 0.512927
82.24 0.529992
82.26 0.546845
82.28 0.563479
82.3 0.579888
82.32 0.596065
82.34 0.612003
82.36 0.627697
82.38 0.643139
82.4 0.658325
82.42 0.673247
82.44 0.687899
82.46 0.702277
82.48 0.716374
82.5 0.730184
82.52 0.743702
82.54 0.756923
82.56 0.76984
82.58 0.78245
82.6 0.794747
82.62 0.806726
82.64 0.818383
82.66 0.829712
82.68 0.840709
82.7 0.85137
82.72 0.86169
82.74 0.871666
82.76 0.881293
82.78 0.890567
82.8 0.899486
82.82 0.908044
82.84 0.91624
82.86 0.924068
82.88 0.931528
82.9 0.938614
82.92 0.945325
82.94 0.951659
82.96 0.957611
82.98 0.96318
83 0.968364
83.02 0.973161
83.04 0.977569
83.06 0.981585
83.08 0.985209
83.1 0.988439
83.12 0.991274
83.14 0.993712
83.16 0.995752
83.18 0.997394
83.2 0.998638
83.22 0.999481
83.24 0.999926
83.26 0.99997
83.28 0.999614
83.3 0.998858
83.32 0.997703
83.34 0.996149
83.36 0.994196
83.38 0.991845
83.4 0.989098
83.42 0.985955
83.44 0.982418
83.46 0.978488
83.48 0.974167
83.5 0.969456
83.52 0.964357
83.54 0.958872
83.56 0.953004
83.58 0.946755
83.6 0.940127
83.62 0.933123
83.64 0.925745
83.66 0.917998
83.68 0.909883
83.7 0.901404
83.72 0.892565
83.74 0.883369
83.76 0.873819
83.78 0.86392
83.8 0.853675
83.82 0.843089
83.84 0.832166
83.86 0.820909
83.88 0.809325
83.9 0.797416
83.92 0.785189
83.94 0.772648
83.96 0.759798
83.98 0.746643
84 0.73319
84.02 0.719444
84.04 0.70541
84.06 0.691094
84.08 0.676501
84.1 0.661638
84.12 0.646511
84.14 0.631124
84.16 0.615485
84.18 0.5996
84.2 0.583476
84.22 0.567117
84.24 0.550532
84.26 0.533727
84.28 0.516708
84.3 0.499483
84.32 0.482058
84.34 0.46444
84.36 0.446636
84.38 0.428653
84.4 0.410499
84.42 0.392181
84.44 0.373706
84.46 0.355082
84.48 0.336315
84.5 0.317414
84.52 0.298386
84.54 0.279239
84.56 0.25998
84.58 0.240617
84.6 0.221158
84.62 0.20161
84.64 0.181982
84.66 0.162281
84.68 0.142515
84.7 0.122692
84.72 0.10282
84.74 0.0829064
84.76 0.06296
84.78 0.0429884
84.8 0.0229996
84.82 0.00300164
84.84 -0.0169975
84.86 -0.0369899
84.88 -0.0569675
84.9 -0.0769223
84.92 -0.0968463
84.94 -0.116732
84.96 -0.13657
84.98 -0.156354
85 -0.176076
85.02 -0.195727
85.04 -0.215299
85.06 -0.234786
85.08 -0.254179
85.1 -0.27347
85.12 -0.292651
85.14 -0.311716
85.16 -0.330656
85.18 -0.349463
85.2 -0.368131
85.22 -0.386652
85.24 -0.405018
85.26 -0.423222
85.28 -0.441256
85.3 -0.459115
85.32 -0.476789
85.34 -0.494273
85.36 -0.511559
85.38 -0.528641
85.4 -0.545511
85.42 -0.562163
85.44 -0.57859
85.46 -0.594785
85.48 -0.610743
85.5 -0.626456
85.52 -0.641919
85.54 -0.657125
85.56 -0.672068
85.58 -0.686743
85.6 -0.701142
85.62 -0.715262
85.64 -0.729095
85.66 -0.742636
85.68 -0.755881
85.7 -0.768823
85.72 -0.781458
85.74 -0.79378
85.76 -0.805784
85.78 -0.817466
85.8 -0.828822
85.82 -0.839845
85.84 -0.850533
85.86 -0.860881
85.88 -0.870884
85.9 -0.880539
85.92 -0.889842
85.94 -0.898789
85.96 -0.907376
85.98 -0.9156
86 -0.923458
86.02 -0.930947
86.04 -0.938064
86.06 -0.944805
86.08 -0.951168
86.1 -0.957151
86.12 -0.962751
86.14 -0.967966
86.16 -0.972794
86.18 -0.977232
86.2 -0.98128
86.22 -0.984935
86.24 -0.988196
86.26 -0.991062
86.28 -0.993532
86.3 -0.995604
86.32 -0.997278
86.34 -0.998553
86.36 -0.999429
86.38 -0.999905
86.4 -0.999981
86.42 -0.999657
86.44 -0.998933
86.46 -0.997809
86.48 -0.996287
86.5 -0.994366
86.52 -0.992047
86.54 -0.989332
86.56 -0.98622
86.58 -0.982714
86.6 -0.978816
86.62 -0.974525
86.64 -0.969845
86.66 -0.964777
86.68 -0.959323
86.7 -0.953485
86.72 -0.947266
86.74 -0.940668
86.76 -0.933694
86.78 -0.926346
86.8 -0.918628
86.82 -0.910542
86.84 -0.902093
86.86 -0.893282
86.88 -0.884114
86.9 -0.874592
86.92 -0.864721
86.94 -0.854504
86.96 -0.843944
86.98 -0.833048
87 -0.821818
87.02 -0.810259
87.04 -0.798377
87.06 -0.786174
87.08 -0.773658
87.1 -0.760832
87.12 -0.747702
87.14 -0.734272
87.16 -0.720549
87.18 -0.706538
87.2 -0.692244
87.22 -0.677674
87.24 -0.662832
87.26 -0.647725
87.28 -0.632359
87.3 -0.61674
87.32 -0.600874
87.34 -0.584768
87.36 -0.568428
87.38 -0.551861
87.4 -0.535073
87.42 -0.518071
87.44 -0.500862
87.46 -0.483452
87.48 -0.465849
87.5 -0.44806
87.52 -0.430092
87.54 -0.411951
87.56 -0.393646
87.58 -0.375183
87.6 -0.35657
87.62 -0.337815
87.64 -0.318924
87.66 -0.299906
87.68 -0.280768
87.7 -0.261518
87.72 -0.242163
87.74 -0.222711
87.76 -0.20317
87.78 -0.183548
87.8 -0.163852
87.82 -0.144091
87.84 -0.124272
87.86 -0.104404
87.88 -0.0844934
87.9 -0.0645494
87.92 -0.0445795
87.94 -0.0245918
87.96 -0.00459428
87.98 0.0154051
88 0.0353983
88.02 0.0553774
88.04 0.0753343
88.06 0.095261
88.08 0.11515
88.1 0.134992
88.12 0.154781
88.14 0.174508
88.16 0.194165
88.18 0.213744
88.2 0.233238
88.22 0.252638
88.24 0.271937
88.26 0.291128
88.28 0.310202
88.3 0.329152
88.32 0.347971
88.34 0.36665
88.36 0.385183
88.38 0.403561
88.4 0.421778
88.42 0.439827
88.44 0.457699
88.46 0.475389
88.48 0.492888
88.5 0.51019
88.52 0.527288
88.54 0.544175
88.56 0.560845
88.58 0.57729
88.6 0.593504
88.62 0.609481
88.64 0.625214
88.66 0.640697
88.68 0.655924
88.7 0.670888
88.72 0.685584
88.74 0.700006
88.76 0.714148
88.78 0.728004
88.8 0.741569
88.82 0.754837
88.84 0.767803
88.86 0.780463
88.88 0.79281
88.9 0.80484
88.92 0.816548
88.94 0.827929
88.96 0.83898
88.98 0.849695
89 0.860069
89.02 0.8701
89.04 0.879783
89.06 0.889114
89.08 0.898089
89.1 0.906705
89.12 0.914959
89.14 0.922846
89.16 0.930364
89.18 0.937511
89.2 0.944282
89.22 0.950675
89.24 0.956688
89.26 0.962319
89.28 0.967565
89.3 0.972423
89.32 0.976893
89.34 0.980972
89.36 0.984658
89.38 0.987951
89.4 0.990849
89.42 0.99335
89.44 0.995454
89.46 0.997159
89.48 0.998466
89.5 0.999374
89.52 0.999882
89.54 0.999989
89.56 0.999697
89.58 0.999005
89.6 0.997914
89.62 0.996423
89.64 0.994533
89.66 0.992246
89.68 0.989562
89.7 0.986482
89.72 0.983008
89.74 0.97914
89.76 0.974881
89.78 0.970232
89.8 0.965195
89.82 0.959771
89.84 0.953964
89.86 0.947775
89.88 0.941207
89.9 0.934263
89.92 0.926945
89.94 0.919256
89.96 0.9112
89.98 0.902779
90 0.893997
90.02 0.884857
90.04 0.875363
90.06 0.86552
90.08 0.85533
90.1 0.844798
90.12 0.833928
90.14 0.822724
90.16 0.811192
90.18 0.799335
90.2 0.787158
90.22 0.774666
90.24 0.761865
90.26 0.748758
90.28 0.735353
90.3 0.721653
90.32 0.707664
90.34 0.693393
90.36 0.678844
90.38 0.664023
90.4 0.648937
90.42 0.633592
90.44 0.617993
90.46 0.602147
90.48 0.586059
90.5 0.569738
90.52 0.553189
90.54 0.536418
90.56 0.519433
90.58 0.50224
90.6 0.484846
90.62 0.467258
90.64 0.449483
90.66 0.431529
90.68 0.413402
90.7 0.395109
90.72 0.376659
90.74 0.358058
90.76 0.339313
90.78 0.320433
90.8 0.301425
90.82 0.282296
90.84 0.263055
90.86 0.243708
90.88 0.224263
90.9 0.204729
90.92 0.185113
90.94 0.165423
90.96 0.145667
90.98 0.125852
91 0.105988
91.02 0.0860803
91.04 0.0661386
91.06 0.0461705
91.08 0.026184
91.1 0.00618691
91.12 -0.0138126
91.14 -0.0338066
91.16 -0.0537871
91.18 -0.073746
91.2 -0.0936755
91.22 -0.113567
91.24 -0.133414
91.26 -0.153207
91.28 -0.172939
91.3 -0.192602
91.32 -0.212188
91.34 -0.231688
91.36 -0.251097
91.38 -0.270404
91.4 -0.289604
91.42 -0.308688
91.44 -0.327648
91.46 -0.346477
91.48 -0.365168
91.5 -0.383712
91.52 -0.402103
91.54 -0.420334
91.56 -0.438396
91.58 -0.456283
91.6 -0.473987
91.62 -0.491502
91.64 -0.50882
91.66 -0.525934
91.68 -0.542838
91.7 -0.559525
91.72 -0.575989
91.74 -0.592222
91.76 -0.608218
91.78 -0.62397
91.8 -0.639473
91.82 -0.654721
91.84 -0.669706
91.86 -0.684424
91.88 -0.698868
91.9 -0.713032
91.92 -0.726911
91.94 -0.740499
91.96 -0.753791
91.98 -0.766782
92 -0.779466
92.02 -0.791838
92.04 -0.803894
92.06 -0.815628
92.08 -0.827035
92.1 -0.838112
92.12 -0.848854
92.14 -0.859256
92.16 -0.869314
92.18 -0.879025
92.2 -0.888384
92.22 -0.897388
92.24 -0.906032
92.26 -0.914315
92.28 -0.922232
92.3 -0.929779
92.32 -0.936955
92.34 -0.943756
92.36 -0.95018
92.38 -0.956224
92.4 -0.961885
92.42 -0.967161
92.44 -0.972051
92.46 -0.976551
92.48 -0.980661
92.5 -0.984379
92.52 -0.987703
92.54 -0.990632
92.56 -0.993165
92.58 -0.995301
92.6 -0.997038
92.62 -0.998377
92.64 -0.999316
92.66 -0.999856
92.68 -0.999995
92.7 -0.999735
92.72 -0.999075
92.74 -0.998015
92.76 -0.996556
92.78 -0.994698
92.8 -0.992443
92.82 -0.989791
92.84 -0.986742
92.86 -0.983299
92.88 -0.979463
92.9 -0.975235
92.92 -0.970616
92.94 -0.96561
92.96 -0.960217
92.98 -0.954441
93 -0.948282
93.02 -0.941744
93.04 -0.93483
93.06 -0.927541
93.08 -0.919882
93.1 -0.911855
93.12 -0.903463
93.14 -0.894709
93.16 -0.885598
93.18 -0.876132
93.2 -0.866316
93.22 -0.856154
93.24 -0.845649
93.26 -0.834806
93.28 -0.823628
93.3 -0.812122
93.32 -0.800291
93.34 -0.788139
93.36 -0.775672
93.38 -0.762895
93.4 -0.749813
93.42 -0.736431
93.44 -0.722754
93.46 -0.708789
93.48 -0.694539
93.5 -0.680012
93.52 -0.665213
93.54 -0.650148
93.56 -0.634823
93.58 -0.619244
93.6 -0.603417
93.62 -0.587349
93.64 -0.571046
93.66 -0.554515
93.68 -0.537761
93.7 -0.520793
93.72 -0.503616
93.74 -0.486238
93.76 -0.468666
93.78 -0.450906
93.8 -0.432965
93.82 -0.414852
93.84 -0.396572
93.86 -0.378134
93.88 -0.359544
93.9 -0.340811
93.92 -0.321942
93.94 -0.302943
93.96 -0.283824
93.98 -0.264591
94 -0.245252
94.02 -0.225815
94.04 -0.206288
94.06 -0.186678
94.08 -0.166994
94.1 -0.147242
94.12 -0.127432
94.14 -0.107571
94.16 -0.0876669
94.18 -0.0677277
94.2 -0.0477614
94.22 -0.027776
94.24 -0.00777953
94.26 0.0122201
94.28 0.0322148
94.3 0.0521967
94.32 0.0721576
94.34 0.0920897
94.36 0.111985
94.38 0.131835
94.4 0.151633
94.42 0.17137
94.44 0.191039
94.46 0.210631
94.48 0.230139
94.5 0.249555
94.52 0.268871
94.54 0.288079
94.56 0.307172
94.58 0.326143
94.6 0.344983
94.62 0.363685
94.64 0.382241
94.66 0.400645
94.68 0.418888
94.7 0.436964
94.72 0.454865
94.74 0.472584
94.76 0.490114
94.78 0.507448
94.8 0.524579
94.82 0.5415
94.84 0.558205
94.86 0.574686
94.88 0.590937
94.9 0.606953
94.92 0.622725
94.94 0.638248
94.96 0.653516
94.98 0.668523
95 0.683262
95.02 0.697728
95.04 0.711914
95.06 0.725816
95.08 0.739428
95.1 0.752744
95.12 0.765759
95.14 0.778467
95.16 0.790865
95.18 0.802945
95.2 0.814705
95.22 0.826139
95.24 0.837242
95.26 0.848011
95.28 0.85844
95.3 0.868526
95.32 0.878264
95.34 0.887652
95.36 0.896684
95.38 0.905357
95.4 0.913669
95.42 0.921615
95.44 0.929192
95.46 0.936398
95.48 0.943229
95.5 0.949682
95.52 0.955756
95.54 0.961448
95.56 0.966755
95.58 0.971675
95.6 0.976207
95.62 0.980349
95.64 0.984098
95.66 0.987453
95.68 0.990414
95.7 0.992978
95.72 0.995145
95.74 0.996914
95.76 0.998285
95.78 0.999256
95.8 0.999827
95.82 0.999999
95.84 0.999771
95.86 0.999142
95.88 0.998114
95.9 0.996687
95.92 0.994861
95.94 0.992637
95.96 0.990016
95.98 0.986999
96 0.983588
96.02 0.979783
96.04 0.975586
96.06 0.970998
96.08 0.966023
96.1 0.960661
96.12 0.954915
96.14 0.948786
96.16 0.942279
96.18 0.935394
96.2 0.928135
96.22 0.920506
96.24 0.912507
96.26 0.904144
96.28 0.895419
96.3 0.886336
96.32 0.876899
96.34 0.867111
96.36 0.856976
96.38 0.846498
96.4 0.835681
96.42 0.824531
96.44 0.81305
96.46 0.801244
96.48 0.789118
96.5 0.776676
96.52 0.763924
96.54 0.750866
96.56 0.737508
96.58 0.723854
96.6 0.709911
96.62 0.695684
96.64 0.681179
96.66 0.666402
96.68 0.651358
96.7 0.636053
96.72 0.620494
96.74 0.604687
96.76 0.588637
96.78 0.572353
96.8 0.555839
96.82 0.539103
96.84 0.522152
96.86 0.504992
96.88 0.487629
96.9 0.470072
96.92 0.452327
96.94 0.4344
96.96 0.4163
96.98 0.398034
97 0.379608
97.02 0.36103
97.04 0.342308
97.06 0.323449
97.08 0.304461
97.1 0.285351
97.12 0.266126
97.14 0.246796
97.16 0.227366
97.18 0.207846
97.2 0.188242
97.22 0.168564
97.24 0.148817
97.26 0.129012
97.28 0.109154
97.3 0.0892533
97.32 0.0693166
97.34 0.0493522
97.36 0.029368
97.38 0.00937212
97.4 -0.0106275
97.42 -0.030623
97.44 -0.0506061
97.46 -0.070569
97.48 -0.0905037
97.5 -0.110402
97.52 -0.130257
97.54 -0.150059
97.56 -0.169801
97.58 -0.189475
97.6 -0.209074
97.62 -0.228589
97.64 -0.248012
97.66 -0.267336
97.68 -0.286554
97.7 -0.305656
97.72 -0.324637
97.74 -0.343487
97.76 -0.362201
97.78 -0.380769
97.8 -0.399185
97.82 -0.417441
97.84 -0.435531
97.86 -0.453446
97.88 -0.47118
97.9 -0.488725
97.92 -0.506075
97.94 -0.523222
97.96 -0.54016
97.98 -0.556883
98 -0.573382
98.02 -0.589652
98.04 -0.605686
98.06 -0.621478
98.08 -0.637021
98.1 -0.65231
98.12 -0.667337
98.14 -0.682098
98.16 -0.696586
98.18 -0.710795
98.2 -0.72472
98.22 -0.738355
98.24 -0.751695
98.26 -0.764734
98.28 -0.777467
98.3 -0.789889
98.32 -0.801995
98.34 -0.81378
98.36 -0.82524
98.38 -0.83637
98.4 -0.847166
98.42 -0.857622
98.44 -0.867735
98.46 -0.877502
98.48 -0.886917
98.5 -0.895978
98.52 -0.90468
98.54 -0.91302
98.56 -0.920995
98.58 -0.928602
98.6 -0.935837
98.62 -0.942698
98.64 -0.949182
98.66 -0.955287
98.68 -0.961009
98.7 -0.966347
98.72 -0.971298
98.74 -0.975861
98.76 -0.980033
98.78 -0.983813
98.8 -0.9872
98.82 -0.990192
98.84 -0.992788
98.86 -0.994987
98.88 -0.996788
98.9 -0.99819
98.92 -0.999193
98.94 -0.999797
98.96 -1
98.98 -0.999803
99 -0.999207
99.02 -0.998211
99.04 -0.996815
99.06 -0.995021
99.08 -0.992829
99.1 -0.99024
99.12 -0.987254
99.14 -0.983874
99.16 -0.9801
99.18 -0.975934
99.2 -0.971378
99.22 -0.966433
99.24 -0.961102
99.26 -0.955386
99.28 -0.949288
99.3 -0.942811
99.32 -0.935956
99.34 -0.928727
99.36 -0.921127
99.38 -0.913158
99.4 -0.904823
99.42 -0.896127
99.44 -0.887073
99.46 -0.877663
99.48 -0.867903
99.5 -0.857795
99.52 -0.847345
99.54 -0.836555
99.56 -0.825431
99.58 -0.813976
99.6 -0.802196
99.62 -0.790096
99.64 -0.777679
99.66 -0.764951
99.68 -0.751917
99.7 -0.738582
99.72 -0.724952
99.74 -0.711032
99.76 -0.696828
99.78 -0.682344
99.8 -0.667588
99.82 -0.652565
99.84 -0.637281
99.86 -0.621742
99.88 -0.605954
99.9 -0.589924
99.92 -0.573658
99.94 -0.557163
99.96 -0.540444
99.98 -0.52351
