0.0000000000;0.0000000000
0.0100000000;0.0196337077
0.0200000000;0.0392295170
0.0300000000;0.0587496028
0.0400000000;0.0781562861
0.0500000000;0.0974121067
0.0600000000;0.1164798958
0.0700000000;0.1353228474
0.0800000000;0.1539045895
0.0900000000;0.1721892544
0.1000000000;0.1901415478
0.1100000000;0.2077268168
0.1200000000;0.2249111173
0.1300000000;0.2416612788
0.1400000000;0.2579449691
0.1500000000;0.2737307563
0.1600000000;0.2889881696
0.1700000000;0.3036877580
0.1800000000;0.3178011474
0.1900000000;0.3313010951
0.2000000000;0.3441615427
0.2100000000;0.3563576660
0.2200000000;0.3678659233
0.2300000000;0.3786641004
0.2400000000;0.3887313540
0.2500000000;0.3980482516
0.2600000000;0.4065968091
0.2700000000;0.4143605254
0.2800000000;0.4213244146
0.2900000000;0.4274750344
0.3000000000;0.4328005124
0.3100000000;0.4372905692
0.3200000000;0.4409365376
0.3300000000;0.4437313799
0.3400000000;0.4456697014
0.3500000000;0.4467477606
0.3600000000;0.4469634766
0.3700000000;0.4463164328
0.3800000000;0.4448078784
0.3900000000;0.4424407253
0.4000000000;0.4392195426
0.4100000000;0.4351505481
0.4200000000;0.4302415961
0.4300000000;0.4245021621
0.4400000000;0.4179433249
0.4500000000;0.4105777448
0.4600000000;0.4024196392
0.4700000000;0.3934847555
0.4800000000;0.3837903405
0.4900000000;0.3733551070
0.5000000000;0.3621991977
0.5100000000;0.3503441467
0.5200000000;0.3378128373
0.5300000000;0.3246294583
0.5400000000;0.3108194571
0.5500000000;0.2964094909
0.5600000000;0.2814273747
0.5700000000;0.2659020280
0.5800000000;0.2498634189
0.5900000000;0.2333425063
0.6000000000;0.2163711799
0.6100000000;0.1989821989
0.6200000000;0.1812091289
0.6300000000;0.1630862765
0.6400000000;0.1446486237
0.6500000000;0.1259317603
0.6600000000;0.1069718146
0.6700000000;0.0878053847
0.6800000000;0.0684694667
0.6900000000;0.0490013842
0.7000000000;0.0294387159
0.7100000000;0.0098192230
0.7200000000;-0.0098192237
0.7300000000;-0.0294387166
0.7400000000;-0.0490013849
0.7500000000;-0.0684694673
0.7600000000;-0.0878053853
0.7700000000;-0.1069718152
0.7800000000;-0.1259317609
0.7900000000;-0.1446486243
0.8000000000;-0.1630862771
0.8100000000;-0.1812091295
0.8200000000;-0.1989821995
0.8300000000;-0.2163711804
0.8400000000;-0.2333425068
0.8500000000;-0.2498634195
0.8600000000;-0.2659020285
0.8700000000;-0.2814273752
0.8800000000;-0.2964094914
0.8900000000;-0.3108194576
0.9000000000;-0.3246294587
0.9100000000;-0.3378128377
0.9200000000;-0.3503441471
0.9300000000;-0.3621991981
0.9400000000;-0.3733551073
0.9500000000;-0.3837903408
0.9600000000;-0.3934847558
0.9700000000;-0.4024196394
0.9800000000;-0.4105777450
0.9900000000;-0.4179433251
1.0000000000;-0.4245021623
1.0100000000;-0.4302415962
1.0200000000;-0.4351505482
1.0300000000;-0.4392195427
1.0400000000;-0.4424407254
1.0500000000;-0.4448078785
1.0600000000;-0.4463164329
1.0700000000;-0.4469634766
1.0800000000;-0.4467477606
1.0900000000;-0.4456697014
1.1000000000;-0.4437313798
1.1100000000;-0.4409365375
1.1200000000;-0.4372905690
1.1300000000;-0.4328005123
1.1400000000;-0.4274750342
1.1500000000;-0.4213244144
1.1600000000;-0.4143605252
1.1700000000;-0.4065968088
1.1800000000;-0.3980482513
1.1900000000;-0.3887313537
1.2000000000;-0.3786641000
1.2100000000;-0.3678659229
1.2200000000;-0.3563576657
1.2300000000;-0.3441615423
1.2400000000;-0.3313010947
1.2500000000;-0.3178011469
1.2600000000;-0.3036877575
1.2700000000;-0.2889881691
1.2800000000;-0.2737307558
1.2900000000;-0.2579449686
1.3000000000;-0.2416612783
1.3100000000;-0.2249111167
1.3200000000;-0.2077268163
1.3300000000;-0.1901415472
1.3400000000;-0.1721892538
1.3500000000;-0.1539045889
1.3600000000;-0.1353228468
1.3700000000;-0.1164798952
1.3800000000;-0.0974121061
1.3900000000;-0.0781562855
1.4000000000;-0.0587496022
1.4100000000;-0.0392295164
1.4200000000;-0.0196337070
1.4300000000;0.0000000006
1.4400000000;0.0196337083
1.4500000000;0.0392295176
1.4600000000;0.0587496034
1.4700000000;0.0781562867
1.4800000000;0.0974121074
1.4900000000;0.1164798964
1.5000000000;0.1353228480
1.5100000000;0.1539045901
1.5200000000;0.1721892550
1.5300000000;0.1901415483
1.5400000000;0.2077268174
1.5500000000;0.2249111178
1.5600000000;0.2416612793
1.5700000000;0.2579449696
1.5800000000;0.2737307568
1.5900000000;0.2889881701
1.6000000000;0.3036877584
1.6100000000;0.3178011478
1.6200000000;0.3313010956
1.6300000000;0.3441615431
1.6400000000;0.3563576664
1.6500000000;0.3678659236
1.6600000000;0.3786641007
1.6700000000;0.3887313543
1.6800000000;0.3980482519
1.6900000000;0.4065968093
1.7000000000;0.4143605257
1.7100000000;0.4213244148
1.7200000000;0.4274750345
1.7300000000;0.4328005126
1.7400000000;0.4372905693
1.7500000000;0.4409365377
1.7600000000;0.4437313800
1.7700000000;0.4456697015
1.7800000000;0.4467477606
1.7900000000;0.4469634766
1.8000000000;0.4463164328
1.8100000000;0.4448078784
1.8200000000;0.4424407252
1.8300000000;0.4392195424
1.8400000000;0.4351505479
1.8500000000;0.4302415959
1.8600000000;0.4245021619
1.8700000000;0.4179433247
1.8800000000;0.4105777445
1.8900000000;0.4024196389
1.9000000000;0.3934847552
1.9100000000;0.3837903402
1.9200000000;0.3733551066
1.9300000000;0.3621991974
1.9400000000;0.3503441463
1.9500000000;0.3378128368
1.9600000000;0.3246294578
1.9700000000;0.3108194567
1.9800000000;0.2964094904
1.9900000000;0.2814273742
2.0000000000;0.2659020275
2.0100000000;0.2498634184
2.0200000000;0.2333425057
2.0300000000;0.2163711793
2.0400000000;0.1989821984
2.0500000000;0.1812091283
2.0600000000;0.1630862759
2.0700000000;0.1446486231
2.0800000000;0.1259317596
2.0900000000;0.1069718140
2.1000000000;0.0878053840
2.1100000000;0.0684694661
2.1200000000;0.0490013836
2.1300000000;0.0294387153
2.1400000000;0.0098192224
2.1500000000;-0.0098192243
2.1600000000;-0.0294387172
2.1700000000;-0.0490013855
2.1800000000;-0.0684694679
2.1900000000;-0.0878053859
2.2000000000;-0.1069718159
2.2100000000;-0.1259317615
2.2200000000;-0.1446486249
2.2300000000;-0.1630862777
2.2400000000;-0.1812091300
2.2500000000;-0.1989822001
2.2600000000;-0.2163711810
2.2700000000;-0.2333425074
2.2800000000;-0.2498634200
2.2900000000;-0.2659020290
2.3000000000;-0.2814273757
2.3100000000;-0.2964094919
2.3200000000;-0.3108194580
2.3300000000;-0.3246294591
2.3400000000;-0.3378128381
2.3500000000;-0.3503441475
2.3600000000;-0.3621991985
2.3700000000;-0.3733551077
2.3800000000;-0.3837903412
2.3900000000;-0.3934847561
2.4000000000;-0.4024196397
2.4100000000;-0.4105777453
2.4200000000;-0.4179433254
2.4300000000;-0.4245021625
2.4400000000;-0.4302415964
2.4500000000;-0.4351505484
2.4600000000;-0.4392195428
2.4700000000;-0.4424407254
2.4800000000;-0.4448078786
2.4900000000;-0.4463164329
2.5000000000;-0.4469634766
2.5100000000;-0.4467477606
2.5200000000;-0.4456697013
2.5300000000;-0.4437313798
2.5400000000;-0.4409365373
2.5500000000;-0.4372905689
2.5600000000;-0.4328005121
2.5700000000;-0.4274750340
2.5800000000;-0.4213244142
2.5900000000;-0.4143605249
2.6000000000;-0.4065968085
2.6100000000;-0.3980482510
2.6200000000;-0.3887313534
2.6300000000;-0.3786640997
2.6400000000;-0.3678659225
2.6500000000;-0.3563576653
2.6600000000;-0.3441615419
2.6700000000;-0.3313010943
2.6800000000;-0.3178011465
2.6900000000;-0.3036877570
2.7000000000;-0.2889881686
2.7100000000;-0.2737307553
2.7200000000;-0.2579449681
2.7300000000;-0.2416612777
2.7400000000;-0.2249111162
2.7500000000;-0.2077268157
2.7600000000;-0.1901415466
2.7700000000;-0.1721892533
2.7800000000;-0.1539045883
2.7900000000;-0.1353228462
2.8000000000;-0.1164798946
2.8100000000;-0.0974121055
2.8200000000;-0.0781562848
2.8300000000;-0.0587496015
2.8400000000;-0.0392295157
2.8500000000;-0.0196337064
2.8600000000;0.0000000013
2.8700000000;0.0196337089
2.8800000000;0.0392295183
2.8900000000;0.0587496041
2.9000000000;0.0781562873
2.9100000000;0.0974121080
2.9200000000;0.1164798971
2.9300000000;0.1353228486
2.9400000000;0.1539045907
2.9500000000;0.1721892556
2.9600000000;0.1901415489
2.9700000000;0.2077268179
2.9800000000;0.2249111184
2.9900000000;0.2416612799
3.0000000000;0.2579449702
3.0100000000;0.2737307573
3.0200000000;0.2889881705
3.0300000000;0.3036877589
3.0400000000;0.3178011483
3.0500000000;0.3313010960
3.0600000000;0.3441615435
3.0700000000;0.3563576668
3.0800000000;0.3678659240
3.0900000000;0.3786641010
3.1000000000;0.3887313546
3.1100000000;0.3980482522
3.1200000000;0.4065968096
3.1300000000;0.4143605259
3.1400000000;0.4213244150
3.1500000000;0.4274750347
3.1600000000;0.4328005127
3.1700000000;0.4372905694
3.1800000000;0.4409365378
3.1900000000;0.4437313801
3.2000000000;0.4456697015
3.2100000000;0.4467477607
3.2200000000;0.4469634765
3.2300000000;0.4463164328
3.2400000000;0.4448078783
3.2500000000;0.4424407251
3.2600000000;0.4392195423
3.2700000000;0.4351505478
3.2800000000;0.4302415957
3.2900000000;0.4245021617
3.3000000000;0.4179433245
3.3100000000;0.4105777442
3.3200000000;0.4024196386
3.3300000000;0.3934847549
3.3400000000;0.3837903398
3.3500000000;0.3733551063
3.3600000000;0.3621991970
3.3700000000;0.3503441459
3.3800000000;0.3378128364
3.3900000000;0.3246294574
3.4000000000;0.3108194562
3.4100000000;0.2964094900
3.4200000000;0.2814273737
3.4300000000;0.2659020270
3.4400000000;0.2498634179
3.4500000000;0.2333425052
3.4600000000;0.2163711788
3.4700000000;0.1989821978
3.4800000000;0.1812091277
3.4900000000;0.1630862753
3.5000000000;0.1446486225
3.5100000000;0.1259317590
3.5200000000;0.1069718134
3.5300000000;0.0878053834
3.5400000000;0.0684694654
3.5500000000;0.0490013830
3.5600000000;0.0294387147
3.5700000000;0.0098192217
3.5800000000;-0.0098192249
3.5900000000;-0.0294387178
3.6000000000;-0.0490013861
3.6100000000;-0.0684694686
3.6200000000;-0.0878053865
3.6300000000;-0.1069718165
3.6400000000;-0.1259317621
3.6500000000;-0.1446486255
3.6600000000;-0.1630862783
3.6700000000;-0.1812091306
3.6800000000;-0.1989822007
3.6900000000;-0.2163711816
3.7000000000;-0.2333425079
3.7100000000;-0.2498634205
3.7200000000;-0.2659020295
3.7300000000;-0.2814273762
3.7400000000;-0.2964094923
3.7500000000;-0.3108194585
3.7600000000;-0.3246294596
3.7700000000;-0.3378128385
3.7800000000;-0.3503441479
3.7900000000;-0.3621991989
3.8000000000;-0.3733551080
3.8100000000;-0.3837903415
3.8200000000;-0.3934847564
3.8300000000;-0.4024196400
3.8400000000;-0.4105777455
3.8500000000;-0.4179433256
3.8600000000;-0.4245021627
3.8700000000;-0.4302415966
3.8800000000;-0.4351505485
3.8900000000;-0.4392195429
3.9000000000;-0.4424407255
3.9100000000;-0.4448078786
3.9200000000;-0.4463164329
3.9300000000;-0.4469634766
3.9400000000;-0.4467477606
3.9500000000;-0.4456697013
3.9600000000;-0.4437313797
3.9700000000;-0.4409365372
3.9800000000;-0.4372905688
3.9900000000;-0.4328005119
4.0000000000;-0.4274750338
4.0100000000;-0.4213244139
4.0200000000;-0.4143605247
4.0300000000;-0.4065968083
4.0400000000;-0.3980482507
4.0500000000;-0.3887313530
4.0600000000;-0.3786640994
4.0700000000;-0.3678659222
4.0800000000;-0.3563576649
4.0900000000;-0.3441615415
4.1000000000;-0.3313010939
4.1100000000;-0.3178011460
4.1200000000;-0.3036877566
4.1300000000;-0.2889881681
4.1400000000;-0.2737307548
4.1500000000;-0.2579449676
4.1600000000;-0.2416612772
4.1700000000;-0.2249111156
4.1800000000;-0.2077268151
4.1900000000;-0.1901415460
4.2000000000;-0.1721892527
4.2100000000;-0.1539045877
4.2200000000;-0.1353228456
4.2300000000;-0.1164798940
4.2400000000;-0.0974121049
4.2500000000;-0.0781562842
4.2600000000;-0.0587496009
4.2700000000;-0.0392295151
4.2800000000;-0.0196337058
4.2900000000;0.0000000019
4.3000000000;0.0196337096
4.3100000000;0.0392295189
4.3200000000;0.0587496047
4.3300000000;0.0781562880
4.3400000000;0.0974121086
4.3500000000;0.1164798977
4.3600000000;0.1353228492
4.3700000000;0.1539045913
4.3800000000;0.1721892562
4.3900000000;0.1901415495
4.4000000000;0.2077268185
4.4100000000;0.2249111189
4.4200000000;0.2416612804
4.4300000000;0.2579449707
4.4400000000;0.2737307578
4.4500000000;0.2889881710
4.4600000000;0.3036877594
4.4700000000;0.3178011487
4.4800000000;0.3313010964
4.4900000000;0.3441615439
4.5000000000;0.3563576672
4.5100000000;0.3678659243
4.5200000000;0.3786641014
4.5300000000;0.3887313549
4.5400000000;0.3980482525
4.5500000000;0.4065968099
4.5600000000;0.4143605261
4.5700000000;0.4213244152
4.5800000000;0.4274750349
4.5900000000;0.4328005129
4.6000000000;0.4372905696
4.6100000000;0.4409365379
4.6200000000;0.4437313801
4.6300000000;0.4456697016
4.6400000000;0.4467477607
4.6500000000;0.4469634765
4.6600000000;0.4463164327
4.6700000000;0.4448078782
4.6800000000;0.4424407250
4.6900000000;0.4392195422
4.7000000000;0.4351505476
4.7100000000;0.4302415956
4.7200000000;0.4245021615
4.7300000000;0.4179433242
4.7400000000;0.4105777440
4.7500000000;0.4024196383
4.7600000000;0.3934847546
4.7700000000;0.3837903395
4.7800000000;0.3733551059
4.7900000000;0.3621991966
4.8000000000;0.3503441455
4.8100000000;0.3378128360
4.8200000000;0.3246294569
4.8300000000;0.3108194558
4.8400000000;0.2964094895
4.8500000000;0.2814273732
4.8600000000;0.2659020265
4.8700000000;0.2498634173
4.8800000000;0.2333425047
4.8900000000;0.2163711782
4.9000000000;0.1989821972
4.9100000000;0.1812091271
4.9200000000;0.1630862747
4.9300000000;0.1446486219
4.9400000000;0.1259317584
4.9500000000;0.1069718128
4.9600000000;0.0878053828
4.9700000000;0.0684694648
4.9800000000;0.0490013823
4.9900000000;0.0294387140
5.0000000000;0.0098192211
5.0100000000;-0.0098192256
5.0200000000;-0.0294387185
5.0300000000;-0.0490013868
5.0400000000;-0.0684694692
5.0500000000;-0.0878053871
5.0600000000;-0.1069718171
5.0700000000;-0.1259317627
5.0800000000;-0.1446486261
5.0900000000;-0.1630862788
5.1000000000;-0.1812091312
5.1100000000;-0.1989822012
5.1200000000;-0.2163711821
5.1300000000;-0.2333425085
5.1400000000;-0.2498634210
5.1500000000;-0.2659020301
5.1600000000;-0.2814273767
5.1700000000;-0.2964094928
5.1800000000;-0.3108194590
5.1900000000;-0.3246294600
5.2000000000;-0.3378128389
5.2100000000;-0.3503441483
5.2200000000;-0.3621991992
5.2300000000;-0.3733551084
5.2400000000;-0.3837903418
5.2500000000;-0.3934847567
5.2600000000;-0.4024196403
5.2700000000;-0.4105777458
5.2800000000;-0.4179433258
5.2900000000;-0.4245021629
5.3000000000;-0.4302415968
5.3100000000;-0.4351505487
5.3200000000;-0.4392195430
5.3300000000;-0.4424407256
5.3400000000;-0.4448078787
5.3500000000;-0.4463164330
5.3600000000;-0.4469634766
5.3700000000;-0.4467477605
5.3800000000;-0.4456697012
5.3900000000;-0.4437313796
5.4000000000;-0.4409365371
5.4100000000;-0.4372905686
5.4200000000;-0.4328005118
5.4300000000;-0.4274750336
5.4400000000;-0.4213244137
5.4500000000;-0.4143605245
5.4600000000;-0.4065968080
5.4700000000;-0.3980482504
5.4800000000;-0.3887313527
5.4900000000;-0.3786640990
5.5000000000;-0.3678659218
5.5100000000;-0.3563576645
5.5200000000;-0.3441615411
5.5300000000;-0.3313010934
5.5400000000;-0.3178011456
5.5500000000;-0.3036877561
5.5600000000;-0.2889881676
5.5700000000;-0.2737307543
5.5800000000;-0.2579449671
5.5900000000;-0.2416612767
5.6000000000;-0.2249111151
5.6100000000;-0.2077268146
5.6200000000;-0.1901415455
5.6300000000;-0.1721892521
5.6400000000;-0.1539045871
5.6500000000;-0.1353228450
5.6600000000;-0.1164798934
5.6700000000;-0.0974121043
5.6800000000;-0.0781562836
5.6900000000;-0.0587496003
5.7000000000;-0.0392295145
5.7100000000;-0.0196337051
5.7200000000;0.0000000025
5.7300000000;0.0196337102
5.7400000000;0.0392295195
5.7500000000;0.0587496053
5.7600000000;0.0781562886
5.7700000000;0.0974121092
5.7800000000;0.1164798983
5.7900000000;0.1353228498
5.8000000000;0.1539045919
5.8100000000;0.1721892568
5.8200000000;0.1901415501
5.8300000000;0.2077268191
5.8400000000;0.2249111195
5.8500000000;0.2416612810
5.8600000000;0.2579449712
5.8700000000;0.2737307583
5.8800000000;0.2889881715
5.8900000000;0.3036877598
5.9000000000;0.3178011492
5.9100000000;0.3313010968
5.9200000000;0.3441615444
5.9300000000;0.3563576676
5.9400000000;0.3678659247
5.9500000000;0.3786641017
5.9600000000;0.3887313552
5.9700000000;0.3980482527
5.9800000000;0.4065968101
5.9900000000;0.4143605264
6.0000000000;0.4213244154
6.0100000000;0.4274750351
6.0200000000;0.4328005131
6.0300000000;0.4372905697
6.0400000000;0.4409365380
6.0500000000;0.4437313802
6.0600000000;0.4456697016
6.0700000000;0.4467477607
6.0800000000;0.4469634765
6.0900000000;0.4463164327
6.1000000000;0.4448078782
6.1100000000;0.4424407249
6.1200000000;0.4392195421
6.1300000000;0.4351505475
6.1400000000;0.4302415954
6.1500000000;0.4245021613
6.1600000000;0.4179433240
6.1700000000;0.4105777437
6.1800000000;0.4024196381
6.1900000000;0.3934847543
6.2000000000;0.3837903392
6.2100000000;0.3733551056
6.2200000000;0.3621991962
6.2300000000;0.3503441451
6.2400000000;0.3378128356
6.2500000000;0.3246294565
6.2600000000;0.3108194553
6.2700000000;0.2964094890
6.2800000000;0.2814273727
6.2900000000;0.2659020260
6.3000000000;0.2498634168
6.3100000000;0.2333425041
6.3200000000;0.2163711777
6.3300000000;0.1989821967
6.3400000000;0.1812091266
6.3500000000;0.1630862741
6.3600000000;0.1446486213
6.3700000000;0.1259317578
6.3800000000;0.1069718122
6.3900000000;0.0878053822
6.4000000000;0.0684694642
6.4100000000;0.0490013817
6.4200000000;0.0294387134
6.4300000000;0.0098192205
6.4400000000;-0.0098192262
6.4500000000;-0.0294387191
6.4600000000;-0.0490013874
6.4700000000;-0.0684694698
6.4800000000;-0.0878053878
6.4900000000;-0.1069718177
6.5000000000;-0.1259317633
6.5100000000;-0.1446486267
6.5200000000;-0.1630862794
6.5300000000;-0.1812091318
6.5400000000;-0.1989822018
6.5500000000;-0.2163711827
6.5600000000;-0.2333425090
6.5700000000;-0.2498634216
6.5800000000;-0.2659020306
6.5900000000;-0.2814273772
6.6000000000;-0.2964094933
6.6100000000;-0.3108194594
6.6200000000;-0.3246294604
6.6300000000;-0.3378128393
6.6400000000;-0.3503441487
6.6500000000;-0.3621991996
6.6600000000;-0.3733551087
6.6700000000;-0.3837903421
6.6800000000;-0.3934847570
6.6900000000;-0.4024196405
6.7000000000;-0.4105777460
6.7100000000;-0.4179433261
6.7200000000;-0.4245021631
6.7300000000;-0.4302415969
6.7400000000;-0.4351505488
6.7500000000;-0.4392195432
6.7600000000;-0.4424407257
6.7700000000;-0.4448078788
6.7800000000;-0.4463164330
6.7900000000;-0.4469634766
6.8000000000;-0.4467477605
6.8100000000;-0.4456697012
6.8200000000;-0.4437313795
6.8300000000;-0.4409365370
6.8400000000;-0.4372905685
6.8500000000;-0.4328005116
6.8600000000;-0.4274750334
6.8700000000;-0.4213244135
6.8800000000;-0.4143605242
6.8900000000;-0.4065968077
6.9000000000;-0.3980482501
6.9100000000;-0.3887313524
6.9200000000;-0.3786640987
6.9300000000;-0.3678659215
6.9400000000;-0.3563576641
6.9500000000;-0.3441615407
6.9600000000;-0.3313010930
6.9700000000;-0.3178011451
6.9800000000;-0.3036877556
6.9900000000;-0.2889881671
7.0000000000;-0.2737307538
7.0100000000;-0.2579449665
7.0200000000;-0.2416612761
7.0300000000;-0.2249111145
7.0400000000;-0.2077268140
7.0500000000;-0.1901415449
7.0600000000;-0.1721892515
7.0700000000;-0.1539045866
7.0800000000;-0.1353228444
7.0900000000;-0.1164798928
7.1000000000;-0.0974121036
7.1100000000;-0.0781562830
7.1200000000;-0.0587495996
7.1300000000;-0.0392295138
7.1400000000;-0.0196337045
7.1500000000;0.0000000032
7.1600000000;0.0196337108
7.1700000000;0.0392295201
7.1800000000;0.0587496059
7.1900000000;0.0781562892
7.2000000000;0.0974121098
7.2100000000;0.1164798989
7.2200000000;0.1353228504
7.2300000000;0.1539045925
7.2400000000;0.1721892574
7.2500000000;0.1901415506
7.2600000000;0.2077268196
7.2700000000;0.2249111200
7.2800000000;0.2416612815
7.2900000000;0.2579449717
7.3000000000;0.2737307588
7.3100000000;0.2889881720
7.3200000000;0.3036877603
7.3300000000;0.3178011496
7.3400000000;0.3313010973
7.3500000000;0.3441615448
7.3600000000;0.3563576680
7.3700000000;0.3678659251
7.3800000000;0.3786641021
7.3900000000;0.3887313555
7.4000000000;0.3980482530
7.4100000000;0.4065968104
7.4200000000;0.4143605266
7.4300000000;0.4213244156
7.4400000000;0.4274750353
7.4500000000;0.4328005132
7.4600000000;0.4372905698
7.4700000000;0.4409365381
7.4800000000;0.4437313803
7.4900000000;0.4456697017
7.5000000000;0.4467477607
7.5100000000;0.4469634765
7.5200000000;0.4463164327
7.5300000000;0.4448078781
7.5400000000;0.4424407248
7.5500000000;0.4392195420
7.5600000000;0.4351505474
7.5700000000;0.4302415952
7.5800000000;0.4245021611
7.5900000000;0.4179433238
7.6000000000;0.4105777435
7.6100000000;0.4024196378
7.6200000000;0.3934847540
7.6300000000;0.3837903389
7.6400000000;0.3733551052
7.6500000000;0.3621991959
7.6600000000;0.3503441447
7.6700000000;0.3378128352
7.6800000000;0.3246294561
7.6900000000;0.3108194549
7.7000000000;0.2964094885
7.7100000000;0.2814273722
7.7200000000;0.2659020255
7.7300000000;0.2498634163
7.7400000000;0.2333425036
7.7500000000;0.2163711771
7.7600000000;0.1989821961
7.7700000000;0.1812091260
7.7800000000;0.1630862735
7.7900000000;0.1446486207
7.8000000000;0.1259317572
7.8100000000;0.1069718115
7.8200000000;0.0878053815
7.8300000000;0.0684694635
7.8400000000;0.0490013811
7.8500000000;0.0294387128
7.8600000000;0.0098192198
7.8700000000;-0.0098192268
7.8800000000;-0.0294387197
7.8900000000;-0.0490013880
7.9000000000;-0.0684694704
7.9100000000;-0.0878053884
7.9200000000;-0.1069718183
7.9300000000;-0.1259317639
7.9400000000;-0.1446486273
7.9500000000;-0.1630862800
7.9600000000;-0.1812091324
7.9700000000;-0.1989822024
7.9800000000;-0.2163711832
7.9900000000;-0.2333425095
8.0000000000;-0.2498634221
8.0100000000;-0.2659020311
8.0200000000;-0.2814273777
8.0300000000;-0.2964094938
8.0400000000;-0.3108194599
8.0500000000;-0.3246294609
8.0600000000;-0.3378128398
8.0700000000;-0.3503441491
8.0800000000;-0.3621992000
8.0900000000;-0.3733551091
8.1000000000;-0.3837903425
8.1100000000;-0.3934847573
8.1200000000;-0.4024196408
8.1300000000;-0.4105777463
8.1400000000;-0.4179433263
8.1500000000;-0.4245021633
8.1600000000;-0.4302415971
8.1700000000;-0.4351505490
8.1800000000;-0.4392195433
8.1900000000;-0.4424407258
8.2000000000;-0.4448078788
8.2100000000;-0.4463164331
8.2200000000;-0.4469634766
8.2300000000;-0.4467477605
8.2400000000;-0.4456697011
8.2500000000;-0.4437313795
8.2600000000;-0.4409365369
8.2700000000;-0.4372905684
8.2800000000;-0.4328005115
8.2900000000;-0.4274750332
8.3000000000;-0.4213244133
8.3100000000;-0.4143605240
8.3200000000;-0.4065968075
8.3300000000;-0.3980482499
8.3400000000;-0.3887313521
8.3500000000;-0.3786640983
8.3600000000;-0.3678659211
8.3700000000;-0.3563576637
8.3800000000;-0.3441615403
8.3900000000;-0.3313010926
8.4000000000;-0.3178011447
8.4100000000;-0.3036877552
8.4200000000;-0.2889881667
8.4300000000;-0.2737307533
8.4400000000;-0.2579449660
8.4500000000;-0.2416612756
8.4600000000;-0.2249111140
8.4700000000;-0.2077268134
8.4800000000;-0.1901415443
8.4900000000;-0.1721892509
8.5000000000;-0.1539045860
8.5100000000;-0.1353228438
8.5200000000;-0.1164798921
8.5300000000;-0.0974121030
8.5400000000;-0.0781562823
8.5500000000;-0.0587495990
8.5600000000;-0.0392295132
8.5700000000;-0.0196337038
8.5800000000;0.0000000038
8.5900000000;0.0196337115
8.6000000000;0.0392295208
8.6100000000;0.0587496066
8.6200000000;0.0781562898
8.6300000000;0.0974121105
8.6400000000;0.1164798995
8.6500000000;0.1353228510
8.6600000000;0.1539045931
8.6700000000;0.1721892579
8.6800000000;0.1901415512
8.6900000000;0.2077268202
8.7000000000;0.2249111206
8.7100000000;0.2416612820
8.7200000000;0.2579449722
8.7300000000;0.2737307593
8.7400000000;0.2889881725
8.7500000000;0.3036877608
8.7600000000;0.3178011501
8.7700000000;0.3313010977
8.7800000000;0.3441615452
8.7900000000;0.3563576683
8.8000000000;0.3678659254
8.8100000000;0.3786641024
8.8200000000;0.3887313559
8.8300000000;0.3980482533
8.8400000000;0.4065968107
8.8500000000;0.4143605269
8.8600000000;0.4213244159
8.8700000000;0.4274750355
8.8800000000;0.4328005134
8.8900000000;0.4372905700
8.9000000000;0.4409365382
8.9100000000;0.4437313804
8.9200000000;0.4456697017
8.9300000000;0.4467477608
8.9400000000;0.4469634765
8.9500000000;0.4463164326
8.9600000000;0.4448078781
8.9700000000;0.4424407247
8.9800000000;0.4392195419
8.9900000000;0.4351505472
9.0000000000;0.4302415950
9.0100000000;0.4245021609
9.0200000000;0.4179433236
9.0300000000;0.4105777432
9.0400000000;0.4024196375
9.0500000000;0.3934847537
9.0600000000;0.3837903385
9.0700000000;0.3733551049
9.0800000000;0.3621991955
9.0900000000;0.3503441443
9.1000000000;0.3378128348
9.1100000000;0.3246294556
9.1200000000;0.3108194544
9.1300000000;0.2964094881
9.1400000000;0.2814273717
9.1500000000;0.2659020249
9.1600000000;0.2498634158
9.1700000000;0.2333425030
9.1800000000;0.2163711765
9.1900000000;0.1989821955
9.2000000000;0.1812091254
9.2100000000;0.1630862729
9.2200000000;0.1446486201
9.2300000000;0.1259317566
9.2400000000;0.1069718109
9.2500000000;0.0878053809
9.2600000000;0.0684694629
9.2700000000;0.0490013804
9.2800000000;0.0294387121
9.2900000000;0.0098192192
9.3000000000;-0.0098192275
9.3100000000;-0.0294387204
9.3200000000;-0.0490013887
9.3300000000;-0.0684694711
9.3400000000;-0.0878053890
9.3500000000;-0.1069718189
9.3600000000;-0.1259317645
9.3700000000;-0.1446486279
9.3800000000;-0.1630862806
9.3900000000;-0.1812091329
9.4000000000;-0.1989822029
9.4100000000;-0.2163711838
9.4200000000;-0.2333425101
9.4300000000;-0.2498634226
9.4400000000;-0.2659020316
9.4500000000;-0.2814273782
9.4600000000;-0.2964094942
9.4700000000;-0.3108194603
9.4800000000;-0.3246294613
9.4900000000;-0.3378128402
9.5000000000;-0.3503441494
9.5100000000;-0.3621992003
9.5200000000;-0.3733551094
9.5300000000;-0.3837903428
9.5400000000;-0.3934847576
9.5500000000;-0.4024196411
9.5600000000;-0.4105777465
9.5700000000;-0.4179433265
9.5800000000;-0.4245021635
9.5900000000;-0.4302415973
9.6000000000;-0.4351505491
9.6100000000;-0.4392195434
9.6200000000;-0.4424407259
9.6300000000;-0.4448078789
9.6400000000;-0.4463164331
9.6500000000;-0.4469634766
9.6600000000;-0.4467477605
9.6700000000;-0.4456697011
9.6800000000;-0.4437313794
9.6900000000;-0.4409365368
9.7000000000;-0.4372905682
9.7100000000;-0.4328005113
9.7200000000;-0.4274750331
9.7300000000;-0.4213244131
9.7400000000;-0.4143605238
9.7500000000;-0.4065968072
9.7600000000;-0.3980482496
9.7700000000;-0.3887313518
9.7800000000;-0.3786640980
9.7900000000;-0.3678659207
9.8000000000;-0.3563576634
9.8100000000;-0.3441615399
9.8200000000;-0.3313010922
9.8300000000;-0.3178011442
9.8400000000;-0.3036877547
9.8500000000;-0.2889881662
9.8600000000;-0.2737307528
9.8700000000;-0.2579449655
9.8800000000;-0.2416612751
9.8900000000;-0.2249111134
9.9000000000;-0.2077268129
9.9100000000;-0.1901415437
9.9200000000;-0.1721892503
9.9300000000;-0.1539045854
9.9400000000;-0.1353228432
9.9500000000;-0.1164798915
9.9600000000;-0.0974121024
9.9700000000;-0.0781562817
9.9800000000;-0.0587495984
9.9900000000;-0.0392295126
10.0000000000;-0.0196337032
