0.0000000000;0.0000000000
0.0100000000;0.0168303262
0.0200000000;0.0336367834
0.0300000000;0.0503955363
0.0400000000;0.0670828175
0.0500000000;0.0836749605
0.0600000000;0.1001484344
0.0700000000;0.1164798760
0.0800000000;0.1326461238
0.0900000000;0.1486242506
0.1000000000;0.1643915960
0.1100000000;0.1799257983
0.1200000000;0.1952048268
0.1300000000;0.2102070125
0.1400000000;0.2249110789
0.1500000000;0.2392961726
0.1600000000;0.2533418924
0.1700000000;0.2670283183
0.1800000000;0.2803360400
0.1900000000;0.2932461844
0.2000000000;0.3057404420
0.2100000000;0.3178010932
0.2200000000;0.3294110335
0.2300000000;0.3405537973
0.2400000000;0.3512135819
0.2500000000;0.3613752694
0.2600000000;0.3710244482
0.2700000000;0.3801474338
0.2800000000;0.3887312877
0.2900000000;0.3967638363
0.3000000000;0.4042336875
0.3100000000;0.4111302476
0.3200000000;0.4174437357
0.3300000000;0.4231651979
0.3400000000;0.4282865199
0.3500000000;0.4328004387
0.3600000000;0.4367005524
0.3700000000;0.4399813298
0.3800000000;0.4426381182
0.3900000000;0.4446671496
0.4000000000;0.4460655464
0.4100000000;0.4468313253
0.4200000000;0.4469634004
0.4300000000;0.4464615843
0.4400000000;0.4453265887
0.4500000000;0.4435600233
0.4600000000;0.4411643934
0.4700000000;0.4381430965
0.4800000000;0.4345004176
0.4900000000;0.4302415228
0.5000000000;0.4253724520
0.5100000000;0.4199001107
0.5200000000;0.4138322598
0.5300000000;0.4071775049
0.5400000000;0.3999452838
0.5500000000;0.3921458535
0.5600000000;0.3837902751
0.5700000000;0.3748903988
0.5800000000;0.3654588465
0.5900000000;0.3555089942
0.6000000000;0.3450549529
0.6100000000;0.3341115487
0.6200000000;0.3226943017
0.6300000000;0.3108194042
0.6400000000;0.2985036972
0.6500000000;0.2857646472
0.6600000000;0.2726203208
0.6700000000;0.2590893596
0.6800000000;0.2451909534
0.6900000000;0.2309448132
0.7000000000;0.2163711431
0.7100000000;0.2014906117
0.7200000000;0.1863243228
0.7300000000;0.1708937856
0.7400000000;0.1552208839
0.7500000000;0.1393278452
0.7600000000;0.1232372094
0.7700000000;0.1069717965
0.7800000000;0.0905546743
0.7900000000;0.0740091259
0.8000000000;0.0573586165
0.8100000000;0.0406267602
0.8200000000;0.0238372862
0.8300000000;0.0070140059
0.8400000000;-0.0098192219
0.8500000000;-0.0266385239
0.8600000000;-0.0434200466
0.8700000000;-0.0601399904
0.8800000000;-0.0767746425
0.8900000000;-0.0933004115
0.9000000000;-0.1096938603
0.9100000000;-0.1259317393
0.9200000000;-0.1419910198
0.9300000000;-0.1578489262
0.9400000000;-0.1734829685
0.9500000000;-0.1888709743
0.9600000000;-0.2039911200
0.9700000000;-0.2188219621
0.9800000000;-0.2333424670
0.9900000000;-0.2475320416
1.0000000000;-0.2613705621
1.0100000000;-0.2748384023
1.0200000000;-0.2879164620
1.0300000000;-0.3005861935
1.0400000000;-0.3128296286
1.0500000000;-0.3246294033
1.0600000000;-0.3359687830
1.0700000000;-0.3468316860
1.0800000000;-0.3572027064
1.0900000000;-0.3670671357
1.1000000000;-0.3764109841
1.1100000000;-0.3852209999
1.1200000000;-0.3934846887
1.1300000000;-0.4011903308
1.1400000000;-0.4083269978
1.1500000000;-0.4148845684
1.1600000000;-0.4208537427
1.1700000000;-0.4262260548
1.1800000000;-0.4309938859
1.1900000000;-0.4351504741
1.2000000000;-0.4386899243
1.2100000000;-0.4416072169
1.2200000000;-0.4438982146
1.2300000000;-0.4455596683
1.2400000000;-0.4465892215
1.2500000000;-0.4469854142
1.2600000000;-0.4467476845
1.2700000000;-0.4458763695
1.2800000000;-0.4443727051
1.2900000000;-0.4422388236
1.3000000000;-0.4394777513
1.3100000000;-0.4360934042
1.3200000000;-0.4320905819
1.3300000000;-0.4274749614
1.3400000000;-0.4222530884
1.3500000000;-0.4164323689
1.3600000000;-0.4100210579
1.3700000000;-0.4030282479
1.3800000000;-0.3954638563
1.3900000000;-0.3873386111
1.4000000000;-0.3786640356
1.4100000000;-0.3694524322
1.4200000000;-0.3597168651
1.4300000000;-0.3494711413
1.4400000000;-0.3387297915
1.4500000000;-0.3275080493
1.4600000000;-0.3158218296
1.4700000000;-0.3036877059
1.4800000000;-0.2911228870
1.4900000000;-0.2781451927
1.5000000000;-0.2647730281
1.5100000000;-0.2510253578
1.5200000000;-0.2369216791
1.5300000000;-0.2224819939
1.5400000000;-0.2077267810
1.5500000000;-0.1926769663
1.5600000000;-0.1773538939
1.5700000000;-0.1617792951
1.5800000000;-0.1459752582
1.5900000000;-0.1299641966
1.6000000000;-0.1137688176
1.6100000000;-0.0974120896
1.6200000000;-0.0809172102
1.6300000000;-0.0643075726
1.6400000000;-0.0476067329
1.6500000000;-0.0308383765
1.6600000000;-0.0140262846
1.6700000000;0.0028056997
1.6800000000;0.0196337048
1.6900000000;0.0364338651
1.7000000000;0.0531823542
1.7100000000;0.0698554193
1.7200000000;0.0864294141
1.7300000000;0.1028808333
1.7400000000;0.1191863451
1.7500000000;0.1353228248
1.7600000000;0.1512673874
1.7700000000;0.1669974199
1.7800000000;0.1824906138
1.7900000000;0.1977249964
1.8000000000;0.2126789620
1.8100000000;0.2273313026
1.8200000000;0.2416612380
1.8300000000;0.2556484454
1.8400000000;0.2692730877
1.8500000000;0.2825158423
1.8600000000;0.2953579280
1.8700000000;0.3077811321
1.8800000000;0.3197678357
1.8900000000;0.3313010390
1.9000000000;0.3423643855
1.9100000000;0.3529421849
1.9200000000;0.3630194357
1.9300000000;0.3725818460
1.9400000000;0.3816158544
1.9500000000;0.3901086486
1.9600000000;0.3980481840
1.9700000000;0.4054232006
1.9800000000;0.4122232390
1.9900000000;0.4184386554
2.0000000000;0.4240606349
2.0100000000;0.4290812043
2.0200000000;0.4334932433
2.0300000000;0.4372904947
2.0400000000;0.4404675733
2.0500000000;0.4430199732
2.0600000000;0.4449440745
2.0700000000;0.4462371485
2.0800000000;0.4468973612
2.0900000000;0.4469237765
2.1000000000;0.4463163568
2.1100000000;0.4450759635
2.1200000000;0.4432043558
2.1300000000;0.4407041881
2.1400000000;0.4375790062
2.1500000000;0.4338332421
2.1600000000;0.4294722083
2.1700000000;0.4245020897
2.1800000000;0.4189299348
2.1900000000;0.4127636463
2.2000000000;0.4060119694
2.2100000000;0.3986844792
2.2200000000;0.3907915679
2.2300000000;0.3823444292
2.2400000000;0.3733550431
2.2500000000;0.3638361585
2.2600000000;0.3538012751
2.2700000000;0.3432646247
2.2800000000;0.3322411505
2.2900000000;0.3207464862
2.3000000000;0.3087969337
2.3100000000;0.2964094401
2.3200000000;0.2836015735
2.3300000000;0.2703914983
2.3400000000;0.2567979492
2.3500000000;0.2428402048
2.3600000000;0.2285380603
2.3700000000;0.2139117992
2.3800000000;0.1989821646
2.3900000000;0.1837703302
2.4000000000;0.1682978695
2.4100000000;0.1525867259
2.4200000000;0.1366591811
2.4300000000;0.1205378240
2.4400000000;0.1042455180
2.4500000000;0.0878053693
2.4600000000;0.0712406934
2.4700000000;0.0545749828
2.4800000000;0.0378318730
2.4900000000;0.0210351094
2.5000000000;0.0042085135
2.5100000000;-0.0126240511
2.5200000000;-0.0294387120
2.5300000000;-0.0462116224
2.5400000000;-0.0629189947
2.5500000000;-0.0795371342
2.5600000000;-0.0960424727
2.5700000000;-0.1124116022
2.5800000000;-0.1286213076
2.5900000000;-0.1446486001
2.6000000000;-0.1604707494
2.6100000000;-0.1760653163
2.6200000000;-0.1914101844
2.6300000000;-0.2064835913
2.6400000000;-0.2212641596
2.6500000000;-0.2357309272
2.6600000000;-0.2498633772
2.6700000000;-0.2636414667
2.6800000000;-0.2770456553
2.6900000000;-0.2900569329
2.7000000000;-0.3026568469
2.7100000000;-0.3148275277
2.7200000000;-0.3265517147
2.7300000000;-0.3378127804
2.7400000000;-0.3485947542
2.7500000000;-0.3588823450
2.7600000000;-0.3686609626
2.7700000000;-0.3779167389
2.7800000000;-0.3866365472
2.7900000000;-0.3948080209
2.8000000000;-0.4024195710
2.8100000000;-0.4094604028
2.8200000000;-0.4159205309
2.8300000000;-0.4217907932
2.8400000000;-0.4270628646
2.8500000000;-0.4317292681
2.8600000000;-0.4357833858
2.8700000000;-0.4392194679
2.8800000000;-0.4420326414
2.8900000000;-0.4442189167
2.9000000000;-0.4457751930
2.9100000000;-0.4466992633
2.9200000000;-0.4469898170
2.9300000000;-0.4466464420
2.9400000000;-0.4456696254
2.9500000000;-0.4440607525
2.9600000000;-0.4418221049
2.9700000000;-0.4389568577
2.9800000000;-0.4354690742
2.9900000000;-0.4313637011
3.0000000000;-0.4266465605
3.0100000000;-0.4213243424
3.0200000000;-0.4154045949
3.0300000000;-0.4088957135
3.0400000000;-0.4018069291
3.0500000000;-0.3941482953
3.0600000000;-0.3859306735
3.0700000000;-0.3771657182
3.0800000000;-0.3678658600
3.0900000000;-0.3580442881
3.1000000000;-0.3477149317
3.1100000000;-0.3368924399
3.1200000000;-0.3255921615
3.1300000000;-0.3138301227
3.1400000000;-0.3016230046
3.1500000000;-0.2889881196
3.1600000000;-0.2759433866
3.1700000000;-0.2625073060
3.1800000000;-0.2486989330
3.1900000000;-0.2345378509
3.2000000000;-0.2200441432
3.2100000000;-0.2052383651
3.2200000000;-0.1901415145
3.2300000000;-0.1747750018
3.2400000000;-0.1591606203
3.2500000000;-0.1433205144
3.2600000000;-0.1272771489
3.2700000000;-0.1110532767
3.2800000000;-0.0946719069
3.2900000000;-0.0781562718
3.3000000000;-0.0615297941
3.3100000000;-0.0448160538
3.3200000000;-0.0280387545
3.3300000000;-0.0112216903
3.3400000000;0.0056112888
3.3500000000;0.0224363098
3.3600000000;0.0392295113
3.3700000000;0.0559670768
3.3800000000;0.0726252688
3.3900000000;0.0891804624
3.4000000000;0.1056091788
3.4100000000;0.1218881184
3.4200000000;0.1379941942
3.4300000000;0.1539045642
3.4400000000;0.1695966642
3.4500000000;0.1850482392
3.4600000000;0.2002373756
3.4700000000;0.2151425320
3.4800000000;0.2297425695
3.4900000000;0.2440167821
3.5000000000;0.2579449260
3.5100000000;0.2715072479
3.5200000000;0.2846845135
3.5300000000;0.2974580347
3.5400000000;0.3098096958
3.5500000000;0.3217219795
3.5600000000;0.3331779915
3.5700000000;0.3441614847
3.5800000000;0.3546568822
3.5900000000;0.3646492992
3.6000000000;0.3741245643
3.6100000000;0.3830692395
3.6200000000;0.3914706394
3.6300000000;0.3993168488
3.6400000000;0.4065967402
3.6500000000;0.4132999891
3.6600000000;0.4194170889
3.6700000000;0.4249393641
3.6800000000;0.4298589830
3.6900000000;0.4341689685
3.7000000000;0.4378632081
3.7100000000;0.4409364626
3.7200000000;0.4433843734
3.7300000000;0.4452034688
3.7400000000;0.4463911691
3.7500000000;0.4469457897
3.7600000000;0.4468665440
3.7700000000;0.4461535446
3.7800000000;0.4448078026
3.7900000000;0.4428312264
3.8000000000;0.4402266194
3.8100000000;0.4369976754
3.8200000000;0.4331489738
3.8300000000;0.4286859729
3.8400000000;0.4236150022
3.8500000000;0.4179432534
3.8600000000;0.4116787702
3.8700000000;0.4048304372
3.8800000000;0.3974079667
3.8900000000;0.3894218853
3.9000000000;0.3808835191
3.9100000000;0.3718049774
3.9200000000;0.3621991355
3.9300000000;0.3520796165
3.9400000000;0.3414607721
3.9500000000;0.3303576622
3.9600000000;0.3187860334
3.9700000000;0.3067622968
3.9800000000;0.2943035045
3.9900000000;0.2814273260
4.0000000000;0.2681520224
4.0100000000;0.2544964210
4.0200000000;0.2404798884
4.0300000000;0.2261223031
4.0400000000;0.2114440273
4.0500000000;0.1964658779
4.0600000000;0.1812090971
4.0700000000;0.1656953226
4.0800000000;0.1499465561
4.0900000000;0.1339851328
4.1000000000;0.1178336894
4.1100000000;0.1015151324
4.1200000000;0.0850526048
4.1300000000;0.0684694541
4.1400000000;0.0517891989
4.1500000000;0.0350354953
4.1600000000;0.0182321038
4.1700000000;0.0014028553
4.1800000000;-0.0154283829
4.1900000000;-0.0322377402
4.2000000000;-0.0490013774
4.2100000000;-0.0656955200
4.2200000000;-0.0822964921
4.2300000000;-0.0987807499
4.2400000000;-0.1151249152
4.2500000000;-0.1313058083
4.2600000000;-0.1473004813
4.2700000000;-0.1630862501
4.2800000000;-0.1786407273
4.2900000000;-0.1939418531
4.3000000000;-0.2089679272
4.3100000000;-0.2236976394
4.3200000000;-0.2381100998
4.3300000000;-0.2521848683
4.3400000000;-0.2659019839
4.3500000000;-0.2792419928
4.3600000000;-0.2921859758
4.3700000000;-0.3047155757
4.3800000000;-0.3168130227
4.3900000000;-0.3284611600
4.4000000000;-0.3396434681
4.4100000000;-0.3503440879
4.4200000000;-0.3605478438
4.4300000000;-0.3702402645
4.4400000000;-0.3794076040
4.4500000000;-0.3880368612
4.4600000000;-0.3961157978
4.4700000000;-0.4036329562
4.4800000000;-0.4105776754
4.4900000000;-0.4169401063
4.5000000000;-0.4227112255
4.5100000000;-0.4278828484
4.5200000000;-0.4324476405
4.5300000000;-0.4363991279
4.5400000000;-0.4397317065
4.5500000000;-0.4424406501
4.5600000000;-0.4445221167
4.5700000000;-0.4459731545
4.5800000000;-0.4467917054
4.5900000000;-0.4469766086
4.6000000000;-0.4465276019
4.6100000000;-0.4454453221
4.6200000000;-0.4437313041
4.6300000000;-0.4413879787
4.6400000000;-0.4384186693
4.6500000000;-0.4348275870
4.6600000000;-0.4306198247
4.6700000000;-0.4258013500
4.6800000000;-0.4203789965
4.6900000000;-0.4143604542
4.7000000000;-0.4077542589
4.7100000000;-0.4005697794
4.7200000000;-0.3928172050
4.7300000000;-0.3845075304
4.7400000000;-0.3756525407
4.7500000000;-0.3662647941
4.7600000000;-0.3563576044
4.7700000000;-0.3459450223
4.7800000000;-0.3350418149
4.7900000000;-0.3236634455
4.8000000000;-0.3118260511
4.8100000000;-0.2995464195
4.8200000000;-0.2868419661
4.8300000000;-0.2737307085
4.8400000000;-0.2602312413
4.8500000000;-0.2463627096
4.8600000000;-0.2321447821
4.8700000000;-0.2175976229
4.8800000000;-0.2027418630
4.8900000000;-0.1875985711
4.9000000000;-0.1721892237
4.9100000000;-0.1565356746
4.9200000000;-0.1406601238
4.9300000000;-0.1245850865
4.9400000000;-0.1083333605
4.9500000000;-0.0919279942
4.9600000000;-0.0753922540
4.9700000000;-0.0587495913
4.9800000000;-0.0420236089
4.9900000000;-0.0252380279
5.0000000000;-0.0084166539
5.0100000000;0.0084166568
5.0200000000;0.0252380308
5.0300000000;0.0420236119
5.0400000000;0.0587495943
5.0500000000;0.0753922570
5.0600000000;0.0919279971
5.0700000000;0.1083333633
5.0800000000;0.1245850894
5.0900000000;0.1406601267
5.1000000000;0.1565356773
5.1100000000;0.1721892264
5.1200000000;0.1875985738
5.1300000000;0.2027418657
5.1400000000;0.2175976255
5.1500000000;0.2321447847
5.1600000000;0.2463627121
5.1700000000;0.2602312437
5.1800000000;0.2737307108
5.1900000000;0.2868419684
5.2000000000;0.2995464217
5.2100000000;0.3118260532
5.2200000000;0.3236634476
5.2300000000;0.3350418169
5.2400000000;0.3459450241
5.2500000000;0.3563576062
5.2600000000;0.3662647958
5.2700000000;0.3756525423
5.2800000000;0.3845075320
5.2900000000;0.3928172064
5.3000000000;0.4005697807
5.3100000000;0.4077542601
5.3200000000;0.4143604554
5.3300000000;0.4203789975
5.3400000000;0.4258013509
5.3500000000;0.4306198255
5.3600000000;0.4348275877
5.3700000000;0.4384186699
5.3800000000;0.4413879792
5.3900000000;0.4437313045
5.4000000000;0.4454453224
5.4100000000;0.4465276021
5.4200000000;0.4469766086
5.4300000000;0.4467917053
5.4400000000;0.4459731543
5.4500000000;0.4445221164
5.4600000000;0.4424406497
5.4700000000;0.4397317060
5.4800000000;0.4363991272
5.4900000000;0.4324476397
5.5000000000;0.4278828475
5.5100000000;0.4227112245
5.5200000000;0.4169401052
5.5300000000;0.4105776742
5.5400000000;0.4036329549
5.5500000000;0.3961157964
5.5600000000;0.3880368597
5.5700000000;0.3794076025
5.5800000000;0.3702402628
5.5900000000;0.3605478420
5.6000000000;0.3503440861
5.6100000000;0.3396434662
5.6200000000;0.3284611580
5.6300000000;0.3168130206
5.6400000000;0.3047155735
5.6500000000;0.2921859736
5.6600000000;0.2792419905
5.6700000000;0.2659019816
5.6800000000;0.2521848659
5.6900000000;0.2381100973
5.7000000000;0.2236976368
5.7100000000;0.2089679246
5.7200000000;0.1939418504
5.7300000000;0.1786407246
5.7400000000;0.1630862474
5.7500000000;0.1473004785
5.7600000000;0.1313058055
5.7700000000;0.1151249123
5.7800000000;0.0987807471
5.7900000000;0.0822964892
5.8000000000;0.0656955171
5.8100000000;0.0490013745
5.8200000000;0.0322377372
5.8300000000;0.0154283799
5.8400000000;-0.0014028582
5.8500000000;-0.0182321068
5.8600000000;-0.0350354983
5.8700000000;-0.0517892018
5.8800000000;-0.0684694570
5.8900000000;-0.0850526077
5.9000000000;-0.1015151352
5.9100000000;-0.1178336923
5.9200000000;-0.1339851356
5.9300000000;-0.1499465589
5.9400000000;-0.1656953253
5.9500000000;-0.1812090999
5.9600000000;-0.1964658805
5.9700000000;-0.2114440299
5.9800000000;-0.2261223057
5.9900000000;-0.2404798909
6.0000000000;-0.2544964235
6.0100000000;-0.2681520248
6.0200000000;-0.2814273283
6.0300000000;-0.2943035068
6.0400000000;-0.3067622989
6.0500000000;-0.3187860355
6.0600000000;-0.3303576642
6.0700000000;-0.3414607740
6.0800000000;-0.3520796183
6.0900000000;-0.3621991372
6.1000000000;-0.3718049791
6.1100000000;-0.3808835207
6.1200000000;-0.3894218868
6.1300000000;-0.3974079680
6.1400000000;-0.4048304385
6.1500000000;-0.4116787714
6.1600000000;-0.4179432544
6.1700000000;-0.4236150031
6.1800000000;-0.4286859738
6.1900000000;-0.4331489746
6.2000000000;-0.4369976761
6.2100000000;-0.4402266199
6.2200000000;-0.4428312268
6.2300000000;-0.4448078028
6.2400000000;-0.4461535448
6.2500000000;-0.4468665441
6.2600000000;-0.4469457896
6.2700000000;-0.4463911689
6.2800000000;-0.4452034686
6.2900000000;-0.4433843730
6.3000000000;-0.4409364621
6.3100000000;-0.4378632075
6.3200000000;-0.4341689678
6.3300000000;-0.4298589822
6.3400000000;-0.4249393632
6.3500000000;-0.4194170878
6.3600000000;-0.4132999880
6.3700000000;-0.4065967390
6.3800000000;-0.3993168475
6.3900000000;-0.3914706379
6.4000000000;-0.3830692380
6.4100000000;-0.3741245627
6.4200000000;-0.3646492975
6.4300000000;-0.3546568804
6.4400000000;-0.3441614828
6.4500000000;-0.3331779895
6.4600000000;-0.3217219774
6.4700000000;-0.3098096937
6.4800000000;-0.2974580325
6.4900000000;-0.2846845113
6.5000000000;-0.2715072455
6.5100000000;-0.2579449236
6.5200000000;-0.2440167796
6.5300000000;-0.2297425669
6.5400000000;-0.2151425294
6.5500000000;-0.2002373730
6.5600000000;-0.1850482365
6.5700000000;-0.1695966614
6.5800000000;-0.1539045614
6.5900000000;-0.1379941914
6.6000000000;-0.1218881156
6.6100000000;-0.1056091759
6.6200000000;-0.0891804595
6.6300000000;-0.0726252659
6.6400000000;-0.0559670738
6.6500000000;-0.0392295083
6.6600000000;-0.0224363068
6.6700000000;-0.0056112858
6.6800000000;0.0112216932
6.6900000000;0.0280387575
6.7000000000;0.0448160567
6.7100000000;0.0615297970
6.7200000000;0.0781562747
6.7300000000;0.0946719098
6.7400000000;0.1110532796
6.7500000000;0.1272771517
6.7600000000;0.1433205172
6.7700000000;0.1591606230
6.7800000000;0.1747750046
6.7900000000;0.1901415172
6.8000000000;0.2052383678
6.8100000000;0.2200441458
6.8200000000;0.2345378535
6.8300000000;0.2486989355
6.8400000000;0.2625073084
6.8500000000;0.2759433889
6.8600000000;0.2889881218
6.8700000000;0.3016230068
6.8800000000;0.3138301248
6.8900000000;0.3255921635
6.9000000000;0.3368924419
6.9100000000;0.3477149335
6.9200000000;0.3580442899
6.9300000000;0.3678658617
6.9400000000;0.3771657198
6.9500000000;0.3859306750
6.9600000000;0.3941482967
6.9700000000;0.4018069304
6.9800000000;0.4088957147
6.9900000000;0.4154045960
7.0000000000;0.4213243434
7.0100000000;0.4266465614
7.0200000000;0.4313637019
7.0300000000;0.4354690749
7.0400000000;0.4389568582
7.0500000000;0.4418221054
7.0600000000;0.4440607528
7.0700000000;0.4456696256
7.0800000000;0.4466464421
7.0900000000;0.4469898170
7.1000000000;0.4466992632
7.1100000000;0.4457751928
7.1200000000;0.4442189163
7.1300000000;0.4420326410
7.1400000000;0.4392194674
7.1500000000;0.4357833851
7.1600000000;0.4317292674
7.1700000000;0.4270628638
7.1800000000;0.4217907923
7.1900000000;0.4159205298
7.2000000000;0.4094604017
7.2100000000;0.4024195698
7.2200000000;0.3948080195
7.2300000000;0.3866365457
7.2400000000;0.3779167373
7.2500000000;0.3686609609
7.2600000000;0.3588823432
7.2700000000;0.3485947523
7.2800000000;0.3378127784
7.2900000000;0.3265517126
7.3000000000;0.3148275256
7.3100000000;0.3026568447
7.3200000000;0.2900569307
7.3300000000;0.2770456529
7.3400000000;0.2636414643
7.3500000000;0.2498633748
7.3600000000;0.2357309247
7.3700000000;0.2212641570
7.3800000000;0.2064835887
7.3900000000;0.1914101817
7.4000000000;0.1760653136
7.4100000000;0.1604707466
7.4200000000;0.1446485973
7.4300000000;0.1286213048
7.4400000000;0.1124115993
7.4500000000;0.0960424698
7.4600000000;0.0795371313
7.4700000000;0.0629189917
7.4800000000;0.0462116194
7.4900000000;0.0294387090
7.5000000000;0.0126240481
7.5100000000;-0.0042085164
7.5200000000;-0.0210351124
7.5300000000;-0.0378318760
7.5400000000;-0.0545749858
7.5500000000;-0.0712406964
7.5600000000;-0.0878053722
7.5700000000;-0.1042455209
7.5800000000;-0.1205378268
7.5900000000;-0.1366591840
7.6000000000;-0.1525867287
7.6100000000;-0.1682978723
7.6200000000;-0.1837703329
7.6300000000;-0.1989821673
7.6400000000;-0.2139118018
7.6500000000;-0.2285380628
7.6600000000;-0.2428402073
7.6700000000;-0.2567979516
7.6800000000;-0.2703915006
7.6900000000;-0.2836015758
7.7000000000;-0.2964094423
7.7100000000;-0.3087969358
7.7200000000;-0.3207464883
7.7300000000;-0.3322411525
7.7400000000;-0.3432646266
7.7500000000;-0.3538012769
7.7600000000;-0.3638361602
7.7700000000;-0.3733550447
7.7800000000;-0.3823444308
7.7900000000;-0.3907915693
7.8000000000;-0.3986844805
7.8100000000;-0.4060119706
7.8200000000;-0.4127636475
7.8300000000;-0.4189299359
7.8400000000;-0.4245020906
7.8500000000;-0.4294722092
7.8600000000;-0.4338332429
7.8700000000;-0.4375790068
7.8800000000;-0.4407041886
7.8900000000;-0.4432043562
7.9000000000;-0.4450759638
7.9100000000;-0.4463163569
7.9200000000;-0.4469237766
7.9300000000;-0.4468973612
7.9400000000;-0.4462371483
7.9500000000;-0.4449440742
7.9600000000;-0.4430199728
7.9700000000;-0.4404675728
7.9800000000;-0.4372904941
7.9900000000;-0.4334932426
8.0000000000;-0.4290812034
8.0100000000;-0.4240606339
8.0200000000;-0.4184386544
8.0300000000;-0.4122232379
8.0400000000;-0.4054231993
8.0500000000;-0.3980481826
8.0600000000;-0.3901086471
8.0700000000;-0.3816158528
8.0800000000;-0.3725818444
8.0900000000;-0.3630194340
8.1000000000;-0.3529421831
8.1100000000;-0.3423643836
8.1200000000;-0.3313010370
8.1300000000;-0.3197678336
8.1400000000;-0.3077811300
8.1500000000;-0.2953579258
8.1600000000;-0.2825158400
8.1700000000;-0.2692730853
8.1800000000;-0.2556484429
8.1900000000;-0.2416612355
8.2000000000;-0.2273313000
8.2100000000;-0.2126789593
8.2200000000;-0.1977249937
8.2300000000;-0.1824906111
8.2400000000;-0.1669974171
8.2500000000;-0.1512673846
8.2600000000;-0.1353228220
8.2700000000;-0.1191863423
8.2800000000;-0.1028808304
8.2900000000;-0.0864294112
8.3000000000;-0.0698554163
8.3100000000;-0.0531823513
8.3200000000;-0.0364338621
8.3300000000;-0.0196337018
8.3400000000;-0.0028056967
8.3500000000;0.0140262875
8.3600000000;0.0308383795
8.3700000000;0.0476067358
8.3800000000;0.0643075755
8.3900000000;0.0809172131
8.4000000000;0.0974120925
8.4100000000;0.1137688204
8.4200000000;0.1299641994
8.4300000000;0.1459752610
8.4400000000;0.1617792979
8.4500000000;0.1773538966
8.4600000000;0.1926769690
8.4700000000;0.2077267836
8.4800000000;0.2224819965
8.4900000000;0.2369216816
8.5000000000;0.2510253603
8.5100000000;0.2647730305
8.5200000000;0.2781451950
8.5300000000;0.2911228893
8.5400000000;0.3036877080
8.5500000000;0.3158218317
8.5600000000;0.3275080513
8.5700000000;0.3387297934
8.5800000000;0.3494711431
8.5900000000;0.3597168668
8.6000000000;0.3694524339
8.6100000000;0.3786640371
8.6200000000;0.3873386126
8.6300000000;0.3954638577
8.6400000000;0.4030282492
8.6500000000;0.4100210590
8.6600000000;0.4164323700
8.6700000000;0.4222530894
8.6800000000;0.4274749622
8.6900000000;0.4320905827
8.7000000000;0.4360934049
8.7100000000;0.4394777519
8.7200000000;0.4422388240
8.7300000000;0.4443727054
8.7400000000;0.4458763697
8.7500000000;0.4467476846
8.7600000000;0.4469854142
8.7700000000;0.4465892213
8.7800000000;0.4455596680
8.7900000000;0.4438982143
8.8000000000;0.4416072165
8.8100000000;0.4386899237
8.8200000000;0.4351504734
8.8300000000;0.4309938851
8.8400000000;0.4262260540
8.8500000000;0.4208537417
8.8600000000;0.4148845673
8.8700000000;0.4083269966
8.8800000000;0.4011903295
8.8900000000;0.3934846873
8.9000000000;0.3852209984
8.9100000000;0.3764109825
8.9200000000;0.3670671340
8.9300000000;0.3572027046
8.9400000000;0.3468316842
8.9500000000;0.3359687811
8.9600000000;0.3246294013
8.9700000000;0.3128296265
8.9800000000;0.3005861913
8.9900000000;0.2879164597
9.0000000000;0.2748383999
9.0100000000;0.2613705597
9.0200000000;0.2475320392
9.0300000000;0.2333424645
9.0400000000;0.2188219595
9.0500000000;0.2039911174
9.0600000000;0.1888709716
9.0700000000;0.1734829658
9.0800000000;0.1578489234
9.0900000000;0.1419910170
9.1000000000;0.1259317365
9.1100000000;0.1096938574
9.1200000000;0.0933004086
9.1300000000;0.0767746396
9.1400000000;0.0601399874
9.1500000000;0.0434200437
9.1600000000;0.0266385209
9.1700000000;0.0098192189
9.1800000000;-0.0070140088
9.1900000000;-0.0238372892
9.2000000000;-0.0406267631
9.2100000000;-0.0573586195
9.2200000000;-0.0740091288
9.2300000000;-0.0905546772
9.2400000000;-0.1069717993
9.2500000000;-0.1232372122
9.2600000000;-0.1393278480
9.2700000000;-0.1552208866
9.2800000000;-0.1708937883
9.2900000000;-0.1863243255
9.3000000000;-0.2014906143
9.3100000000;-0.2163711457
9.3200000000;-0.2309448157
9.3300000000;-0.2451909559
9.3400000000;-0.2590893620
9.3500000000;-0.2726203232
9.3600000000;-0.2857646495
9.3700000000;-0.2985036995
9.3800000000;-0.3108194063
9.3900000000;-0.3226943038
9.4000000000;-0.3341115506
9.4100000000;-0.3450549547
9.4200000000;-0.3555089960
9.4300000000;-0.3654588482
9.4400000000;-0.3748904004
9.4500000000;-0.3837902766
9.4600000000;-0.3921458549
9.4700000000;-0.3999452851
9.4800000000;-0.4071775061
9.4900000000;-0.4138322609
9.5000000000;-0.4199001117
9.5100000000;-0.4253724529
9.5200000000;-0.4302415236
9.5300000000;-0.4345004183
9.5400000000;-0.4381430971
9.5500000000;-0.4411643938
9.5600000000;-0.4435600236
9.5700000000;-0.4453265889
9.5800000000;-0.4464615844
9.5900000000;-0.4469634004
9.6000000000;-0.4468313252
9.6100000000;-0.4460655462
9.6200000000;-0.4446671493
9.6300000000;-0.4426381178
9.6400000000;-0.4399813293
9.6500000000;-0.4367005517
9.6600000000;-0.4328004379
9.6700000000;-0.4282865191
9.6800000000;-0.4231651969
9.6900000000;-0.4174437346
9.7000000000;-0.4111302464
9.7100000000;-0.4042336863
9.7200000000;-0.3967638349
9.7300000000;-0.3887312863
9.7400000000;-0.3801474322
9.7500000000;-0.3710244466
9.7600000000;-0.3613752676
9.7700000000;-0.3512135801
9.7800000000;-0.3405537954
9.7900000000;-0.3294110315
9.8000000000;-0.3178010911
9.8100000000;-0.3057404398
9.8200000000;-0.2932461822
9.8300000000;-0.2803360377
9.8400000000;-0.2670283159
9.8500000000;-0.2533418899
9.8600000000;-0.2392961701
9.8700000000;-0.2249110764
9.8800000000;-0.2102070099
9.8900000000;-0.1952048242
9.9000000000;-0.1799257956
9.9100000000;-0.1643915932
9.9200000000;-0.1486242478
9.9300000000;-0.1326461210
9.9400000000;-0.1164798731
9.9500000000;-0.1001484315
9.9600000000;-0.0836749576
9.9700000000;-0.0670828145
9.9800000000;-0.0503955334
9.9900000000;-0.0336367805
10.0000000000;-0.0168303233
