Rettangoli_naif Trapezi Simpson
0.0844824 -0.00143166 -9.53466e-07
0.000858998 -1.4319e-07 -1.02141e-14
0.000429535 -3.57975e-08 6.66134e-16
0.000286364 -1.591e-08 -1.9984e-15
0.000214776 -8.94938e-09 1.77636e-15
0.000171822 -5.7276e-09 -1.33227e-15
0.000143186 -3.9775e-09 1.77636e-15
0.000122731 -2.92225e-09 -3.33067e-15
0.00010739 -2.23735e-09 -5.10703e-15
9.54583e-05 -1.76778e-09 -5.32907e-15
8.59127e-05 -1.4319e-09 5.55112e-15
7.81025e-05 -1.18339e-09 -3.55271e-15
7.15941e-05 -9.94386e-10 -8.65974e-15
6.60869e-05 -8.4728e-10 -2.44249e-15
6.13665e-05 -7.3056e-10 5.32907e-15
5.72754e-05 -6.364e-10 -3.33067e-15
5.36957e-05 -5.59332e-10 8.88178e-15
5.05372e-05 -4.95472e-10 -7.10543e-15
4.77296e-05 -4.41946e-10 -2.88658e-15
4.52175e-05 -3.96653e-10 -4.44089e-15
4.29567e-05 -3.57975e-10 9.76996e-15
4.09111e-05 -3.24697e-10 6.88338e-15
3.90516e-05 -2.95849e-10 -1.77636e-15
3.73537e-05 -2.70696e-10 -1.77636e-15
3.57973e-05 -2.48589e-10 5.32907e-15
3.43654e-05 -2.29106e-10 -1.11022e-15
3.30437e-05 -2.11826e-10 -2.88658e-15
3.18198e-05 -1.96426e-10 -1.11022e-14
3.06834e-05 -1.82647e-10 -1.02141e-14
2.96254e-05 -1.70261e-10 8.21565e-15
2.86379e-05 -1.59094e-10 -9.99201e-15
2.77141e-05 -1.48992e-10 -1.33227e-15
2.6848e-05 -1.39831e-10 -1.11022e-15
2.60344e-05 -1.31486e-10 1.55431e-14
2.52687e-05 -1.23871e-10 8.88178e-15
2.45468e-05 -1.1689e-10 7.54952e-15
2.38649e-05 -1.10491e-10 -5.32907e-15
2.32199e-05 -1.046e-10 3.9968e-15
2.26089e-05 -9.91609e-11 3.55271e-15
2.20292e-05 -9.41487e-11 -3.9968e-15
2.14784e-05 -8.94989e-11 4.44089e-15
2.09546e-05 -8.5177e-11 6.66134e-16
2.04557e-05 -8.11797e-11 -5.10703e-15
1.99799e-05 -7.74325e-11 -1.55431e-15
1.95259e-05 -7.39513e-11 5.32907e-15
1.90919e-05 -7.07201e-11 1.22125e-14
1.86769e-05 -6.76583e-11 6.88338e-15
1.82795e-05 -6.48057e-11 5.32907e-15
1.78987e-05 -6.21534e-11 1.75415e-14
1.75334e-05 -5.96374e-11 -1.08802e-14
1.71828e-05 -5.72768e-11 1.66533e-14
1.68458e-05 -5.50555e-11 4.44089e-16
1.65219e-05 -5.29472e-11 -1.02141e-14
1.62102e-05 -5.09854e-11 -1.17684e-14
1.591e-05 -4.91203e-11 -9.99201e-15
1.56207e-05 -4.73375e-11 1.15463e-14
1.53418e-05 -4.56681e-11 -6.88338e-15
1.50726e-05 -4.40676e-11 -2.44249e-15
1.48127e-05 -4.25526e-11 1.55431e-15
1.45617e-05 -4.11422e-11 1.08802e-14
1.4319e-05 -3.97857e-11 5.55112e-15
1.40842e-05 -3.84879e-11 8.88178e-16
1.38571e-05 -3.72717e-11 -1.31006e-14
1.36371e-05 -3.60774e-11 -1.17684e-14
1.3424e-05 -3.49567e-11 -1.55431e-15
1.32175e-05 -3.38953e-11 -3.55271e-15
1.30173e-05 -3.28728e-11 2.44249e-15
1.2823e-05 -3.18814e-11 2.66454e-15
1.26344e-05 -3.09646e-11 -7.10543e-15
1.24513e-05 -3.00773e-11 -1.84297e-14
1.22734e-05 -2.92166e-11 9.76996e-15
1.21005e-05 -2.84091e-11 -3.9968e-15
1.19325e-05 -2.76115e-11 0
1.1769e-05 -2.68778e-11 -2.15383e-14
1.161e-05 -2.6154e-11 -1.19904e-14
1.14552e-05 -2.5455e-11 -8.21565e-15
1.13045e-05 -2.47951e-11 1.06581e-14
1.11577e-05 -2.41664e-11 -1.95399e-14
1.10146e-05 -2.35458e-11 1.42109e-14
1.08752e-05 -2.29441e-11 1.13243e-14
1.07392e-05 -2.23768e-11 -1.28786e-14
1.06067e-05 -2.18321e-11 3.33067e-15
1.04773e-05 -2.13081e-11 -5.9952e-15
1.03511e-05 -2.07963e-11 2.5091e-14
1.02278e-05 -2.02904e-11 1.55431e-15
1.01075e-05 -1.98155e-11 1.62093e-14
9.98999e-06 -1.93721e-11 5.32907e-15
9.87516e-06 -1.8922e-11 -1.04361e-14
9.76295e-06 -1.84928e-11 -2.88658e-15
9.65325e-06 -1.8076e-11 2.22045e-15
9.54599e-06 -1.76568e-11 -9.54792e-15
9.44109e-06 -1.73195e-11 -8.88178e-15
9.33847e-06 -1.69198e-11 9.76996e-15
9.23806e-06 -1.65419e-11 -9.76996e-15
9.13978e-06 -1.62039e-11 2.66454e-15
9.04357e-06 -1.58438e-11 4.88498e-15
8.94937e-06 -1.55371e-11 -1.59872e-14
8.85711e-06 -1.52443e-11 8.88178e-16
8.76673e-06 -1.49443e-11 -1.37668e-14
8.67818e-06 -1.46063e-11 -1.5099e-14
8.59139e-06 -1.43203e-11 4.66294e-15
8.50633e-06 -1.40545e-11 -1.73195e-14
8.42294e-06 -1.37721e-11 -1.82077e-14
8.34116e-06 -1.35032e-11 -5.77316e-15
8.26096e-06 -1.32556e-11 -1.11022e-14
8.18228e-06 -1.29703e-11 1.19904e-14
8.10509e-06 -1.27638e-11 -2.02061e-14
8.02934e-06 -1.25286e-11 7.54952e-15
7.955e-06 -1.22935e-11 1.62093e-14
7.88201e-06 -1.20499e-11 1.31006e-14
7.81036e-06 -1.18161e-11 4.66294e-15
7.74e-06 -1.16358e-11 -1.04361e-14
7.67089e-06 -1.14333e-11 -3.68594e-14
7.60301e-06 -1.12159e-11 2.22045e-15
7.53631e-06 -1.10258e-11 -2.5091e-14
7.47078e-06 -1.0814e-11 1.06581e-14
7.40638e-06 -1.06517e-11 -3.77476e-15
7.34307e-06 -1.04599e-11 3.19744e-14
7.28084e-06 -1.02771e-11 -6.88338e-15
7.21966e-06 -1.0117e-11 9.99201e-15
7.1595e-06 -9.94405e-12 1.93179e-14
7.10033e-06 -9.77551e-12 -2.88658e-15
7.04213e-06 -9.61231e-12 -3.55271e-15
6.98488e-06 -9.4873e-12 4.88498e-15
6.92855e-06 -9.31144e-12 5.32907e-15
6.87312e-06 -9.18132e-12 -1.64313e-14
6.81857e-06 -9.01013e-12 5.32907e-15
6.76488e-06 -8.87646e-12 -1.9984e-15
6.71203e-06 -8.75833e-12 -2.55351e-14
6.66e-06 -8.61755e-12 -2.33147e-14
6.60877e-06 -8.48699e-12 -2.95319e-14
6.55832e-06 -8.37463e-12 -3.08642e-14
6.50864e-06 -8.22764e-12 -2.88658e-14
6.4597e-06 -8.08842e-12 2.90878e-14
6.41149e-06 -7.97584e-12 -5.10703e-15
6.364e-06 -7.86859e-12 4.88498e-15
6.3172e-06 -7.73981e-12 1.68754e-14
6.27109e-06 -7.63478e-12 2.4869e-14
6.22565e-06 -7.52376e-12 -1.57652e-14
6.18086e-06 -7.38121e-12 2.06501e-14
6.13671e-06 -7.29261e-12 -4.66294e-15
6.09319e-06 -7.18781e-12 6.21725e-15
6.05028e-06 -7.09433e-12 3.33067e-15
6.00797e-06 -7.00284e-12 -2.22045e-16
5.96625e-06 -6.91136e-12 1.84297e-14
5.9251e-06 -6.83298e-12 -9.99201e-15
5.88452e-06 -6.71863e-12 2.26485e-14
5.84449e-06 -6.65312e-12 9.54792e-15
5.805e-06 -6.54388e-12 -1.37668e-14
5.76604e-06 -6.46083e-12 -8.88178e-15
5.7276e-06 -6.35825e-12 -4.44089e-16
5.68967e-06 -6.26366e-12 -1.55431e-15
5.65224e-06 -6.18283e-12 1.73195e-14
5.61529e-06 -6.13021e-12 8.88178e-16
5.57883e-06 -6.05005e-12 -2.88658e-15
5.54284e-06 -5.975e-12 -5.32907e-15
5.50731e-06 -5.90727e-12 9.99201e-15
5.47223e-06 -5.7887e-12 2.22045e-16
5.43759e-06 -5.75517e-12 -5.9952e-15
5.4034e-06 -5.67435e-12 -5.77316e-15
5.36963e-06 -5.5953e-12 -1.95399e-14
5.33627e-06 -5.54845e-12 6.88338e-15
5.30333e-06 -5.42477e-12 1.33227e-15
5.2708e-06 -5.39546e-12 -1.57652e-14
5.23866e-06 -5.31353e-12 7.32747e-15
5.20691e-06 -5.25291e-12 1.15463e-14
5.17554e-06 -5.18807e-12 1.55431e-15
5.14455e-06 -5.11569e-12 1.08802e-14
5.11393e-06 -5.10347e-12 -3.37508e-14
5.08367e-06 -5.00777e-12 1.5099e-14
5.05377e-06 -4.9567e-12 -9.76996e-15
5.02421e-06 -4.89164e-12 -4.21885e-15
4.995e-06 -4.86722e-12 -2.88658e-15
4.96613e-06 -4.79861e-12 -4.66294e-15
4.93759e-06 -4.74087e-12 9.32587e-15
4.90937e-06 -4.66871e-12 -2.22045e-15
4.88148e-06 -4.62275e-12 -5.32907e-15
4.8539e-06 -4.57678e-12 -1.9984e-14
4.82663e-06 -4.54237e-12 -2.79776e-14
4.79967e-06 -4.47331e-12 1.22125e-14
4.773e-06 -4.44e-12 -1.70974e-14
4.74663e-06 -4.37872e-12 2.19824e-14
4.72055e-06 -4.30367e-12 3.9968e-15
4.69475e-06 -4.28724e-12 1.77636e-15
4.66924e-06 -4.23728e-12 -2.22045e-15
4.644e-06 -4.1922e-12 1.11022e-14
4.61903e-06 -4.1207e-12 -5.10703e-15
4.59433e-06 -4.11449e-12 -1.04361e-14
4.56989e-06 -4.02078e-12 3.77476e-15
4.54572e-06 -3.99458e-12 -1.62093e-14
4.52179e-06 -3.96838e-12 6.66134e-15
4.49812e-06 -3.89244e-12 7.99361e-15
4.47469e-06 -3.88956e-12 1.64313e-14
4.4515e-06 -3.82117e-12 1.55431e-14
4.42856e-06 -3.81051e-12 -1.64313e-14
4.40585e-06 -3.78764e-12 -4.44089e-16
4.38337e-06 -3.73523e-12 -7.54952e-15
4.36112e-06 -3.66995e-12 8.88178e-16
4.33909e-06 -3.68661e-12 -2.44249e-15
4.31729e-06 -3.60978e-12 -8.43769e-15
4.2957e-06 -3.58624e-12 -1.02141e-14
4.27433e-06 -3.54938e-12 -1.73195e-14
4.25317e-06 -3.50453e-12 6.21725e-15
4.23222e-06 -3.47877e-12 -4.66294e-15
4.21147e-06 -3.44391e-12 -3.9968e-15
4.19093e-06 -3.42237e-12 7.54952e-15
4.17058e-06 -3.3562e-12 1.77636e-15
4.15044e-06 -3.34266e-12 8.43769e-15
4.13048e-06 -3.28271e-12 1.19904e-14
4.11072e-06 -3.30513e-12 -5.10703e-15
4.09114e-06 -3.26628e-12 -1.75415e-14
4.07175e-06 -3.18456e-12 8.43769e-15
4.05255e-06 -3.16192e-12 4.04121e-14
4.03352e-06 -3.16458e-12 -1.22125e-14
4.01467e-06 -3.15969e-12 -2.22045e-15
3.996e-06 -3.1315e-12 -1.5099e-14
3.9775e-06 -3.06266e-12 1.55431e-14
3.95917e-06 -3.03446e-12 1.06581e-14
3.94101e-06 -3.00471e-12 -1.55431e-15
3.92301e-06 -2.96452e-12 1.35447e-14
3.90518e-06 -2.94964e-12 1.55431e-14
3.88751e-06 -2.95564e-12 -3.08642e-14
3.87e-06 -2.92566e-12 -1.59872e-14
3.85265e-06 -2.87015e-12 -1.02141e-14
3.83545e-06 -2.83729e-12 1.77636e-14
3.8184e-06 -2.82707e-12 8.88178e-15
3.80151e-06 -2.782e-12 -1.26565e-14
3.78476e-06 -2.78222e-12 7.54952e-15
3.76816e-06 -2.74336e-12 1.77636e-15
3.7517e-06 -2.75313e-12 -1.9984e-14
3.73539e-06 -2.67364e-12 -1.24345e-14
3.71922e-06 -2.69762e-12 3.77476e-15
3.70319e-06 -2.64277e-12 6.21725e-15
3.6873e-06 -2.60814e-12 -3.55271e-15
3.67154e-06 -2.57483e-12 3.13083e-14
3.65592e-06 -2.57527e-12 2.22045e-16
3.64043e-06 -2.58238e-12 -1.79856e-14
3.62506e-06 -2.55218e-12 -1.59872e-14
3.60983e-06 -2.51887e-12 3.4639e-14
3.59473e-06 -2.53686e-12 -4.86278e-14
3.57975e-06 -2.4909e-12 9.76996e-15
3.5649e-06 -2.46181e-12 -4.50751e-14
3.55017e-06 -2.46203e-12 -1.44329e-14
3.53556e-06 -2.39453e-12 2.88658e-14
3.52107e-06 -2.37788e-12 4.10783e-14
3.5067e-06 -2.35545e-12 1.44329e-14
3.49244e-06 -2.34168e-12 4.30767e-14
3.4783e-06 -2.34079e-12 -2.15383e-14
3.46428e-06 -2.34524e-12 8.88178e-16
3.45036e-06 -2.31259e-12 6.43929e-15
3.43656e-06 -2.29616e-12 1.33227e-15
3.42287e-06 -2.25509e-12 -9.99201e-15
3.40929e-06 -2.2975e-12 -2.57572e-14
3.39581e-06 -2.2542e-12 -1.33227e-14
3.38244e-06 -2.22067e-12 3.68594e-14
3.36918e-06 -2.19869e-12 1.5099e-14
3.35602e-06 -2.19669e-12 -1.79856e-14
3.34296e-06 -2.14451e-12 3.4639e-14
3.33e-06 -2.15117e-12 -4.44089e-15
3.31714e-06 -2.16382e-12 -2.02061e-14
3.30439e-06 -2.13429e-12 -7.77156e-15
3.29173e-06 -2.06657e-12 2.13163e-14
3.27916e-06 -2.03682e-12 -2.08722e-14
3.26669e-06 -2.09455e-12 -3.77476e-14
3.25432e-06 -2.06724e-12 9.10383e-15
3.24204e-06 -2.03881e-12 4.17444e-14
3.22985e-06 -2.00617e-12 2.08722e-14
3.21775e-06 -1.96643e-12 3.77476e-15
3.20575e-06 -1.99796e-12 1.57652e-14
3.19383e-06 -1.98264e-12 -3.70814e-14
3.182e-06 -1.94378e-12 1.55431e-15
3.17026e-06 -1.9309e-12 -1.31006e-14
3.1586e-06 -1.90981e-12 2.44249e-14
3.14703e-06 -1.91758e-12 2.53131e-14
3.13555e-06 -1.9047e-12 -1.04361e-14
3.12415e-06 -1.89648e-12 -6.35048e-14
3.11283e-06 -1.90203e-12 -9.76996e-15
3.10159e-06 -1.87916e-12 -1.33227e-15
3.09043e-06 -1.84053e-12 -1.77636e-15
3.07936e-06 -1.84519e-12 9.76996e-15
3.06836e-06 -1.83742e-12 -1.11022e-14
3.05744e-06 -1.7808e-12 -7.10543e-15
3.0466e-06 -1.79279e-12 3.10862e-15
3.03583e-06 -1.78924e-12 2.70894e-14
3.02514e-06 -1.79501e-12 -2.66454e-15
3.01453e-06 -1.80145e-12 4.66294e-15
3.00399e-06 -1.73306e-12 3.55271e-14
2.99352e-06 -1.74039e-12 -1.08802e-14
2.98313e-06 -1.69154e-12 6.10623e-14
2.9728e-06 -1.70863e-12 9.76996e-15
2.96255e-06 -1.74927e-12 -1.31006e-14
2.95237e-06 -1.71196e-12 2.62013e-14
2.94226e-06 -1.65534e-12 2.5091e-14
2.93222e-06 -1.62048e-12 3.33067e-15
2.92225e-06 -1.67621e-12 -2.22045e-14
2.91234e-06 -1.63825e-12 -1.33227e-15
2.9025e-06 -1.64757e-12 3.26406e-14
2.89273e-06 -1.65534e-12 1.13243e-14
2.88302e-06 -1.63292e-12 8.65974e-15
2.87338e-06 -1.58762e-12 -3.33067e-14
2.8638e-06 -1.63158e-12 -1.84297e-14
2.85429e-06 -1.5612e-12 1.26565e-14
2.84484e-06 -1.55875e-12 -1.22125e-14
2.83545e-06 -1.52345e-12 3.77476e-15
2.82612e-06 -1.55453e-12 -1.86517e-14
2.81685e-06 -1.5119e-12 -4.21885e-15
2.80765e-06 -1.52522e-12 2.86438e-14
2.7985e-06 -1.53233e-12 2.53131e-14
2.78942e-06 -1.50346e-12 -1.88738e-14
2.78039e-06 -1.49436e-12 1.55431e-15
2.77142e-06 -1.48548e-12 7.77156e-15
2.76251e-06 -1.53677e-12 -3.15303e-14
2.75366e-06 -1.44773e-12 1.84297e-14
2.74486e-06 -1.47615e-12 -4.32987e-14
2.73612e-06 -1.48037e-12 -1.11022e-14
2.72743e-06 -1.46239e-12 -5.32907e-15
2.7188e-06 -1.39444e-12 -1.77636e-14
2.71022e-06 -1.4293e-12 -1.64313e-14
2.7017e-06 -1.37845e-12 9.99201e-15
2.69323e-06 -1.40443e-12 -4.66294e-15
2.68481e-06 -1.38511e-12 -2.66454e-15
2.67645e-06 -1.39999e-12 -2.30926e-14
2.66814e-06 -1.38378e-12 -1.15463e-14
2.65988e-06 -1.38289e-12 -3.08642e-14
2.65167e-06 -1.35514e-12 -1.33227e-15
2.64351e-06 -1.3638e-12 -2.4869e-14
2.6354e-06 -1.36047e-12 2.93099e-14
2.62734e-06 -1.35381e-12 -3.61933e-14
2.61933e-06 -1.34426e-12 -2.42029e-14
2.61137e-06 -1.33404e-12 -1.33227e-14
2.60346e-06 -1.3296e-12 3.55271e-15
2.59559e-06 -1.27121e-12 2.4647e-14
2.58777e-06 -1.28675e-12 2.9976e-14
2.58e-06 -1.30518e-12 -1.06581e-14
2.57228e-06 -1.32672e-12 -1.26565e-14
2.5646e-06 -1.27365e-12 -1.53211e-14
2.55697e-06 -1.26033e-12 -1.68754e-14
2.54938e-06 -1.22591e-12 1.15463e-14
2.54184e-06 -1.23745e-12 -2.9754e-14
2.53434e-06 -1.26188e-12 3.13083e-14
2.52688e-06 -1.25855e-12 3.70814e-14
2.51947e-06 -1.19216e-12 1.15463e-14
2.51211e-06 -1.20703e-12 1.79856e-14
2.50478e-06 -1.21436e-12 2.4647e-14
2.4975e-06 -1.18394e-12 7.01661e-14
2.49026e-06 -1.20481e-12 7.99361e-15
2.48307e-06 -1.1946e-12 2.44249e-15
2.47591e-06 -1.21259e-12 -3.10862e-15
2.46879e-06 -1.15707e-12 9.99201e-15
2.46172e-06 -1.17195e-12 5.55112e-15
2.45469e-06 -1.16973e-12 -1.42109e-14
2.44769e-06 -1.11999e-12 0
2.44074e-06 -1.18949e-12 -1.84297e-14
2.43383e-06 -1.14997e-12 -1.55431e-15
2.42695e-06 -1.14975e-12 1.04361e-14
2.42011e-06 -1.09912e-12 1.26565e-14
2.41332e-06 -1.06426e-12 4.44089e-16
2.40656e-06 -1.11555e-12 1.75415e-14
2.39983e-06 -1.11955e-12 -6.88338e-15
2.39315e-06 -1.09601e-12 2.44249e-15
2.3865e-06 -1.08713e-12 -1.33227e-14
2.37989e-06 -1.08513e-12 2.66454e-15
2.37332e-06 -1.09779e-12 -3.75255e-14
2.36678e-06 -1.1251e-12 -2.10942e-14
2.36028e-06 -1.08802e-12 1.77636e-15
2.35381e-06 -1.10023e-12 4.24105e-14
2.34738e-06 -1.00542e-12 5.35127e-14
2.34098e-06 -1.05893e-12 -7.54952e-15
2.33462e-06 -1.06648e-12 -1.35447e-14
2.32829e-06 -1.04783e-12 -3.9968e-15
2.322e-06 -1.03384e-12 -9.76996e-15
2.31574e-06 -1.00675e-12 2.13163e-14
2.30952e-06 -1.01741e-12 5.55112e-15
2.30333e-06 -1.00808e-12 1.55431e-15
2.29717e-06 -1.01563e-12 3.9968e-15
2.29104e-06 -1.02252e-12 -4.24105e-14
2.28495e-06 -1.02407e-12 5.77316e-15
2.27889e-06 -1.04183e-12 -2.22045e-15
2.27286e-06 -9.97868e-13 -4.44089e-16
2.26686e-06 -1.06004e-12 -2.35367e-14
2.2609e-06 -1.00697e-12 -2.68674e-14
2.25496e-06 -9.60121e-13 8.43769e-15
2.24906e-06 -9.9365e-13 -1.31006e-14
2.24319e-06 -9.69003e-13 2.66454e-14
2.23735e-06 -9.64562e-13 -3.33067e-15
2.23153e-06 -9.36584e-13 -1.13243e-14
2.22575e-06 -9.06164e-13 1.35447e-14
2.22e-06 -9.50351e-13 1.26565e-14
2.21428e-06 -9.28591e-13 3.64153e-14
2.20859e-06 -9.91651e-13 -3.39728e-14
2.20292e-06 -9.34586e-13 2.84217e-14
2.19729e-06 -9.22151e-13 2.57572e-14
2.19169e-06 -9.67892e-13 1.42109e-14
2.18611e-06 -9.33031e-13 2.22045e-16
2.18056e-06 -9.12825e-13 3.68594e-14
2.17504e-06 -8.91509e-13 1.62093e-14
2.16955e-06 -8.79963e-13 1.4877e-14
2.16408e-06 -9.07718e-13 1.06581e-14
2.15864e-06 -9.37694e-13 -4.68514e-14
2.15323e-06 -9.06608e-13 -2.35367e-14
2.14785e-06 -8.81517e-13 2.44249e-15
2.1425e-06 -9.36584e-13 -6.43929e-15
2.13717e-06 -9.10827e-13 9.32587e-15
2.13186e-06 -8.71969e-13 1.26565e-14
2.12659e-06 -8.72191e-13 -5.10703e-15
2.12133e-06 -8.62199e-13 7.10543e-15
2.11611e-06 -8.89289e-13 -1.04361e-14
2.11091e-06 -8.93952e-13 -1.42109e-14
2.10574e-06 -8.16458e-13 9.32587e-15
2.10059e-06 -8.20233e-13 -3.95239e-14
2.09546e-06 -8.98615e-13 -4.10783e-14
2.09037e-06 -8.77742e-13 -3.77476e-14
2.08529e-06 -9.04832e-13 -3.75255e-14
2.08024e-06 -8.3733e-13 2.44249e-15
2.07522e-06 -7.94476e-13 4.64073e-14
2.07022e-06 -8.2534e-13 -3.77476e-15
2.06524e-06 -8.32667e-13 -2.22045e-14
2.06029e-06 -8.43103e-13 -9.10383e-15
2.05536e-06 -8.35998e-13 1.59872e-14
2.05045e-06 -8.01581e-13 -3.68594e-14
2.04557e-06 -8.06688e-13 -1.68754e-14
2.04071e-06 -8.1779e-13 -2.90878e-14
2.03588e-06 -8.20455e-13 -1.28786e-14
2.03107e-06 -8.10019e-13 -1.35447e-14
2.02628e-06 -7.39409e-13 2.77556e-14
2.02151e-06 -8.07798e-13 2.66454e-15
2.01676e-06 -7.94698e-13 2.15383e-14
2.01204e-06 -7.48956e-13 7.77156e-15
2.00734e-06 -7.8626e-13 -1.55431e-15
2.00266e-06 -7.76046e-13 1.75415e-14
1.998e-06 -7.36522e-13 3.90799e-14
1.99337e-06 -7.71383e-13 -1.17684e-14
1.98875e-06 -7.49401e-13 -2.4647e-14
1.98416e-06 -8.01803e-13 -2.06501e-14
1.97959e-06 -7.70273e-13 5.9952e-15
1.97504e-06 -7.51843e-13 2.4647e-14
1.97051e-06 -7.38298e-13 -5.4845e-14
1.966e-06 -7.54952e-13 1.04361e-14
1.96151e-06 -7.20979e-13 2.04281e-14
1.95704e-06 -7.15206e-13 -1.79856e-14
1.95259e-06 -7.91145e-13 -2.39808e-14
1.94816e-06 -7.22089e-13 4.08562e-14
1.94376e-06 -7.7538e-13 2.70894e-14
1.93937e-06 -7.28306e-13 1.06581e-14
1.935e-06 -7.10987e-13 -2.66454e-15
1.93065e-06 -6.82787e-13 2.75335e-14
1.92632e-06 -7.42739e-13 4.19664e-14
1.92201e-06 -7.13207e-13 -6.21725e-15
1.91772e-06 -6.53255e-13 4.26326e-14
1.91345e-06 -6.92557e-13 1.15463e-14
1.9092e-06 -7.08322e-13 -2.88658e-14
1.90497e-06 -7.09877e-13 -4.15223e-14
1.90075e-06 -6.91669e-13 -3.33067e-15
1.89656e-06 -6.78124e-13 3.39728e-14
1.89238e-06 -7.13429e-13 -5.55112e-15
1.88822e-06 -7.16982e-13 -2.42029e-14
1.88408e-06 -6.87006e-13 -2.10942e-14
1.87996e-06 -6.94333e-13 -7.10543e-15
1.87585e-06 -6.33715e-13 3.15303e-14
1.87177e-06 -6.5481e-13 3.95239e-14
1.8677e-06 -6.76792e-13 -4.84057e-14
1.86365e-06 -6.45484e-13 -4.44089e-16
1.85961e-06 -6.61471e-13 3.81917e-14
1.8556e-06 -6.81677e-13 -4.61853e-14
1.8516e-06 -7.20535e-13 -5.35127e-14
1.84761e-06 -6.48592e-13 -3.77476e-15
1.84365e-06 -6.87006e-13 7.32747e-15
1.8397e-06 -6.11955e-13 -1.90958e-14
1.83577e-06 -6.5481e-13 2.44249e-15
1.83186e-06 -6.53921e-13 8.28226e-14
1.82796e-06 -6.53921e-13 -2.84217e-14
1.82408e-06 -6.83009e-13 -8.52651e-14
1.82021e-06 -6.09734e-13 6.21725e-15
1.81637e-06 -5.47118e-13 5.88418e-14
1.81253e-06 -7.21867e-13 -1.11022e-14
1.80872e-06 -6.37046e-13 -1.88738e-14
1.80492e-06 -6.26832e-13 -3.26406e-14
1.80113e-06 -6.41931e-13 1.66533e-14
1.79737e-06 -6.18838e-13 1.9984e-14
1.79361e-06 -6.2772e-13 -2.42029e-14
1.78988e-06 -6.05294e-13 2.81997e-14
1.78616e-06 -5.61329e-13 4.86278e-14
1.78245e-06 -6.55476e-13 -1.22125e-14
1.77876e-06 -5.71987e-13 -6.43929e-15
1.77508e-06 -5.70877e-13 2.88658e-14
1.77142e-06 -6.14619e-13 -3.44169e-14
1.76778e-06 -5.83755e-13 -2.86438e-14
1.76415e-06 -6.5481e-13 5.32907e-15
1.76053e-06 -6.15064e-13 -1.19904e-14
1.75693e-06 -5.86198e-13 -4.92939e-14
1.75335e-06 -6.14397e-13 -3.59712e-14
1.74978e-06 -5.71987e-13 -6.66134e-15
1.74622e-06 -6.03295e-13 -9.54792e-15
1.74268e-06 -5.67546e-13 5.57332e-14
1.73915e-06 -6.13731e-13 -2.30926e-14
1.73564e-06 -5.85088e-13 5.92859e-14
1.73214e-06 -5.71987e-13 -4.66294e-14
1.72865e-06 -5.42677e-13 4.81837e-14
1.72518e-06 -5.5711e-13 1.15463e-14
1.72172e-06 -5.93303e-13 3.55271e-15
1.71828e-06 -6.06404e-13 -3.68594e-14
1.71485e-06 -6.255e-13 -4.44089e-15
1.71144e-06 -5.66658e-13 2.24265e-14
1.70803e-06 -5.68434e-13 -7.32747e-15
1.70464e-06 -5.29132e-13 2.84217e-14
1.70127e-06 -5.39346e-13 3.55271e-14
1.69791e-06 -5.39346e-13 -1.77636e-14
1.69456e-06 -5.57998e-13 -1.22125e-14
1.69122e-06 -5.21583e-13 -1.90958e-14
1.6879e-06 -5.31131e-13 2.53131e-14
1.68459e-06 -5.43121e-13 -8.65974e-15
1.68129e-06 -5.40012e-13 -2.66454e-14
1.67801e-06 -5.71765e-13 7.77156e-15
1.67474e-06 -5.50227e-13 -3.90799e-14
1.67148e-06 -5.47562e-13 -4.66294e-15
1.66823e-06 -5.51559e-13 1.66533e-14
1.665e-06 -4.78506e-13 5.90639e-14
1.66178e-06 -5.51559e-13 -7.37188e-14
1.65857e-06 -5.24913e-13 4.50751e-14
1.65538e-06 -5.26912e-13 1.84297e-14
1.65219e-06 -5.79314e-13 -2.68674e-14
1.64902e-06 -5.75984e-13 2.44249e-15
1.64586e-06 -5.56e-13 -1.46549e-14
1.64272e-06 -5.22693e-13 1.70974e-14
1.63958e-06 -5.57332e-13 1.66533e-14
1.63646e-06 -5.36238e-13 -1.11022e-15
1.63335e-06 -5.58886e-13 -5.01821e-14
1.63025e-06 -5.35127e-13 1.17684e-14
1.62716e-06 -5.29354e-13 -4.19664e-14
1.62408e-06 -5.55556e-13 -5.9952e-14
1.62102e-06 -4.85612e-13 -2.77556e-14
1.61797e-06 -4.88276e-13 8.65974e-15
1.61493e-06 -5.04707e-13 -2.37588e-14
1.6119e-06 -5.15143e-13 8.43769e-14
1.60888e-06 -4.56968e-13 4.4853e-14
1.60587e-06 -5.16254e-13 -1.31006e-14
1.60287e-06 -4.91607e-13 -2.19824e-14
1.59989e-06 -4.90719e-13 -6.21725e-15
1.59692e-06 -5.38902e-13 2.4869e-14
1.59395e-06 -4.74509e-13 -2.44249e-15
1.591e-06 -5.08926e-13 -3.55271e-15
1.58806e-06 -4.94271e-13 -3.5083e-14
1.58513e-06 -4.26104e-13 3.26406e-14
1.58221e-06 -5.25802e-13 1.42109e-14
1.5793e-06 -4.93827e-13 -2.33147e-14
1.5764e-06 -4.85167e-13 5.9952e-15
1.57352e-06 -4.7673e-13 -6.23945e-14
1.57064e-06 -4.77396e-13 6.43929e-15
1.56777e-06 -5.00489e-13 -4.44089e-15
1.56492e-06 -3.85247e-13 8.65974e-15
1.56207e-06 -5.0826e-13 -5.77316e-15
1.55924e-06 -4.79172e-13 3.84137e-14
1.55641e-06 -4.43201e-13 2.4647e-14
1.5536e-06 -4.59632e-13 -2.24265e-14
1.5508e-06 -4.67404e-13 -2.81997e-14
1.548e-06 -4.53193e-13 1.37668e-14
1.54522e-06 -5.00266e-13 1.77636e-15
1.54244e-06 -4.7895e-13 -9.28146e-14
1.53968e-06 -4.22773e-13 -3.08642e-14
1.53692e-06 -4.88942e-13 4.79616e-14
1.53418e-06 -4.66072e-13 3.19744e-14
1.53145e-06 -4.64073e-13 -2.81997e-14
1.52872e-06 -4.86056e-13 -1.06581e-14
1.526e-06 -4.80949e-13 -4.44089e-16
1.5233e-06 -4.7673e-13 -6.32827e-14
1.5206e-06 -4.24993e-13 3.44169e-14
1.51792e-06 -4.72511e-13 -9.99201e-15
1.51524e-06 -4.14557e-13 5.01821e-14
1.51257e-06 -4.41425e-13 2.81997e-14
1.50991e-06 -4.66516e-13 -1.11022e-15
1.50726e-06 -4.4853e-13 5.12923e-14
1.50462e-06 -4.66072e-13 -1.22125e-14
1.50199e-06 -3.89022e-13 4.39648e-14
1.49937e-06 -4.18998e-13 2.33147e-14
1.49676e-06 -4.62297e-13 -2.66454e-14
1.49416e-06 -4.49862e-13 -2.81997e-14
1.49156e-06 -4.00124e-13 -2.9754e-14
1.48898e-06 -4.44977e-13 -5.32907e-15
1.4864e-06 -4.29656e-13 3.26406e-14
1.48384e-06 -4.07896e-13 -3.68594e-14
1.48128e-06 -3.91243e-13 1.19904e-14
1.47873e-06 -4.39204e-13 4.41869e-14
1.47619e-06 -3.95239e-13 -2.93099e-14
1.47365e-06 -3.98126e-13 3.81917e-14
1.47113e-06 -4.39204e-13 -5.50671e-14
1.46862e-06 -4.17666e-13 -4.06342e-14
1.46611e-06 -4.65405e-13 -3.39728e-14
1.46361e-06 -4.11005e-13 2.42029e-14
1.46112e-06 -4.44533e-13 -3.55271e-14
1.45864e-06 -3.6593e-13 5.86198e-14
1.45617e-06 -3.67262e-13 -3.06422e-14
1.45371e-06 -3.52829e-13 6.88338e-15
1.45125e-06 -4.01901e-13 -4.92939e-14
1.4488e-06 -4.20108e-13 4.39648e-14
1.44636e-06 -4.10338e-13 2.04281e-14
1.44393e-06 -4.18998e-13 -3.64153e-14
1.44151e-06 -4.07008e-13 5.15143e-14
1.4391e-06 -4.22551e-13 -5.59552e-14
1.43669e-06 -4.04121e-13 6.55032e-14
1.43429e-06 -3.80584e-13 1.39888e-14
1.4319e-06 -3.96794e-13 1.84297e-14
1.42952e-06 -3.97016e-13 8.88178e-16
1.42714e-06 -4.0612e-13 -2.77556e-14
1.42478e-06 -3.8014e-13 -1.70974e-14
1.42242e-06 -4.05453e-13 -8.9484e-14
1.42007e-06 -3.89022e-13 7.63833e-14
1.41772e-06 -3.97682e-13 7.10543e-14
1.41539e-06 -3.87912e-13 2.06501e-14
1.41306e-06 -3.95683e-13 3.5083e-14
1.41074e-06 -4.03011e-13 -1.66533e-14
1.40843e-06 -3.94795e-13 -1.33227e-15
1.40612e-06 -3.78142e-13 -1.70974e-14
1.40382e-06 -3.51941e-13 2.22045e-14
1.40153e-06 -3.67706e-13 7.39409e-14
1.39925e-06 -3.64819e-13 4.08562e-14
1.39698e-06 -4.23661e-13 -3.9746e-14
1.39471e-06 -4.39648e-13 -8.88178e-16
1.39245e-06 -3.56604e-13 3.55271e-14
1.3902e-06 -4.16778e-13 -7.03881e-14
1.38795e-06 -3.92131e-13 -5.01821e-14
1.38571e-06 -3.38396e-13 6.9722e-14
1.38348e-06 -3.22631e-13 9.54792e-15
1.38126e-06 -3.96128e-13 -2.53131e-14
1.37904e-06 -3.38174e-13 1.46549e-14
1.37683e-06 -3.67484e-13 -2.02061e-14
1.37463e-06 -3.68816e-13 1.19904e-14
1.37243e-06 -4.33431e-13 -6.83897e-14
1.37024e-06 -3.83471e-13 4.35207e-14
1.36806e-06 -3.69926e-13 -7.32747e-15
1.36588e-06 -3.36842e-13 2.35367e-14
1.36372e-06 -3.81917e-13 -3.68594e-14
1.36155e-06 -3.59268e-13 2.5091e-14
1.3594e-06 -4.05675e-13 -1.75415e-14
1.35725e-06 -3.89244e-13 -1.39888e-14
1.35511e-06 -3.60822e-13 -1.42109e-14
1.35298e-06 -3.1819e-13 5.32907e-15
1.35085e-06 -3.23075e-13 -4.44089e-15
1.34873e-06 -4.09894e-13 7.32747e-15
1.34662e-06 -3.6593e-13 -5.32907e-15
1.34451e-06 -3.46168e-13 -2.42029e-14
1.34241e-06 -3.60378e-13 1.59872e-14
1.34031e-06 -3.17302e-13 3.57492e-14
1.33823e-06 -3.11973e-13 0
1.33614e-06 -3.43281e-13 2.28706e-14
1.33407e-06 -3.73701e-13 2.33147e-14
1.332e-06 -2.8777e-13 6.59472e-14
1.32994e-06 -3.05977e-13 3.86358e-14
1.32788e-06 -3.02203e-13 4.10783e-14
1.32583e-06 -3.54383e-13 3.55271e-15
1.32379e-06 -2.99538e-13 -5.32907e-15
1.32175e-06 -3.71259e-13 -3.55271e-14
1.31972e-06 -3.46168e-13 -3.28626e-14
1.3177e-06 -3.04201e-13 8.65974e-15
1.31568e-06 -4.06786e-13 -2.15383e-14
1.31367e-06 -3.95461e-13 -9.76996e-15
1.31167e-06 -3.13527e-13 -1.28786e-14
1.30967e-06 -3.28626e-13 -4.17444e-14
1.30767e-06 -2.72449e-13 1.5099e-14
1.30568e-06 -3.69704e-13 -1.31006e-14
1.3037e-06 -3.51941e-13 -4.68514e-14
1.30173e-06 -3.44613e-13 -3.79696e-14
1.29976e-06 -2.94209e-13 4.10783e-14
1.2978e-06 -3.49498e-13 -6.06182e-14
1.29584e-06 -3.47944e-13 2.55351e-14
1.29389e-06 -3.77254e-13 -5.10703e-14
1.29194e-06 -3.29958e-13 5.01821e-14
1.29e-06 -3.55049e-13 2.5091e-14
1.28807e-06 -3.24407e-13 -6.03961e-14
1.28614e-06 -3.02203e-13 5.4845e-14
1.28422e-06 -3.24407e-13 -1.59872e-14
1.2823e-06 -3.22409e-13 1.70974e-14
1.28039e-06 -3.09752e-13 -1.42109e-14
1.27848e-06 -3.50164e-13 1.79856e-14
1.27658e-06 -3.42837e-13 -4.81837e-14
1.27469e-06 -3.49054e-13 1.15463e-14
1.2728e-06 -3.10196e-13 2.93099e-14
1.27092e-06 -3.09308e-13 4.86278e-14
1.26904e-06 -3.14637e-13 1.44329e-14
1.26717e-06 -3.15081e-13 9.10383e-15
1.2653e-06 -2.94875e-13 1.9762e-14
1.26344e-06 -2.84217e-13 3.10862e-15
1.26159e-06 -2.71561e-13 2.19824e-14
1.25974e-06 -2.78444e-13 7.77156e-15
1.25789e-06 -3.19744e-13 -2.95319e-14
1.25605e-06 -2.98872e-13 -1.33227e-14
1.25422e-06 -3.30402e-13 -2.35367e-14
1.25239e-06 -2.69784e-13 4.86278e-14
1.25057e-06 -2.83107e-13 -4.88498e-14
1.24875e-06 -2.81997e-13 3.4861e-14
1.24694e-06 -2.55351e-13 1.24345e-14
1.24513e-06 -3.30402e-13 -2.53131e-14
1.24333e-06 -2.85993e-13 5.55112e-15
1.24153e-06 -3.05311e-13 -4.35207e-14
1.23974e-06 -2.82663e-13 4.52971e-14
1.23795e-06 -3.31957e-13 2.22045e-14
1.23617e-06 -3.00648e-13 -2.02061e-14
1.2344e-06 -3.26628e-13 4.44089e-15
1.23263e-06 -3.01092e-13 4.72955e-14
1.23086e-06 -3.25517e-13 6.21725e-15
1.2291e-06 -2.78666e-13 -3.10862e-15
1.22734e-06 -2.71339e-13 3.06422e-14
1.22559e-06 -2.63123e-13 2.39808e-14
1.22385e-06 -3.12417e-13 -3.5083e-14
1.22211e-06 -2.65121e-13 7.26086e-14
1.22037e-06 -2.52465e-13 7.83817e-14
1.21864e-06 -2.89102e-13 1.64313e-14
1.21691e-06 -2.84217e-13 4.90719e-14
1.21519e-06 -3.27516e-13 2.39808e-14
1.21348e-06 -3.09752e-13 6.79456e-14
1.21176e-06 -2.5735e-13 2.19824e-14
1.21006e-06 -3.04867e-13 2.44249e-15
1.20836e-06 -2.6068e-13 6.21725e-15
1.20666e-06 -2.48024e-13 -1.55431e-15
1.20497e-06 -1.98508e-13 3.10862e-15
1.20328e-06 -2.93099e-13 -5.01821e-14
1.2016e-06 -2.39364e-13 9.10383e-15
1.19992e-06 -2.498e-13 -5.32907e-15
1.19824e-06 -2.75779e-13 1.93179e-14
1.19657e-06 -2.4758e-13 -3.01981e-14
1.19491e-06 -2.23821e-13 -4.44089e-16
1.19325e-06 -2.6934e-13 6.21725e-15
1.1916e-06 -3.36842e-13 -4.28546e-14
1.18995e-06 -3.36398e-13 7.54952e-15
1.1883e-06 -2.56906e-13 5.77316e-15
1.18666e-06 -2.88436e-13 -2.06501e-14
1.18502e-06 -2.3137e-13 7.54952e-15
1.18339e-06 -2.51354e-13 4.15223e-14
1.18176e-06 -2.66009e-13 -8.65974e-15
1.18014e-06 -2.50466e-13 -1.24345e-14
1.17852e-06 -2.28706e-13 5.4845e-14
1.17691e-06 -2.20268e-13 1.77636e-15
1.1753e-06 -2.94875e-13 -5.32907e-15
1.17369e-06 -2.74669e-13 -1.28786e-14
1.17209e-06 -2.63123e-13 4.44089e-16
1.17049e-06 -2.4647e-13 -9.99201e-15
1.1689e-06 -3.33289e-13 -6.35048e-14
1.16731e-06 -3.02869e-13 -5.61773e-14
1.16573e-06 -2.85327e-13 5.9952e-15
1.16415e-06 -2.89102e-13 -3.64153e-14
1.16257e-06 -2.81553e-13 2.22045e-14
1.161e-06 -2.60236e-13 1.5099e-14
1.15943e-06 -2.72893e-13 -1.55431e-15
1.15787e-06 -3.09086e-13 -2.04281e-14
1.15631e-06 -2.49578e-13 2.73115e-14
1.15476e-06 -3.10862e-13 5.9952e-15
1.15321e-06 -2.60014e-13 -1.64313e-14
1.15166e-06 -2.15161e-13 2.22045e-14
1.15012e-06 -2.82441e-13 -2.66454e-14
1.14858e-06 -2.47136e-13 1.9984e-15
1.14705e-06 -3.01981e-13 2.04281e-14
1.14552e-06 -2.51799e-13 -1.33227e-15
1.144e-06 -2.7689e-13 -2.77556e-14
1.14247e-06 -3.0842e-13 1.24345e-14
1.14096e-06 -2.4003e-13 5.77316e-14
1.13944e-06 -2.65121e-13 5.17364e-14
1.13793e-06 -3.37952e-13 -4.88498e-14
1.13643e-06 -2.27374e-13 -9.99201e-15
1.13493e-06 -2.82885e-13 -4.55191e-14
1.13343e-06 -2.39586e-13 9.10383e-15
1.13194e-06 -2.40918e-13 1.31006e-14
1.13045e-06 -2.63123e-13 7.77156e-15
1.12896e-06 -3.04201e-13 1.90958e-14
1.12748e-06 -3.15747e-13 2.33147e-14
1.126e-06 -2.54685e-13 7.10543e-14
1.12453e-06 -2.48912e-13 3.55271e-15
1.12306e-06 -1.64757e-13 1.93179e-14
1.12159e-06 -2.0961e-13 -1.64313e-14
1.12013e-06 -2.23377e-13 8.01581e-14
1.11867e-06 -2.80442e-13 -2.42029e-14
1.11722e-06 -2.25375e-13 -2.04281e-14
1.11577e-06 -2.22045e-13 -3.15303e-14
1.11432e-06 -2.25819e-13 -7.77156e-15
1.11288e-06 -2.6823e-13 -6.86118e-14
1.11144e-06 -2.20046e-13 1.06581e-14
1.11e-06 -2.15827e-13 7.54952e-15
1.10857e-06 -2.29594e-13 1.15463e-14
1.10714e-06 -2.29816e-13 -1.70974e-14
1.10572e-06 -1.72973e-13 3.44169e-14
1.10429e-06 -2.15605e-13 2.9976e-14
1.10288e-06 -1.76081e-13 8.4599e-14
1.10146e-06 -2.41362e-13 4.92939e-14
1.10005e-06 -2.44693e-13 -2.19824e-14
1.09865e-06 -3.11751e-13 1.86517e-14
1.09724e-06 -2.71116e-13 -2.4647e-14
1.09584e-06 -2.45359e-13 -6.12843e-14
1.09445e-06 -2.60236e-13 -3.61933e-14
1.09305e-06 -2.24709e-13 1.55431e-15
1.09167e-06 -2.39364e-13 -1.26565e-14
1.09028e-06 -2.90656e-13 -3.9968e-14
1.0889e-06 -2.82663e-13 2.57572e-14
1.08752e-06 -2.29594e-13 1.24345e-14
1.08615e-06 -2.12719e-13 1.93179e-14
1.08477e-06 -2.5735e-13 -2.22045e-16
1.08341e-06 -3.0731e-13 -3.55271e-14
1.08204e-06 -2.63567e-13 -4.64073e-14
1.08068e-06 -2.48246e-13 2.33147e-14
1.07932e-06 -1.78746e-13 2.44249e-14
1.07797e-06 -2.53131e-13 -2.37588e-14
1.07662e-06 -3.08864e-13 1.9984e-15
1.07527e-06 -2.22711e-13 -6.66134e-16
1.07393e-06 -1.99618e-13 -5.88418e-14
1.07259e-06 -1.96509e-13 -9.54792e-15
1.07125e-06 -1.88294e-13 6.08402e-14
1.06991e-06 -2.62457e-13 3.77476e-15
1.06858e-06 -2.16493e-13 3.95239e-14
1.06726e-06 -2.34257e-13 -3.28626e-14
1.06593e-06 -2.39142e-13 3.37508e-14
1.06461e-06 -1.77192e-13 4.21885e-15
1.06329e-06 -2.39142e-13 9.99201e-15
1.06198e-06 -1.64091e-13 -2.10942e-14
1.06067e-06 -2.56239e-13 -1.75415e-14
1.05936e-06 -1.69864e-13 -4.68514e-14
1.05806e-06 -2.13163e-13 -1.9984e-15
1.05675e-06 -2.84661e-13 -5.24025e-14
1.05546e-06 -1.73861e-13 -5.83977e-14
1.05416e-06 -1.75637e-13 -5.59552e-14
1.05287e-06 -2.62901e-13 -2.26485e-14
1.05158e-06 -2.37588e-13 1.4877e-14
1.05029e-06 -2.16049e-13 5.04041e-14
1.04901e-06 -2.67564e-13 -5.9508e-14
1.04773e-06 -2.47136e-13 -2.66454e-15
1.04646e-06 -1.98508e-13 9.99201e-15
1.04518e-06 -2.08944e-13 5.01821e-14
1.04391e-06 -2.22267e-13 -1.59872e-14
1.04265e-06 -2.09388e-13 1.06803e-13
1.04138e-06 -1.95399e-13 -3.9968e-15
1.04012e-06 -2.20268e-13 7.77156e-15
1.03886e-06 -1.92735e-13 -1.55431e-15
1.03761e-06 -2.00062e-13 3.59712e-14
1.03636e-06 -2.54463e-13 -1.77636e-15
1.03511e-06 -2.51354e-13 -2.55351e-14
1.03386e-06 -2.88436e-13 -1.73195e-14
1.03262e-06 -2.33813e-13 1.57652e-14
1.03138e-06 -1.44107e-13 6.41709e-14
1.03014e-06 -1.66978e-13 3.88578e-14
1.02891e-06 -2.30482e-13 -3.24185e-14
1.02768e-06 -1.94067e-13 3.53051e-14
1.02645e-06 -2.03171e-13 2.15383e-14
1.02523e-06 -1.84741e-13 1.9984e-14
1.02401e-06 -1.2923e-13 -1.59872e-14
1.02279e-06 -1.42997e-13 1.24345e-14
1.02157e-06 -2.00506e-13 -3.26406e-14
1.02036e-06 -2.62901e-13 -2.13163e-14
1.01915e-06 -2.23377e-13 -2.75335e-14
1.01794e-06 -1.8674e-13 2.4869e-14
1.01673e-06 -2.03615e-13 5.32907e-15
1.01553e-06 -2.25375e-13 -2.13163e-14
1.01433e-06 -1.46771e-13 6.30607e-14
1.01314e-06 -2.75779e-13 -3.08642e-14
1.01194e-06 -1.803e-13 1.53211e-14
1.01075e-06 -2.29594e-13 -4.92939e-14
1.00957e-06 -2.7045e-13 -5.9952e-14
1.00838e-06 -2.09388e-13 -4.24105e-14
1.0072e-06 -1.98508e-13 -4.37428e-14
1.00602e-06 -2.05391e-13 -6.75016e-14
1.00484e-06 -2.32925e-13 -4.84057e-14
1.00367e-06 -1.25677e-13 -1.31006e-14
1.0025e-06 -2.45359e-13 -1.28786e-14
1.00133e-06 -1.71418e-13 -3.75255e-14
1.00016e-06 -1.55431e-13 3.86358e-14
9.99001e-07 -1.80744e-13 -4.35207e-14
9.97841e-07 -1.84741e-13 -2.53131e-14
9.96683e-07 -2.40918e-13 -6.9722e-14
9.95528e-07 -1.64535e-13 2.13163e-14
9.94376e-07 -2.73781e-13 -1.01252e-13
9.93226e-07 -1.41442e-13 1.5099e-14
9.92079e-07 -1.1835e-13 1.53211e-14
9.90935e-07 -1.73195e-13 -1.73195e-14
9.89794e-07 -1.75415e-13 2.19824e-14
9.88655e-07 -1.06581e-13 5.21805e-14
9.87518e-07 -1.23457e-13 2.77556e-14
9.86384e-07 -1.60538e-13 5.4845e-14
9.85253e-07 -1.75415e-13 1.35447e-14
9.84125e-07 -2.06946e-13 -3.5083e-14
9.82999e-07 -1.803e-13 2.57572e-14
9.81875e-07 -1.3145e-13 -3.01981e-14
9.80754e-07 -2.31148e-13 -2.9976e-14
9.79636e-07 -2.06501e-13 2.75335e-14
9.7852e-07 -1.672e-13 2.22045e-15
9.77407e-07 -1.96509e-13 5.10703e-15
9.76296e-07 -2.03393e-13 -8.43769e-15
9.75188e-07 -2.84883e-13 -5.70655e-14
9.74083e-07 -1.6831e-13 1.13243e-14
9.72979e-07 -1.63425e-13 4.88498e-15
9.71879e-07 -1.90514e-13 -8.57092e-14
9.70781e-07 -1.59428e-13 3.53051e-14
9.69685e-07 -1.97176e-13 3.9968e-14
9.68592e-07 -9.08162e-14 6.21725e-14
9.67501e-07 -2.15383e-13 -6.4837e-14
9.66412e-07 -2.45803e-13 2.44249e-15
9.65327e-07 -2.16938e-13 8.88178e-16
9.64243e-07 -1.12355e-13 -2.53131e-14
9.63162e-07 -1.53433e-13 -5.39568e-14
9.62084e-07 -1.64313e-13 -4.50751e-14
9.61008e-07 -1.78302e-13 -2.90878e-14
9.59934e-07 -2.12497e-13 2.81997e-14
9.58862e-07 -2.20268e-13 -3.66374e-14
9.57794e-07 -1.13465e-13 1.66533e-14
9.56727e-07 -1.68532e-13 -3.44169e-14
9.55663e-07 -1.98286e-13 -1.82077e-14
9.54601e-07 -1.67866e-13 2.22045e-16
9.53541e-07 -2.0095e-13 5.4623e-14
9.52484e-07 -1.78746e-13 4.44089e-15
9.51429e-07 -2.30704e-13 1.93179e-14
9.50377e-07 -1.28342e-13 4.88498e-14
9.49327e-07 -1.60316e-13 -4.88498e-15
9.48279e-07 -2.45359e-13 -5.63993e-14
9.47233e-07 -1.90736e-13 -1.70974e-14
9.4619e-07 -1.71863e-13 1.66533e-14
9.45149e-07 -1.15685e-13 -1.9984e-14
9.44111e-07 -1.70752e-13 1.19904e-14
9.43074e-07 -1.59206e-13 9.54792e-15
9.4204e-07 -1.54987e-13 -1.93179e-14
9.41008e-07 -1.82521e-13 2.88658e-15
9.39979e-07 -2.6823e-13 -1.12355e-13
9.38952e-07 -1.76525e-13 1.88738e-14
9.37927e-07 -2.16049e-13 -1.70974e-14
9.36904e-07 -1.56097e-13 1.9762e-14
9.35883e-07 -1.53433e-13 -3.37508e-14
9.34865e-07 -1.04139e-13 5.28466e-14
9.33849e-07 -1.59428e-13 2.81997e-14
9.32835e-07 -9.72555e-14 -8.65974e-15
9.31823e-07 -1.76748e-13 -2.04281e-14
9.30813e-07 -1.72973e-13 -5.63993e-14
9.29806e-07 -1.7164e-13 2.88658e-14
9.28801e-07 -1.92069e-13 -1.28786e-14
9.27798e-07 -1.83631e-13 4.26326e-14
9.26797e-07 -1.10578e-13 2.73115e-14
9.25798e-07 -1.31894e-13 -3.41949e-14
9.24802e-07 -1.66089e-13 -2.5091e-14
9.23807e-07 -1.62537e-13 1.33227e-15
9.22815e-07 -1.35225e-13 1.01252e-13
9.21825e-07 -1.52545e-13 2.24265e-14
9.20837e-07 -1.82743e-13 5.55112e-14
9.19851e-07 -2.63567e-13 1.17684e-14
9.18867e-07 -1.23457e-13 -1.77636e-15
9.17885e-07 -2.02061e-13 6.50591e-14
9.16906e-07 -2.9754e-14 6.90559e-14
9.15928e-07 -1.67644e-13 -4.75175e-14
9.14953e-07 -2.16493e-13 -3.33067e-14
9.13979e-07 -2.14051e-13 5.39568e-14
9.13008e-07 -1.15907e-13 6.30607e-14
9.12039e-07 -1.81632e-13 -1.28786e-14
9.11072e-07 -1.98064e-13 8.21565e-15
9.10107e-07 -1.96732e-13 -5.88418e-14
9.09144e-07 -1.60982e-13 -6.66134e-16
9.08183e-07 -1.23013e-13 1.82077e-14
9.07224e-07 -1.34559e-13 2.4647e-14
9.06267e-07 -1.44995e-13 0
9.05312e-07 -2.03837e-13 -8.28226e-14
9.04359e-07 -1.50324e-13 2.75335e-14
9.03408e-07 -1.73639e-13 2.33147e-14
9.02459e-07 -1.98064e-13 -4.44089e-16
9.01512e-07 -1.78524e-13 -3.41949e-14
9.00567e-07 -2.18936e-13 4.9738e-14
8.99624e-07 -1.40998e-13 5.10703e-15
8.98683e-07 -1.89404e-13 4.52971e-14
8.97744e-07 -1.4988e-13 -2.15383e-14
8.96807e-07 -1.21236e-13 2.53131e-14
8.95872e-07 -1.36557e-13 6.4837e-14
8.94938e-07 -1.54099e-13 -1.53211e-14
8.94007e-07 -1.42997e-13 -7.54952e-14
8.93078e-07 -1.95621e-13 -2.88658e-15
8.9215e-07 -1.52989e-13 -1.11022e-14
8.91225e-07 -1.23901e-13 -6.23945e-14
8.90301e-07 -1.92735e-13 1.53211e-14
8.8938e-07 -1.48548e-13 -7.74936e-14
8.8846e-07 -1.65645e-13 -3.28626e-14
8.87542e-07 -1.46105e-13 -4.996e-14
8.86626e-07 -9.63674e-14 7.37188e-14
8.85712e-07 -2.43805e-13 9.10383e-15
8.848e-07 -1.53877e-13 -2.59792e-14
8.8389e-07 -1.63203e-13 -1.59872e-14
8.82981e-07 -1.22569e-13 5.92859e-14
8.82075e-07 -1.84519e-13 -3.44169e-14
8.8117e-07 -1.70086e-13 2.86438e-14
8.80267e-07 -1.68754e-13 1.24345e-14
8.79366e-07 -1.64091e-13 7.39409e-14
8.78467e-07 -1.45883e-13 3.26406e-14
8.7757e-07 -1.4766e-13 -4.26326e-14
8.76674e-07 -2.05835e-13 -2.44249e-14
8.75781e-07 -1.33893e-13 -9.76996e-15
8.74889e-07 -2.00062e-13 -1.44329e-14
8.73999e-07 -1.42109e-13 -1.11022e-14
8.7311e-07 -1.98508e-13 4.4631e-14
8.72224e-07 -1.5965e-13 5.17364e-14
8.7134e-07 -1.36335e-13 2.59792e-14
8.70457e-07 -1.53211e-13 4.66294e-15
8.69576e-07 -1.2168e-13 -1.42109e-14
8.68696e-07 -1.12355e-13 -5.973e-14
8.67819e-07 -1.87628e-13 -5.37348e-14
8.66943e-07 -1.91847e-13 2.84217e-14
8.66069e-07 -1.29896e-13 -3.4861e-14
8.65197e-07 -1.39444e-13 -6.21725e-14
8.64327e-07 -1.51656e-13 -2.95319e-14
8.63458e-07 -1.58762e-13 -3.01981e-14
8.62591e-07 -1.06137e-13 4.37428e-14
8.61726e-07 -1.9984e-15 1.08358e-13
8.60862e-07 -1.92069e-13 -4.39648e-14
8.60001e-07 -1.18794e-13 -5.59552e-14
