0 2.17838e+09 1.99097e+09 -2.08268e+07
86400 2.1779e+09 1.9913e+09 -2.08194e+07
259200 2.17737e+09 1.99159e+09 -2.08115e+07
518400 2.1768e+09 1.99184e+09 -2.08032e+07
864000 2.17619e+09 1.99206e+09 -2.07945e+07
1296000 2.17554e+09 1.99223e+09 -2.07854e+07
1814400 2.17484e+09 1.99237e+09 -2.07759e+07
2419200 2.1741e+09 1.99247e+09 -2.0766e+07
3110400 2.17332e+09 1.99253e+09 -2.07557e+07
3888000 2.1725e+09 1.99255e+09 -2.0745e+07
4752000 2.17164e+09 1.99254e+09 -2.07339e+07
5702400 2.17073e+09 1.99248e+09 -2.07223e+07
6739200 2.16979e+09 1.99239e+09 -2.07104e+07
7862400 2.1688e+09 1.99226e+09 -2.06981e+07
9072000 2.16777e+09 1.99209e+09 -2.06854e+07
10368000 2.16669e+09 1.99188e+09 -2.06723e+07
11750400 2.16558e+09 1.99163e+09 -2.06588e+07
13219200 2.16442e+09 1.99134e+09 -2.06449e+07
14774400 2.16322e+09 1.99102e+09 -2.06306e+07
16416000 2.16198e+09 1.99065e+09 -2.06158e+07
18144000 2.16069e+09 1.99025e+09 -2.06007e+07
19958400 2.15937e+09 1.98981e+09 -2.05852e+07
21859200 2.158e+09 1.98933e+09 -2.05693e+07
23846400 2.15659e+09 1.98881e+09 -2.05529e+07
25920000 2.15513e+09 1.98825e+09 -2.05362e+07
28080000 2.15364e+09 1.98765e+09 -2.05191e+07
30326400 2.1521e+09 1.98701e+09 -2.05015e+07
32659200 2.15052e+09 1.98633e+09 -2.04836e+07
35078400 2.14889e+09 1.98562e+09 -2.04652e+07
37584000 2.14723e+09 1.98486e+09 -2.04464e+07
40176000 2.14552e+09 1.98407e+09 -2.04273e+07
42854400 2.14377e+09 1.98323e+09 -2.04077e+07
45619200 2.14197e+09 1.98236e+09 -2.03877e+07
48470400 2.14014e+09 1.98145e+09 -2.03673e+07
51408000 2.13826e+09 1.98049e+09 -2.03466e+07
54432000 2.13633e+09 1.9795e+09 -2.03254e+07
57542400 2.13437e+09 1.97847e+09 -2.03038e+07
60739200 2.13236e+09 1.97739e+09 -2.02817e+07
64022400 2.13031e+09 1.97628e+09 -2.02593e+07
67392000 2.12822e+09 1.97513e+09 -2.02365e+07
70848000 2.12608e+09 1.97394e+09 -2.02133e+07
74390400 2.1239e+09 1.9727e+09 -2.01896e+07
78019200 2.12167e+09 1.97143e+09 -2.01656e+07
81734400 2.11941e+09 1.97011e+09 -2.01411e+07
85536000 2.1171e+09 1.96876e+09 -2.01162e+07
89424000 2.11474e+09 1.96736e+09 -2.00909e+07
93398400 2.11234e+09 1.96593e+09 -2.00652e+07
97459200 2.1099e+09 1.96445e+09 -2.00391e+07
101606400 2.10742e+09 1.96293e+09 -2.00126e+07
105840000 2.10489e+09 1.96137e+09 -1.99856e+07
110160000 2.10232e+09 1.95977e+09 -1.99583e+07
114566400 2.0997e+09 1.95813e+09 -1.99305e+07
119059200 2.09704e+09 1.95645e+09 -1.99023e+07
123638400 2.09433e+09 1.95473e+09 -1.98737e+07
128304000 2.09158e+09 1.95296e+09 -1.98447e+07
133056000 2.08879e+09 1.95115e+09 -1.98153e+07
137894400 2.08595e+09 1.9493e+09 -1.97855e+07
142819200 2.08307e+09 1.94741e+09 -1.97552e+07
147830400 2.08014e+09 1.94548e+09 -1.97245e+07
152928000 2.07717e+09 1.9435e+09 -1.96934e+07
158112000 2.07415e+09 1.94148e+09 -1.96619e+07
163382400 2.07109e+09 1.93942e+09 -1.96299e+07
168739200 2.06798e+09 1.93732e+09 -1.95975e+07
174182400 2.06483e+09 1.93517e+09 -1.95647e+07
179712000 2.06163e+09 1.93298e+09 -1.95315e+07
185328000 2.05839e+09 1.93075e+09 -1.94979e+07
191030400 2.0551e+09 1.92847e+09 -1.94638e+07
196819200 2.05177e+09 1.92615e+09 -1.94293e+07
202694400 2.04839e+09 1.92379e+09 -1.93944e+07
208656000 2.04496e+09 1.92138e+09 -1.9359e+07
214704000 2.04149e+09 1.91893e+09 -1.93232e+07
220838400 2.03797e+09 1.91643e+09 -1.9287e+07
227059200 2.0344e+09 1.9139e+09 -1.92503e+07
233366400 2.03079e+09 1.91131e+09 -1.92133e+07
239760000 2.02714e+09 1.90868e+09 -1.91757e+07
246240000 2.02343e+09 1.90601e+09 -1.91378e+07
252806400 2.01968e+09 1.90329e+09 -1.90994e+07
259459200 2.01588e+09 1.90053e+09 -1.90606e+07
266198400 2.01203e+09 1.89772e+09 -1.90213e+07
273024000 2.00814e+09 1.89487e+09 -1.89816e+07
279936000 2.0042e+09 1.89197e+09 -1.89414e+07
286934400 2.00021e+09 1.88902e+09 -1.89009e+07
294019200 1.99617e+09 1.88603e+09 -1.88598e+07
301190400 1.99209e+09 1.883e+09 -1.88183e+07
308448000 1.98796e+09 1.87991e+09 -1.87764e+07
315792000 1.98378e+09 1.87678e+09 -1.8734e+07
323222400 1.97955e+09 1.8736e+09 -1.86912e+07
330739200 1.97527e+09 1.87038e+09 -1.86479e+07
338342400 1.97094e+09 1.86711e+09 -1.86042e+07
346032000 1.96656e+09 1.86379e+09 -1.856e+07
353808000 1.96214e+09 1.86042e+09 -1.85154e+07
361670400 1.95766e+09 1.857e+09 -1.84703e+07
369619200 1.95314e+09 1.85354e+09 -1.84247e+07
377654400 1.94856e+09 1.85003e+09 -1.83787e+07
385776000 1.94394e+09 1.84647e+09 -1.83323e+07
393984000 1.93926e+09 1.84286e+09 -1.82853e+07
402278400 1.93453e+09 1.8392e+09 -1.82379e+07
410659200 1.92976e+09 1.83549e+09 -1.819e+07
419126400 1.92493e+09 1.83173e+09 -1.81417e+07
427680000 1.92005e+09 1.82793e+09 -1.80929e+07
436320000 1.91512e+09 1.82407e+09 -1.80436e+07
445046400 1.91014e+09 1.82016e+09 -1.79939e+07
453859200 1.9051e+09 1.8162e+09 -1.79436e+07
462758400 1.90001e+09 1.81219e+09 -1.78929e+07
471744000 1.89488e+09 1.80813e+09 -1.78417e+07
480816000 1.88968e+09 1.80401e+09 -1.77901e+07
489974400 1.88444e+09 1.79985e+09 -1.77379e+07
499219200 1.87914e+09 1.79563e+09 -1.76853e+07
508550400 1.87379e+09 1.79136e+09 -1.76321e+07
517968000 1.86838e+09 1.78703e+09 -1.75785e+07
527472000 1.86292e+09 1.78266e+09 -1.75244e+07
537062400 1.85741e+09 1.77823e+09 -1.74698e+07
546739200 1.85184e+09 1.77374e+09 -1.74147e+07
556502400 1.84622e+09 1.7692e+09 -1.73591e+07
566352000 1.84054e+09 1.76461e+09 -1.7303e+07
576288000 1.8348e+09 1.75996e+09 -1.72464e+07
586310400 1.82901e+09 1.75526e+09 -1.71892e+07
596419200 1.82317e+09 1.7505e+09 -1.71316e+07
606614400 1.81726e+09 1.74568e+09 -1.70735e+07
616896000 1.8113e+09 1.74081e+09 -1.70148e+07
627264000 1.80529e+09 1.73588e+09 -1.69556e+07
637718400 1.79921e+09 1.73089e+09 -1.68959e+07
648259200 1.79308e+09 1.72585e+09 -1.68357e+07
658886400 1.78689e+09 1.72075e+09 -1.6775e+07
669600000 1.78064e+09 1.71559e+09 -1.67137e+07
680400000 1.77433e+09 1.71037e+09 -1.66519e+07
691286400 1.76796e+09 1.70509e+09 -1.65895e+07
702259200 1.76153e+09 1.69975e+09 -1.65266e+07
713318400 1.75505e+09 1.69435e+09 -1.64632e+07
724464000 1.7485e+09 1.68889e+09 -1.63992e+07
735696000 1.74189e+09 1.68337e+09 -1.63347e+07
747014400 1.73522e+09 1.67778e+09 -1.62696e+07
758419200 1.72848e+09 1.67214e+09 -1.6204e+07
769910400 1.72169e+09 1.66643e+09 -1.61378e+07
781488000 1.71483e+09 1.66066e+09 -1.60711e+07
793152000 1.70791e+09 1.65482e+09 -1.60038e+07
804902400 1.70092e+09 1.64892e+09 -1.59359e+07
816739200 1.69387e+09 1.64295e+09 -1.58674e+07
828662400 1.68676e+09 1.63692e+09 -1.57984e+07
840672000 1.67958e+09 1.63083e+09 -1.57287e+07
852768000 1.67233e+09 1.62466e+09 -1.56585e+07
864950400 1.66502e+09 1.61843e+09 -1.55877e+07
877219200 1.65764e+09 1.61213e+09 -1.55163e+07
889574400 1.6502e+09 1.60576e+09 -1.54444e+07
902016000 1.64268e+09 1.59933e+09 -1.53718e+07
914544000 1.6351e+09 1.59282e+09 -1.52986e+07
927158400 1.62745e+09 1.58624e+09 -1.52247e+07
939859200 1.61973e+09 1.57959e+09 -1.51503e+07
952646400 1.61193e+09 1.57287e+09 -1.50753e+07
965520000 1.60407e+09 1.56608e+09 -1.49996e+07
978480000 1.59614e+09 1.55921e+09 -1.49233e+07
991526400 1.58813e+09 1.55227e+09 -1.48463e+07
1004659200 1.58005e+09 1.54525e+09 -1.47687e+07
1017878400 1.57189e+09 1.53816e+09 -1.46904e+07
1031184000 1.56367e+09 1.53099e+09 -1.46115e+07
1044576000 1.55536e+09 1.52374e+09 -1.4532e+07
1058054400 1.54698e+09 1.51641e+09 -1.44518e+07
1071619200 1.53853e+09 1.509e+09 -1.43708e+07
1085270400 1.52999e+09 1.50152e+09 -1.42893e+07
1099008000 1.52138e+09 1.49395e+09 -1.4207e+07
1112832000 1.51269e+09 1.4863e+09 -1.4124e+07
1126742400 1.50392e+09 1.47857e+09 -1.40404e+07
1140739200 1.49507e+09 1.47075e+09 -1.3956e+07
1154822400 1.48613e+09 1.46285e+09 -1.38709e+07
1168992000 1.47712e+09 1.45486e+09 -1.37852e+07
1183248000 1.46802e+09 1.44678e+09 -1.36986e+07
1197590400 1.45883e+09 1.43861e+09 -1.36114e+07
1212019200 1.44956e+09 1.43035e+09 -1.35234e+07
1226534400 1.44021e+09 1.42201e+09 -1.34346e+07
1241136000 1.43076e+09 1.41357e+09 -1.33451e+07
1255824000 1.42123e+09 1.40503e+09 -1.32548e+07
1270598400 1.4116e+09 1.3964e+09 -1.31638e+07
1285459200 1.40189e+09 1.38768e+09 -1.30719e+07
1300406400 1.39208e+09 1.37885e+09 -1.29793e+07
1315440000 1.38218e+09 1.36993e+09 -1.28859e+07
1330560000 1.37218e+09 1.36091e+09 -1.27916e+07
1345766400 1.36209e+09 1.35178e+09 -1.26965e+07
1361059200 1.3519e+09 1.34255e+09 -1.26006e+07
1376438400 1.34161e+09 1.33321e+09 -1.25038e+07
1391904000 1.33122e+09 1.32377e+09 -1.24062e+07
1407456000 1.32073e+09 1.31421e+09 -1.23077e+07
1423094400 1.31013e+09 1.30455e+09 -1.22084e+07
1438819200 1.29943e+09 1.29477e+09 -1.21081e+07
1454630400 1.28863e+09 1.28487e+09 -1.20069e+07
1470528000 1.27771e+09 1.27486e+09 -1.19049e+07
1486512000 1.26669e+09 1.26473e+09 -1.18018e+07
1502582400 1.25555e+09 1.25448e+09 -1.16979e+07
1518739200 1.2443e+09 1.2441e+09 -1.1593e+07
1534982400 1.23293e+09 1.2336e+09 -1.14871e+07
1551312000 1.22144e+09 1.22297e+09 -1.13802e+07
1567728000 1.20983e+09 1.2122e+09 -1.12723e+07
1584230400 1.19811e+09 1.20131e+09 -1.11633e+07
1600819200 1.18625e+09 1.19027e+09 -1.10534e+07
1617494400 1.17427e+09 1.1791e+09 -1.09424e+07
1634256000 1.16216e+09 1.16778e+09 -1.08303e+07
1651104000 1.14992e+09 1.15631e+09 -1.07171e+07
1668038400 1.13754e+09 1.1447e+09 -1.06027e+07
1685059200 1.12502e+09 1.13293e+09 -1.04873e+07
1702166400 1.11236e+09 1.121e+09 -1.03707e+07
1719360000 1.09956e+09 1.10892e+09 -1.02529e+07
1736640000 1.08661e+09 1.09666e+09 -1.01338e+07
1754006400 1.07351e+09 1.08424e+09 -1.00136e+07
1771459200 1.06026e+09 1.07165e+09 -9.8921e+06
1788998400 1.04684e+09 1.05887e+09 -9.7693e+06
1806624000 1.03327e+09 1.04592e+09 -9.6452e+06
1824336000 1.01953e+09 1.03277e+09 -9.51974e+06
1842134400 1.00562e+09 1.01943e+09 -9.39291e+06
1860019200 9.91528e+08 1.00588e+09 -9.26466e+06
1877990400 9.77259e+08 9.92133e+08 -9.13497e+06
1896048000 9.62805e+08 9.7817e+08 -9.00379e+06
1914192000 9.4816e+08 9.63986e+08 -8.87109e+06
1932422400 9.33317e+08 9.49573e+08 -8.73683e+06
1950739200 9.18272e+08 9.34924e+08 -8.60096e+06
1969142400 9.03016e+08 9.20029e+08 -8.46343e+06
1987632000 8.87543e+08 9.04881e+08 -8.3242e+06
2006208000 8.71846e+08 8.89467e+08 -8.18322e+06
2024870400 8.55916e+08 8.73779e+08 -8.04043e+06
2043619200 8.39744e+08 8.57804e+08 -7.89576e+06
2062454400 8.23322e+08 8.4153e+08 -7.74916e+06
2081376000 8.06638e+08 8.24943e+08 -7.60056e+06
2100384000 7.89683e+08 8.08028e+08 -7.44989e+06
2119478400 7.72443e+08 7.9077e+08 -7.29706e+06
2138659200 7.54907e+08 7.7315e+08 -7.142e+06
2157926400 7.3706e+08 7.5515e+08 -6.9846e+06
2177280000 7.18887e+08 7.36748e+08 -6.82478e+06
2196720000 7.0037e+08 7.1792e+08 -6.66241e+06
2216246400 6.81491e+08 6.9864e+08 -6.49739e+06
2235859200 6.62229e+08 6.78878e+08 -6.32959e+06
2255558400 6.4256e+08 6.58601e+08 -6.15885e+06
2275344000 6.22459e+08 6.37772e+08 -5.98503e+06
2295216000 6.01895e+08 6.16348e+08 -5.80794e+06
2315174400 5.80836e+08 5.94278e+08 -5.6274e+06
2335219200 5.59241e+08 5.71506e+08 -5.44316e+06
2355350400 5.37068e+08 5.47965e+08 -5.255e+06
2375568000 5.14263e+08 5.23575e+08 -5.06261e+06
2395872000 4.90764e+08 4.98239e+08 -4.86568e+06
2416262400 4.66497e+08 4.71842e+08 -4.66382e+06
2436739200 4.41372e+08 4.44238e+08 -4.45658e+06
2457302400 4.15276e+08 4.15243e+08 -4.24343e+06
2477952000 3.88065e+08 3.84614e+08 -4.02375e+06
2498688000 3.59551e+08 3.52028e+08 -3.79675e+06
2519510400 3.29477e+08 3.17025e+08 -3.56151e+06
2540419200 2.97475e+08 2.78919e+08 -3.31685e+06
2561414400 2.62984e+08 2.36603e+08 -3.06141e+06
2582496000 2.25049e+08 1.88056e+08 -2.7938e+06
2603664000 1.81773e+08 1.28797e+08 -2.51445e+06
2624918400 1.28098e+08 4.41622e+07 -2.24284e+06
2646259200 4.4457e+07 -2.33381e+08 -2.805e+06
2667686400 -1.4082e+07 -3.87246e+08 -2.9256e+06
2689200000 -7.36315e+07 -5.44362e+08 -3.05227e+06
2710800000 -1.33195e+08 -7.01572e+08 -3.17936e+06
2732486400 -1.92654e+08 -8.58516e+08 -3.30628e+06
2754259200 -2.52006e+08 -1.01518e+09 -3.43299e+06
2776118400 -3.11267e+08 -1.1716e+09 -3.55951e+06
2798064000 -3.70451e+08 -1.32781e+09 -3.68586e+06
2820096000 -4.29571e+08 -1.48386e+09 -3.81207e+06
2842214400 -4.88637e+08 -1.63977e+09 -3.93817e+06
2864419200 -5.47658e+08 -1.79555e+09 -4.06417e+06
2886710400 -6.0664e+08 -1.95124e+09 -4.19009e+06
2909088000 -6.65588e+08 -2.10683e+09 -4.31594e+06
2931552000 -7.24507e+08 -2.26235e+09 -4.44173e+06
2954102400 -7.834e+08 -2.41779e+09 -4.56747e+06
2976739200 -8.4227e+08 -2.57318e+09 -4.69315e+06
2999462400 -9.01119e+08 -2.72851e+09 -4.8188e+06
3022272000 -9.5995e+08 -2.8838e+09 -4.94441e+06
3045168000 -1.01876e+09 -3.03904e+09 -5.06998e+06
3068150400 -1.07756e+09 -3.19424e+09 -5.19553e+06
3091219200 -1.13635e+09 -3.34941e+09 -5.32104e+06
3114374400 -1.19512e+09 -3.50454e+09 -5.44654e+06
3137616000 -1.25388e+09 -3.65964e+09 -5.572e+06
3160944000 -1.31264e+09 -3.81472e+09 -5.69745e+06
3184358400 -1.37138e+09 -3.96977e+09 -5.82288e+06
3207859200 -1.43011e+09 -4.12479e+09 -5.94829e+06
3231446400 -1.48883e+09 -4.2798e+09 -6.07368e+06
3255120000 -1.54755e+09 -4.43478e+09 -6.19905e+06
3278880000 -1.60626e+09 -4.58974e+09 -6.32441e+06
3302726400 -1.66496e+09 -4.74469e+09 -6.44976e+06
3326659200 -1.72365e+09 -4.89962e+09 -6.5751e+06
3350678400 -1.78234e+09 -5.05453e+09 -6.70042e+06
3374784000 -1.84103e+09 -5.20943e+09 -6.82573e+06
3398976000 -1.89971e+09 -5.36431e+09 -6.95103e+06
3423254400 -1.95838e+09 -5.51918e+09 -7.07632e+06
3447619200 -2.01705e+09 -5.67404e+09 -7.2016e+06
3472070400 -2.07571e+09 -5.82888e+09 -7.32688e+06
3496608000 -2.13437e+09 -5.98372e+09 -7.45214e+06
3521232000 -2.19303e+09 -6.13854e+09 -7.5774e+06
3545942400 -2.25168e+09 -6.29336e+09 -7.70264e+06
3570739200 -2.31033e+09 -6.44816e+09 -7.82788e+06
3595622400 -2.36897e+09 -6.60295e+09 -7.95312e+06
3620592000 -2.42761e+09 -6.75774e+09 -8.07834e+06
3645648000 -2.48625e+09 -6.91252e+09 -8.20356e+06
3670790400 -2.54488e+09 -7.06728e+09 -8.32878e+06
3696019200 -2.60351e+09 -7.22205e+09 -8.45399e+06
3721334400 -2.66214e+09 -7.3768e+09 -8.57919e+06
3746736000 -2.72077e+09 -7.53155e+09 -8.70439e+06
3772224000 -2.77939e+09 -7.68629e+09 -8.82958e+06
3797798400 -2.83801e+09 -7.84102e+09 -8.95477e+06
3823459200 -2.89663e+09 -7.99574e+09 -9.07995e+06
3849206400 -2.95525e+09 -8.15047e+09 -9.20513e+06
3875040000 -3.01386e+09 -8.30518e+09 -9.3303e+06
3900960000 -3.07247e+09 -8.45989e+09 -9.45547e+06
3926966400 -3.13108e+09 -8.61459e+09 -9.58064e+06
3953059200 -3.18969e+09 -8.76929e+09 -9.7058e+06
3979238400 -3.2483e+09 -8.92398e+09 -9.83095e+06
4005504000 -3.3069e+09 -9.07867e+09 -9.95611e+06
4031856000 -3.3655e+09 -9.23336e+09 -1.00813e+07
4058294400 -3.4241e+09 -9.38803e+09 -1.02064e+07
4084819200 -3.4827e+09 -9.54271e+09 -1.03315e+07
4111430400 -3.5413e+09 -9.69738e+09 -1.04567e+07
4138128000 -3.59989e+09 -9.85204e+09 -1.05818e+07
4164912000 -3.65849e+09 -1.00067e+10 -1.0707e+07
4191782400 -3.71708e+09 -1.01614e+10 -1.08321e+07
4218739200 -3.77567e+09 -1.0316e+10 -1.09572e+07
4245782400 -3.83426e+09 -1.04707e+10 -1.10823e+07
4272912000 -3.89285e+09 -1.06253e+10 -1.12075e+07
4300128000 -3.95143e+09 -1.078e+10 -1.13326e+07
4327430400 -4.01002e+09 -1.09346e+10 -1.14577e+07
4354819200 -4.0686e+09 -1.10892e+10 -1.15828e+07
4382294400 -4.12718e+09 -1.12439e+10 -1.17079e+07
4409856000 -4.18577e+09 -1.13985e+10 -1.1833e+07
4437504000 -4.24435e+09 -1.15531e+10 -1.19582e+07
4465238400 -4.30293e+09 -1.17078e+10 -1.20833e+07
4493059200 -4.3615e+09 -1.18624e+10 -1.22084e+07
4520966400 -4.42008e+09 -1.2017e+10 -1.23335e+07
4548960000 -4.47866e+09 -1.21716e+10 -1.24586e+07
4577040000 -4.53723e+09 -1.23262e+10 -1.25837e+07
4605206400 -4.59581e+09 -1.24808e+10 -1.27088e+07
4633459200 -4.65438e+09 -1.26354e+10 -1.28339e+07
4661798400 -4.71295e+09 -1.279e+10 -1.29589e+07
4690224000 -4.77152e+09 -1.29446e+10 -1.3084e+07
4718736000 -4.83009e+09 -1.30992e+10 -1.32091e+07
4747334400 -4.88866e+09 -1.32538e+10 -1.33342e+07
4776019200 -4.94723e+09 -1.34084e+10 -1.34593e+07
4804790400 -5.0058e+09 -1.3563e+10 -1.35844e+07
4833648000 -5.06437e+09 -1.37176e+10 -1.37095e+07
4862592000 -5.12293e+09 -1.38722e+10 -1.38345e+07
4891622400 -5.1815e+09 -1.40268e+10 -1.39596e+07
4920739200 -5.24006e+09 -1.41814e+10 -1.40847e+07
4949942400 -5.29863e+09 -1.4336e+10 -1.42098e+07
4979232000 -5.35719e+09 -1.44906e+10 -1.43349e+07
5008608000 -5.41575e+09 -1.46451e+10 -1.44599e+07
5038070400 -5.47431e+09 -1.47997e+10 -1.4585e+07
5067619200 -5.53287e+09 -1.49543e+10 -1.47101e+07
5097254400 -5.59144e+09 -1.51089e+10 -1.48351e+07
5126976000 -5.64999e+09 -1.52634e+10 -1.49602e+07
5156784000 -5.70855e+09 -1.5418e+10 -1.50853e+07
5186678400 -5.76711e+09 -1.55726e+10 -1.52103e+07
5216659200 -5.82567e+09 -1.57272e+10 -1.53354e+07
5246726400 -5.88423e+09 -1.58817e+10 -1.54605e+07
5276880000 -5.94278e+09 -1.60363e+10 -1.55855e+07
5307120000 -6.00134e+09 -1.61908e+10 -1.57106e+07
5337446400 -6.05989e+09 -1.63454e+10 -1.58357e+07
5367859200 -6.11845e+09 -1.65e+10 -1.59607e+07
5398358400 -6.177e+09 -1.66545e+10 -1.60858e+07
5428944000 -6.23556e+09 -1.68091e+10 -1.62108e+07
5459616000 -6.29411e+09 -1.69636e+10 -1.63359e+07
5490374400 -6.35266e+09 -1.71182e+10 -1.64609e+07
5521219200 -6.41122e+09 -1.72727e+10 -1.6586e+07
5552150400 -6.46977e+09 -1.74273e+10 -1.6711e+07
5583168000 -6.52832e+09 -1.75818e+10 -1.68361e+07
5614272000 -6.58687e+09 -1.77364e+10 -1.69611e+07
5645462400 -6.64542e+09 -1.78909e+10 -1.70862e+07
5676739200 -6.70397e+09 -1.80455e+10 -1.72112e+07
5708102400 -6.76252e+09 -1.82e+10 -1.73363e+07
5739552000 -6.82107e+09 -1.83546e+10 -1.74613e+07
5771088000 -6.87961e+09 -1.85091e+10 -1.75864e+07
5802710400 -6.93816e+09 -1.86637e+10 -1.77114e+07
5834419200 -6.99671e+09 -1.88182e+10 -1.78365e+07
5866214400 -7.05526e+09 -1.89727e+10 -1.79615e+07
5898096000 -7.1138e+09 -1.91273e+10 -1.80866e+07
5930064000 -7.17235e+09 -1.92818e+10 -1.82116e+07
5962118400 -7.23089e+09 -1.94364e+10 -1.83366e+07
5994259200 -7.28944e+09 -1.95909e+10 -1.84617e+07
6026486400 -7.34798e+09 -1.97454e+10 -1.85867e+07
6058800000 -7.40653e+09 -1.99e+10 -1.87118e+07
6091200000 -7.46507e+09 -2.00545e+10 -1.88368e+07
6123686400 -7.52362e+09 -2.0209e+10 -1.89618e+07
6156259200 -7.58216e+09 -2.03636e+10 -1.90869e+07
6188918400 -7.6407e+09 -2.05181e+10 -1.92119e+07
6221664000 -7.69925e+09 -2.06726e+10 -1.93369e+07
6254496000 -7.75779e+09 -2.08271e+10 -1.9462e+07
6287414400 -7.81633e+09 -2.09817e+10 -1.9587e+07
6320419200 -7.87487e+09 -2.11362e+10 -1.9712e+07
6353510400 -7.93341e+09 -2.12907e+10 -1.98371e+07
6386688000 -7.99195e+09 -2.14452e+10 -1.99621e+07
6419952000 -8.05049e+09 -2.15998e+10 -2.00871e+07
6453302400 -8.10903e+09 -2.17543e+10 -2.02122e+07
6486739200 -8.16757e+09 -2.19088e+10 -2.03372e+07
6520262400 -8.22611e+09 -2.20633e+10 -2.04622e+07
6553872000 -8.28465e+09 -2.22178e+10 -2.05873e+07
6587568000 -8.34319e+09 -2.23724e+10 -2.07123e+07
6621350400 -8.40173e+09 -2.25269e+10 -2.08373e+07
6655219200 -8.46027e+09 -2.26814e+10 -2.09623e+07
6689174400 -8.51881e+09 -2.28359e+10 -2.10874e+07
6723216000 -8.57735e+09 -2.29904e+10 -2.12124e+07
6757344000 -8.63588e+09 -2.31449e+10 -2.13374e+07
6791558400 -8.69442e+09 -2.32995e+10 -2.14624e+07
6825859200 -8.75296e+09 -2.3454e+10 -2.15875e+07
6860246400 -8.81149e+09 -2.36085e+10 -2.17125e+07
6894720000 -8.87003e+09 -2.3763e+10 -2.18375e+07
6929280000 -8.92857e+09 -2.39175e+10 -2.19625e+07
6963926400 -8.9871e+09 -2.4072e+10 -2.20876e+07
6998659200 -9.04564e+09 -2.42265e+10 -2.22126e+07
7033478400 -9.10417e+09 -2.4381e+10 -2.23376e+07
7068384000 -9.16271e+09 -2.45355e+10 -2.24626e+07
7103376000 -9.22124e+09 -2.46901e+10 -2.25876e+07
7138454400 -9.27978e+09 -2.48446e+10 -2.27127e+07
7173619200 -9.33831e+09 -2.49991e+10 -2.28377e+07
7208870400 -9.39685e+09 -2.51536e+10 -2.29627e+07
7244208000 -9.45538e+09 -2.53081e+10 -2.30877e+07
7279632000 -9.51391e+09 -2.54626e+10 -2.32127e+07
7315142400 -9.57245e+09 -2.56171e+10 -2.33377e+07
7350739200 -9.63098e+09 -2.57716e+10 -2.34628e+07
7386422400 -9.68951e+09 -2.59261e+10 -2.35878e+07
7422192000 -9.74804e+09 -2.60806e+10 -2.37128e+07
7458048000 -9.80658e+09 -2.62351e+10 -2.38378e+07
7493990400 -9.86511e+09 -2.63896e+10 -2.39628e+07
7530019200 -9.92364e+09 -2.65441e+10 -2.40878e+07
7566134400 -9.98217e+09 -2.66986e+10 -2.42129e+07
7602336000 -1.00407e+10 -2.68531e+10 -2.43379e+07
7638624000 -1.00992e+10 -2.70076e+10 -2.44629e+07
7674998400 -1.01578e+10 -2.71621e+10 -2.45879e+07
7711459200 -1.02163e+10 -2.73166e+10 -2.47129e+07
7748006400 -1.02748e+10 -2.74711e+10 -2.48379e+07
7784640000 -1.03334e+10 -2.76256e+10 -2.49629e+07
7821360000 -1.03919e+10 -2.77801e+10 -2.50879e+07
7858166400 -1.04504e+10 -2.79346e+10 -2.5213e+07
7895059200 -1.05089e+10 -2.80891e+10 -2.5338e+07
7932038400 -1.05675e+10 -2.82436e+10 -2.5463e+07
7969104000 -1.0626e+10 -2.83981e+10 -2.5588e+07
8006256000 -1.06845e+10 -2.85526e+10 -2.5713e+07
8043494400 -1.07431e+10 -2.87071e+10 -2.5838e+07
8080819200 -1.08016e+10 -2.88615e+10 -2.5963e+07
8118230400 -1.08601e+10 -2.9016e+10 -2.6088e+07
8155728000 -1.09187e+10 -2.91705e+10 -2.6213e+07
8193312000 -1.09772e+10 -2.9325e+10 -2.6338e+07
8230982400 -1.10357e+10 -2.94795e+10 -2.6463e+07
8268739200 -1.10942e+10 -2.9634e+10 -2.6588e+07
8306582400 -1.11528e+10 -2.97885e+10 -2.67131e+07
8344512000 -1.12113e+10 -2.9943e+10 -2.68381e+07
8382528000 -1.12698e+10 -3.00975e+10 -2.69631e+07
8420630400 -1.13283e+10 -3.0252e+10 -2.70881e+07
8458819200 -1.13869e+10 -3.04064e+10 -2.72131e+07
8497094400 -1.14454e+10 -3.05609e+10 -2.73381e+07
8535456000 -1.15039e+10 -3.07154e+10 -2.74631e+07
8573904000 -1.15625e+10 -3.08699e+10 -2.75881e+07
8612438400 -1.1621e+10 -3.10244e+10 -2.77131e+07
8651059200 -1.16795e+10 -3.11789e+10 -2.78381e+07
8689766400 -1.1738e+10 -3.13334e+10 -2.79631e+07
8728560000 -1.17966e+10 -3.14878e+10 -2.80881e+07
8767440000 -1.18551e+10 -3.16423e+10 -2.82131e+07
8806406400 -1.19136e+10 -3.17968e+10 -2.83381e+07
8845459200 -1.19721e+10 -3.19513e+10 -2.84631e+07
8884598400 -1.20307e+10 -3.21058e+10 -2.85881e+07
8923824000 -1.20892e+10 -3.22603e+10 -2.87131e+07
8963136000 -1.21477e+10 -3.24147e+10 -2.88381e+07
9002534400 -1.22062e+10 -3.25692e+10 -2.89631e+07
9042019200 -1.22648e+10 -3.27237e+10 -2.90881e+07
9081590400 -1.23233e+10 -3.28782e+10 -2.92131e+07
9121248000 -1.23818e+10 -3.30327e+10 -2.93381e+07
9160992000 -1.24403e+10 -3.31872e+10 -2.94631e+07
9200822400 -1.24989e+10 -3.33416e+10 -2.95881e+07
9240739200 -1.25574e+10 -3.34961e+10 -2.97131e+07
9280742400 -1.26159e+10 -3.36506e+10 -2.98381e+07
9320832000 -1.26744e+10 -3.38051e+10 -2.99631e+07
9361008000 -1.2733e+10 -3.39596e+10 -3.00881e+07
9401270400 -1.27915e+10 -3.4114e+10 -3.02131e+07
9441619200 -1.285e+10 -3.42685e+10 -3.03381e+07
9482054400 -1.29085e+10 -3.4423e+10 -3.04631e+07
9522576000 -1.29671e+10 -3.45775e+10 -3.05881e+07
9563184000 -1.30256e+10 -3.47319e+10 -3.07131e+07
9603878400 -1.30841e+10 -3.48864e+10 -3.08381e+07
9644659200 -1.31426e+10 -3.50409e+10 -3.09631e+07
9685526400 -1.32011e+10 -3.51954e+10 -3.10881e+07
9726480000 -1.32597e+10 -3.53499e+10 -3.12131e+07
9767520000 -1.33182e+10 -3.55043e+10 -3.13381e+07
9808646400 -1.33767e+10 -3.56588e+10 -3.14631e+07
9849859200 -1.34352e+10 -3.58133e+10 -3.15881e+07
9891158400 -1.34938e+10 -3.59678e+10 -3.17131e+07
9932544000 -1.35523e+10 -3.61222e+10 -3.18381e+07
9974016000 -1.36108e+10 -3.62767e+10 -3.19631e+07
10015574400 -1.36693e+10 -3.64312e+10 -3.20881e+07
10057219200 -1.37278e+10 -3.65856e+10 -3.22131e+07
10098950400 -1.37864e+10 -3.67401e+10 -3.23381e+07
10140768000 -1.38449e+10 -3.68946e+10 -3.24631e+07
10182672000 -1.39034e+10 -3.70491e+10 -3.2588e+07
10224662400 -1.39619e+10 -3.72035e+10 -3.2713e+07
10266739200 -1.40205e+10 -3.7358e+10 -3.2838e+07
10308902400 -1.4079e+10 -3.75125e+10 -3.2963e+07
10351152000 -1.41375e+10 -3.7667e+10 -3.3088e+07
10393488000 -1.4196e+10 -3.78214e+10 -3.3213e+07
10435910400 -1.42545e+10 -3.79759e+10 -3.3338e+07
10478419200 -1.43131e+10 -3.81304e+10 -3.3463e+07
10521014400 -1.43716e+10 -3.82848e+10 -3.3588e+07
10563696000 -1.44301e+10 -3.84393e+10 -3.3713e+07
10606464000 -1.44886e+10 -3.85938e+10 -3.3838e+07
10649318400 -1.45471e+10 -3.87482e+10 -3.3963e+07
10692259200 -1.46057e+10 -3.89027e+10 -3.4088e+07
10735286400 -1.46642e+10 -3.90572e+10 -3.42129e+07
10778400000 -1.47227e+10 -3.92117e+10 -3.43379e+07
10821600000 -1.47812e+10 -3.93661e+10 -3.44629e+07
10864886400 -1.48397e+10 -3.95206e+10 -3.45879e+07
10908259200 -1.48983e+10 -3.96751e+10 -3.47129e+07
10951718400 -1.49568e+10 -3.98295e+10 -3.48379e+07
10995264000 -1.50153e+10 -3.9984e+10 -3.49629e+07
11038896000 -1.50738e+10 -4.01385e+10 -3.50879e+07
11082614400 -1.51323e+10 -4.02929e+10 -3.52129e+07
11126419200 -1.51909e+10 -4.04474e+10 -3.53379e+07
11170310400 -1.52494e+10 -4.06019e+10 -3.54629e+07
11214288000 -1.53079e+10 -4.07563e+10 -3.55878e+07
11258352000 -1.53664e+10 -4.09108e+10 -3.57128e+07
11302502400 -1.54249e+10 -4.10653e+10 -3.58378e+07
11346739200 -1.54834e+10 -4.12197e+10 -3.59628e+07
11391062400 -1.5542e+10 -4.13742e+10 -3.60878e+07
11435472000 -1.56005e+10 -4.15287e+10 -3.62128e+07
11479968000 -1.5659e+10 -4.16831e+10 -3.63378e+07
11524550400 -1.57175e+10 -4.18376e+10 -3.64628e+07
11569219200 -1.5776e+10 -4.19921e+10 -3.65878e+07
11613974400 -1.58346e+10 -4.21465e+10 -3.67127e+07
11658816000 -1.58931e+10 -4.2301e+10 -3.68377e+07
11703744000 -1.59516e+10 -4.24554e+10 -3.69627e+07
11748758400 -1.60101e+10 -4.26099e+10 -3.70877e+07
11793859200 -1.60686e+10 -4.27644e+10 -3.72127e+07
11839046400 -1.61271e+10 -4.29188e+10 -3.73377e+07
11884320000 -1.61857e+10 -4.30733e+10 -3.74627e+07
11929680000 -1.62442e+10 -4.32278e+10 -3.75876e+07
11975126400 -1.63027e+10 -4.33822e+10 -3.77126e+07
12020659200 -1.63612e+10 -4.35367e+10 -3.78376e+07
12066278400 -1.64197e+10 -4.36911e+10 -3.79626e+07
12111984000 -1.64782e+10 -4.38456e+10 -3.80876e+07
12157776000 -1.65368e+10 -4.40001e+10 -3.82126e+07
12203654400 -1.65953e+10 -4.41545e+10 -3.83376e+07
12249619200 -1.66538e+10 -4.4309e+10 -3.84626e+07
12295670400 -1.67123e+10 -4.44635e+10 -3.85875e+07
12341808000 -1.67708e+10 -4.46179e+10 -3.87125e+07
12388032000 -1.68293e+10 -4.47724e+10 -3.88375e+07
12434342400 -1.68879e+10 -4.49268e+10 -3.89625e+07
12480739200 -1.69464e+10 -4.50813e+10 -3.90875e+07
12527222400 -1.70049e+10 -4.52358e+10 -3.92125e+07
12573792000 -1.70634e+10 -4.53902e+10 -3.93374e+07
12620448000 -1.71219e+10 -4.55447e+10 -3.94624e+07
12667190400 -1.71804e+10 -4.56991e+10 -3.95874e+07
12714019200 -1.7239e+10 -4.58536e+10 -3.97124e+07
12760934400 -1.72975e+10 -4.6008e+10 -3.98374e+07
12807936000 -1.7356e+10 -4.61625e+10 -3.99624e+07
12855024000 -1.74145e+10 -4.6317e+10 -4.00874e+07
12902198400 -1.7473e+10 -4.64714e+10 -4.02123e+07
12949459200 -1.75315e+10 -4.66259e+10 -4.03373e+07
12996806400 -1.75901e+10 -4.67803e+10 -4.04623e+07
13044240000 -1.76486e+10 -4.69348e+10 -4.05873e+07
13091760000 -1.77071e+10 -4.70893e+10 -4.07123e+07
13139366400 -1.77656e+10 -4.72437e+10 -4.08373e+07
13187059200 -1.78241e+10 -4.73982e+10 -4.09622e+07
13234838400 -1.78826e+10 -4.75526e+10 -4.10872e+07
13282704000 -1.79412e+10 -4.77071e+10 -4.12122e+07
13330656000 -1.79997e+10 -4.78615e+10 -4.13372e+07
13378694400 -1.80582e+10 -4.8016e+10 -4.14622e+07
13426819200 -1.81167e+10 -4.81705e+10 -4.15871e+07
13475030400 -1.81752e+10 -4.83249e+10 -4.17121e+07
13523328000 -1.82337e+10 -4.84794e+10 -4.18371e+07
13571712000 -1.82922e+10 -4.86338e+10 -4.19621e+07
13620182400 -1.83508e+10 -4.87883e+10 -4.20871e+07
13668739200 -1.84093e+10 -4.89427e+10 -4.22121e+07
13717382400 -1.84678e+10 -4.90972e+10 -4.2337e+07
13766112000 -1.85263e+10 -4.92516e+10 -4.2462e+07
13814928000 -1.85848e+10 -4.94061e+10 -4.2587e+07
13863830400 -1.86433e+10 -4.95606e+10 -4.2712e+07
13912819200 -1.87018e+10 -4.9715e+10 -4.2837e+07
13961894400 -1.87604e+10 -4.98695e+10 -4.29619e+07
14011056000 -1.88189e+10 -5.00239e+10 -4.30869e+07
14060304000 -1.88774e+10 -5.01784e+10 -4.32119e+07
14109638400 -1.89359e+10 -5.03328e+10 -4.33369e+07
14159059200 -1.89944e+10 -5.04873e+10 -4.34619e+07
14208566400 -1.90529e+10 -5.06417e+10 -4.35868e+07
14258160000 -1.91114e+10 -5.07962e+10 -4.37118e+07
14307840000 -1.917e+10 -5.09506e+10 -4.38368e+07
14357606400 -1.92285e+10 -5.11051e+10 -4.39618e+07
14407459200 -1.9287e+10 -5.12595e+10 -4.40868e+07
14457398400 -1.93455e+10 -5.1414e+10 -4.42117e+07
14507424000 -1.9404e+10 -5.15685e+10 -4.43367e+07
14557536000 -1.94625e+10 -5.17229e+10 -4.44617e+07
14607734400 -1.9521e+10 -5.18774e+10 -4.45867e+07
14658019200 -1.95796e+10 -5.20318e+10 -4.47117e+07
14708390400 -1.96381e+10 -5.21863e+10 -4.48366e+07
14758848000 -1.96966e+10 -5.23407e+10 -4.49616e+07
14809392000 -1.97551e+10 -5.24952e+10 -4.50866e+07
14860022400 -1.98136e+10 -5.26496e+10 -4.52116e+07
14910739200 -1.98721e+10 -5.28041e+10 -4.53366e+07
14961542400 -1.99306e+10 -5.29585e+10 -4.54615e+07
15012432000 -1.99891e+10 -5.3113e+10 -4.55865e+07
15063408000 -2.00477e+10 -5.32674e+10 -4.57115e+07
15114470400 -2.01062e+10 -5.34219e+10 -4.58365e+07
15165619200 -2.01647e+10 -5.35763e+10 -4.59614e+07
15216854400 -2.02232e+10 -5.37308e+10 -4.60864e+07
15268176000 -2.02817e+10 -5.38852e+10 -4.62114e+07
15319584000 -2.03402e+10 -5.40397e+10 -4.63364e+07
15371078400 -2.03987e+10 -5.41941e+10 -4.64614e+07
15422659200 -2.04573e+10 -5.43486e+10 -4.65863e+07
15474326400 -2.05158e+10 -5.4503e+10 -4.67113e+07
15526080000 -2.05743e+10 -5.46575e+10 -4.68363e+07
15577920000 -2.06328e+10 -5.48119e+10 -4.69613e+07
15629846400 -2.06913e+10 -5.49664e+10 -4.70862e+07
15681859200 -2.07498e+10 -5.51208e+10 -4.72112e+07
15733958400 -2.08083e+10 -5.52753e+10 -4.73362e+07
15786144000 -2.08668e+10 -5.54297e+10 -4.74612e+07
15838416000 -2.09254e+10 -5.55842e+10 -4.75861e+07
15890774400 -2.09839e+10 -5.57386e+10 -4.77111e+07
15943219200 -2.10424e+10 -5.58931e+10 -4.78361e+07
15995750400 -2.11009e+10 -5.60475e+10 -4.79611e+07
16048368000 -2.11594e+10 -5.6202e+10 -4.80861e+07
16101072000 -2.12179e+10 -5.63564e+10 -4.8211e+07
16153862400 -2.12764e+10 -5.65109e+10 -4.8336e+07
16206739200 -2.13349e+10 -5.66653e+10 -4.8461e+07
16259702400 -2.13934e+10 -5.68198e+10 -4.8586e+07
16312752000 -2.1452e+10 -5.69742e+10 -4.87109e+07
16365888000 -2.15105e+10 -5.71287e+10 -4.88359e+07
16419110400 -2.1569e+10 -5.72831e+10 -4.89609e+07
16472419200 -2.16275e+10 -5.74376e+10 -4.90859e+07
16525814400 -2.1686e+10 -5.7592e+10 -4.92108e+07
16579296000 -2.17445e+10 -5.77464e+10 -4.93358e+07
16632864000 -2.1803e+10 -5.79009e+10 -4.94608e+07
16686518400 -2.18615e+10 -5.80553e+10 -4.95858e+07
16740259200 -2.19201e+10 -5.82098e+10 -4.97107e+07
16794086400 -2.19786e+10 -5.83642e+10 -4.98357e+07
16848000000 -2.20371e+10 -5.85187e+10 -4.99607e+07
16902000000 -2.20956e+10 -5.86731e+10 -5.00857e+07
16956086400 -2.21541e+10 -5.88276e+10 -5.02106e+07
17010259200 -2.22126e+10 -5.8982e+10 -5.03356e+07
17064518400 -2.22711e+10 -5.91365e+10 -5.04606e+07
17118864000 -2.23296e+10 -5.92909e+10 -5.05856e+07
17173296000 -2.23881e+10 -5.94454e+10 -5.07105e+07
17227814400 -2.24467e+10 -5.95998e+10 -5.08355e+07
17282419200 -2.25052e+10 -5.97543e+10 -5.09605e+07
17337110400 -2.25637e+10 -5.99087e+10 -5.10855e+07
17391888000 -2.26222e+10 -6.00631e+10 -5.12104e+07
17446752000 -2.26807e+10 -6.02176e+10 -5.13354e+07
17501702400 -2.27392e+10 -6.0372e+10 -5.14604e+07
17556739200 -2.27977e+10 -6.05265e+10 -5.15854e+07
17611862400 -2.28562e+10 -6.06809e+10 -5.17103e+07
17667072000 -2.29147e+10 -6.08354e+10 -5.18353e+07
17722368000 -2.29733e+10 -6.09898e+10 -5.19603e+07
17777750400 -2.30318e+10 -6.11443e+10 -5.20853e+07
17833219200 -2.30903e+10 -6.12987e+10 -5.22102e+07
17888774400 -2.31488e+10 -6.14532e+10 -5.23352e+07
17944416000 -2.32073e+10 -6.16076e+10 -5.24602e+07
18000144000 -2.32658e+10 -6.1762e+10 -5.25851e+07
18055958400 -2.33243e+10 -6.19165e+10 -5.27101e+07
18111859200 -2.33828e+10 -6.20709e+10 -5.28351e+07
18167846400 -2.34413e+10 -6.22254e+10 -5.29601e+07
18223920000 -2.34998e+10 -6.23798e+10 -5.3085e+07
18280080000 -2.35584e+10 -6.25343e+10 -5.321e+07
18336326400 -2.36169e+10 -6.26887e+10 -5.3335e+07
18392659200 -2.36754e+10 -6.28431e+10 -5.346e+07
18449078400 -2.37339e+10 -6.29976e+10 -5.35849e+07
18505584000 -2.37924e+10 -6.3152e+10 -5.37099e+07
18562176000 -2.38509e+10 -6.33065e+10 -5.38349e+07
18618854400 -2.39094e+10 -6.34609e+10 -5.39598e+07
18675619200 -2.39679e+10 -6.36154e+10 -5.40848e+07
18732470400 -2.40264e+10 -6.37698e+10 -5.42098e+07
18789408000 -2.4085e+10 -6.39243e+10 -5.43348e+07
18846432000 -2.41435e+10 -6.40787e+10 -5.44597e+07
18903542400 -2.4202e+10 -6.42331e+10 -5.45847e+07
18960739200 -2.42605e+10 -6.43876e+10 -5.47097e+07
19018022400 -2.4319e+10 -6.4542e+10 -5.48347e+07
19075392000 -2.43775e+10 -6.46965e+10 -5.49596e+07
19132848000 -2.4436e+10 -6.48509e+10 -5.50846e+07
19190390400 -2.44945e+10 -6.50054e+10 -5.52096e+07
19248019200 -2.4553e+10 -6.51598e+10 -5.53345e+07
19305734400 -2.46115e+10 -6.53142e+10 -5.54595e+07
19363536000 -2.467e+10 -6.54687e+10 -5.55845e+07
19421424000 -2.47286e+10 -6.56231e+10 -5.57095e+07
19479398400 -2.47871e+10 -6.57776e+10 -5.58344e+07
19537459200 -2.48456e+10 -6.5932e+10 -5.59594e+07
19595606400 -2.49041e+10 -6.60864e+10 -5.60844e+07
19653840000 -2.49626e+10 -6.62409e+10 -5.62093e+07
19712160000 -2.50211e+10 -6.63953e+10 -5.63343e+07
19770566400 -2.50796e+10 -6.65498e+10 -5.64593e+07
19829059200 -2.51381e+10 -6.67042e+10 -5.65843e+07
19887638400 -2.51966e+10 -6.68587e+10 -5.67092e+07
19946304000 -2.52551e+10 -6.70131e+10 -5.68342e+07
20005056000 -2.53137e+10 -6.71675e+10 -5.69592e+07
20063894400 -2.53722e+10 -6.7322e+10 -5.70841e+07
20122819200 -2.54307e+10 -6.74764e+10 -5.72091e+07
20181830400 -2.54892e+10 -6.76309e+10 -5.73341e+07
20240928000 -2.55477e+10 -6.77853e+10 -5.74591e+07
20300112000 -2.56062e+10 -6.79397e+10 -5.7584e+07
20359382400 -2.56647e+10 -6.80942e+10 -5.7709e+07
20418739200 -2.57232e+10 -6.82486e+10 -5.7834e+07
20478182400 -2.57817e+10 -6.84031e+10 -5.79589e+07
20537712000 -2.58402e+10 -6.85575e+10 -5.80839e+07
20597328000 -2.58987e+10 -6.87119e+10 -5.82089e+07
20657030400 -2.59573e+10 -6.88664e+10 -5.83338e+07
20716819200 -2.60158e+10 -6.90208e+10 -5.84588e+07
20776694400 -2.60743e+10 -6.91753e+10 -5.85838e+07
20836656000 -2.61328e+10 -6.93297e+10 -5.87088e+07
20896704000 -2.61913e+10 -6.94841e+10 -5.88337e+07
20956838400 -2.62498e+10 -6.96386e+10 -5.89587e+07
21017059200 -2.63083e+10 -6.9793e+10 -5.90837e+07
21077366400 -2.63668e+10 -6.99475e+10 -5.92086e+07
21137760000 -2.64253e+10 -7.01019e+10 -5.93336e+07
21198240000 -2.64838e+10 -7.02563e+10 -5.94586e+07
21258806400 -2.65423e+10 -7.04108e+10 -5.95835e+07
21319459200 -2.66008e+10 -7.05652e+10 -5.97085e+07
21380198400 -2.66594e+10 -7.07197e+10 -5.98335e+07
21441024000 -2.67179e+10 -7.08741e+10 -5.99584e+07
21501936000 -2.67764e+10 -7.10285e+10 -6.00834e+07
21562934400 -2.68349e+10 -7.1183e+10 -6.02084e+07
21624019200 -2.68934e+10 -7.13374e+10 -6.03334e+07
21685190400 -2.69519e+10 -7.14918e+10 -6.04583e+07
21746448000 -2.70104e+10 -7.16463e+10 -6.05833e+07
21807792000 -2.70689e+10 -7.18007e+10 -6.07083e+07
21869222400 -2.71274e+10 -7.19552e+10 -6.08332e+07
21930739200 -2.71859e+10 -7.21096e+10 -6.09582e+07
21992342400 -2.72444e+10 -7.2264e+10 -6.10832e+07
22054032000 -2.73029e+10 -7.24185e+10 -6.12081e+07
22115808000 -2.73615e+10 -7.25729e+10 -6.13331e+07
22177670400 -2.742e+10 -7.27274e+10 -6.14581e+07
22239619200 -2.74785e+10 -7.28818e+10 -6.1583e+07
22301654400 -2.7537e+10 -7.30362e+10 -6.1708e+07
22363776000 -2.75955e+10 -7.31907e+10 -6.1833e+07
22425984000 -2.7654e+10 -7.33451e+10 -6.1958e+07
22488278400 -2.77125e+10 -7.34995e+10 -6.20829e+07
22550659200 -2.7771e+10 -7.3654e+10 -6.22079e+07
22613126400 -2.78295e+10 -7.38084e+10 -6.23329e+07
22675680000 -2.7888e+10 -7.39629e+10 -6.24578e+07
22738320000 -2.79465e+10 -7.41173e+10 -6.25828e+07
22801046400 -2.8005e+10 -7.42717e+10 -6.27078e+07
22863859200 -2.80635e+10 -7.44262e+10 -6.28327e+07
22926758400 -2.81221e+10 -7.45806e+10 -6.29577e+07
22989744000 -2.81806e+10 -7.4735e+10 -6.30827e+07
23052816000 -2.82391e+10 -7.48895e+10 -6.32076e+07
23115974400 -2.82976e+10 -7.50439e+10 -6.33326e+07
23179219200 -2.83561e+10 -7.51984e+10 -6.34576e+07
23242550400 -2.84146e+10 -7.53528e+10 -6.35825e+07
23305968000 -2.84731e+10 -7.55072e+10 -6.37075e+07
23369472000 -2.85316e+10 -7.56617e+10 -6.38325e+07
23433062400 -2.85901e+10 -7.58161e+10 -6.39574e+07
23496739200 -2.86486e+10 -7.59705e+10 -6.40824e+07
23560502400 -2.87071e+10 -7.6125e+10 -6.42074e+07
23624352000 -2.87656e+10 -7.62794e+10 -6.43323e+07
23688288000 -2.88241e+10 -7.64338e+10 -6.44573e+07
23752310400 -2.88827e+10 -7.65883e+10 -6.45823e+07
23816419200 -2.89412e+10 -7.67427e+10 -6.47072e+07
23880614400 -2.89997e+10 -7.68972e+10 -6.48322e+07
23944896000 -2.90582e+10 -7.70516e+10 -6.49572e+07
24009264000 -2.91167e+10 -7.7206e+10 -6.50821e+07
24073718400 -2.91752e+10 -7.73605e+10 -6.52071e+07
24138259200 -2.92337e+10 -7.75149e+10 -6.53321e+07
24202886400 -2.92922e+10 -7.76693e+10 -6.5457e+07
24267600000 -2.93507e+10 -7.78238e+10 -6.5582e+07
24332400000 -2.94092e+10 -7.79782e+10 -6.5707e+07
24397286400 -2.94677e+10 -7.81326e+10 -6.58319e+07
24462259200 -2.95262e+10 -7.82871e+10 -6.59569e+07
24527318400 -2.95847e+10 -7.84415e+10 -6.60819e+07
24592464000 -2.96433e+10 -7.85959e+10 -6.62068e+07
24657696000 -2.97018e+10 -7.87504e+10 -6.63318e+07
24723014400 -2.97603e+10 -7.89048e+10 -6.64568e+07
24788419200 -2.98188e+10 -7.90593e+10 -6.65817e+07
24853910400 -2.98773e+10 -7.92137e+10 -6.67067e+07
24919488000 -2.99358e+10 -7.93681e+10 -6.68317e+07
24985152000 -2.99943e+10 -7.95226e+10 -6.69566e+07
25050902400 -3.00528e+10 -7.9677e+10 -6.70816e+07
25116739200 -3.01113e+10 -7.98314e+10 -6.72066e+07
25182662400 -3.01698e+10 -7.99859e+10 -6.73315e+07
25248672000 -3.02283e+10 -8.01403e+10 -6.74565e+07
25314768000 -3.02868e+10 -8.02947e+10 -6.75815e+07
25380950400 -3.03453e+10 -8.04492e+10 -6.77064e+07
25447219200 -3.04038e+10 -8.06036e+10 -6.78314e+07
25513574400 -3.04623e+10 -8.0758e+10 -6.79564e+07
25580016000 -3.05209e+10 -8.09125e+10 -6.80813e+07
25646544000 -3.05794e+10 -8.10669e+10 -6.82063e+07
25713158400 -3.06379e+10 -8.12213e+10 -6.83313e+07
25779859200 -3.06964e+10 -8.13758e+10 -6.84562e+07
25846646400 -3.07549e+10 -8.15302e+10 -6.85812e+07
25913520000 -3.08134e+10 -8.16846e+10 -6.87062e+07
25980480000 -3.08719e+10 -8.18391e+10 -6.88311e+07
26047526400 -3.09304e+10 -8.19935e+10 -6.89561e+07
26114659200 -3.09889e+10 -8.21479e+10 -6.90811e+07
26181878400 -3.10474e+10 -8.23024e+10 -6.9206e+07
26249184000 -3.11059e+10 -8.24568e+10 -6.9331e+07
26316576000 -3.11644e+10 -8.26112e+10 -6.9456e+07
26384054400 -3.12229e+10 -8.27657e+10 -6.95809e+07
26451619200 -3.12814e+10 -8.29201e+10 -6.97059e+07
26519270400 -3.13399e+10 -8.30745e+10 -6.98309e+07
26587008000 -3.13985e+10 -8.3229e+10 -6.99558e+07
26654832000 -3.1457e+10 -8.33834e+10 -7.00808e+07
26722742400 -3.15155e+10 -8.35378e+10 -7.02058e+07
26790739200 -3.1574e+10 -8.36923e+10 -7.03307e+07
26858822400 -3.16325e+10 -8.38467e+10 -7.04557e+07
26926992000 -3.1691e+10 -8.40011e+10 -7.05806e+07
26995248000 -3.17495e+10 -8.41556e+10 -7.07056e+07
27063590400 -3.1808e+10 -8.431e+10 -7.08306e+07
27132019200 -3.18665e+10 -8.44644e+10 -7.09555e+07
27200534400 -3.1925e+10 -8.46189e+10 -7.10805e+07
27269136000 -3.19835e+10 -8.47733e+10 -7.12055e+07
27337824000 -3.2042e+10 -8.49277e+10 -7.13304e+07
27406598400 -3.21005e+10 -8.50822e+10 -7.14554e+07
27475459200 -3.2159e+10 -8.52366e+10 -7.15804e+07
27544406400 -3.22175e+10 -8.5391e+10 -7.17053e+07
27613440000 -3.2276e+10 -8.55455e+10 -7.18303e+07
27682560000 -3.23346e+10 -8.56999e+10 -7.19553e+07
27751766400 -3.23931e+10 -8.58543e+10 -7.20802e+07
27821059200 -3.24516e+10 -8.60088e+10 -7.22052e+07
27890438400 -3.25101e+10 -8.61632e+10 -7.23302e+07
27959904000 -3.25686e+10 -8.63176e+10 -7.24551e+07
28029456000 -3.26271e+10 -8.64721e+10 -7.25801e+07
28099094400 -3.26856e+10 -8.66265e+10 -7.27051e+07
28168819200 -3.27441e+10 -8.67809e+10 -7.283e+07
28238630400 -3.28026e+10 -8.69354e+10 -7.2955e+07
28308528000 -3.28611e+10 -8.70898e+10 -7.30799e+07
28378512000 -3.29196e+10 -8.72442e+10 -7.32049e+07
28448582400 -3.29781e+10 -8.73987e+10 -7.33299e+07
28518739200 -3.30366e+10 -8.75531e+10 -7.34548e+07
28588982400 -3.30951e+10 -8.77075e+10 -7.35798e+07
28659312000 -3.31536e+10 -8.7862e+10 -7.37048e+07
28729728000 -3.32121e+10 -8.80164e+10 -7.38297e+07
28800230400 -3.32706e+10 -8.81708e+10 -7.39547e+07
28870819200 -3.33291e+10 -8.83253e+10 -7.40797e+07
28941494400 -3.33877e+10 -8.84797e+10 -7.42046e+07
29012256000 -3.34462e+10 -8.86341e+10 -7.43296e+07
29083104000 -3.35047e+10 -8.87886e+10 -7.44545e+07
29154038400 -3.35632e+10 -8.8943e+10 -7.45795e+07
29225059200 -3.36217e+10 -8.90974e+10 -7.47045e+07
29296166400 -3.36802e+10 -8.92518e+10 -7.48294e+07
29367360000 -3.37387e+10 -8.94063e+10 -7.49544e+07
29438640000 -3.37972e+10 -8.95607e+10 -7.50794e+07
29510006400 -3.38557e+10 -8.97151e+10 -7.52043e+07
29581459200 -3.39142e+10 -8.98696e+10 -7.53293e+07
29652998400 -3.39727e+10 -9.0024e+10 -7.54543e+07
29724624000 -3.40312e+10 -9.01784e+10 -7.55792e+07
29796336000 -3.40897e+10 -9.03329e+10 -7.57042e+07
29868134400 -3.41482e+10 -9.04873e+10 -7.58291e+07
29940019200 -3.42067e+10 -9.06417e+10 -7.59541e+07
30011990400 -3.42652e+10 -9.07962e+10 -7.60791e+07
30084048000 -3.43237e+10 -9.09506e+10 -7.6204e+07
30156192000 -3.43822e+10 -9.1105e+10 -7.6329e+07
30228422400 -3.44408e+10 -9.12595e+10 -7.6454e+07
30300739200 -3.44993e+10 -9.14139e+10 -7.65789e+07
30373142400 -3.45578e+10 -9.15683e+10 -7.67039e+07
30445632000 -3.46163e+10 -9.17227e+10 -7.68289e+07
30518208000 -3.46748e+10 -9.18772e+10 -7.69538e+07
30590870400 -3.47333e+10 -9.20316e+10 -7.70788e+07
30663619200 -3.47918e+10 -9.2186e+10 -7.72037e+07
30736454400 -3.48503e+10 -9.23405e+10 -7.73287e+07
30809376000 -3.49088e+10 -9.24949e+10 -7.74537e+07
30882384000 -3.49673e+10 -9.26493e+10 -7.75786e+07
30955478400 -3.50258e+10 -9.28038e+10 -7.77036e+07
31028659200 -3.50843e+10 -9.29582e+10 -7.78286e+07
31101926400 -3.51428e+10 -9.31126e+10 -7.79535e+07
31175280000 -3.52013e+10 -9.3267e+10 -7.80785e+07
31248720000 -3.52598e+10 -9.34215e+10 -7.82034e+07
31322246400 -3.53183e+10 -9.35759e+10 -7.83284e+07
31395859200 -3.53768e+10 -9.37303e+10 -7.84534e+07
31469558400 -3.54353e+10 -9.38848e+10 -7.85783e+07
31543344000 -3.54938e+10 -9.40392e+10 -7.87033e+07
31617216000 -3.55524e+10 -9.41936e+10 -7.88283e+07
31691174400 -3.56109e+10 -9.43481e+10 -7.89532e+07
31765219200 -3.56694e+10 -9.45025e+10 -7.90782e+07
31839350400 -3.57279e+10 -9.46569e+10 -7.92031e+07
31913568000 -3.57864e+10 -9.48113e+10 -7.93281e+07
31987872000 -3.58449e+10 -9.49658e+10 -7.94531e+07
32062262400 -3.59034e+10 -9.51202e+10 -7.9578e+07
32136739200 -3.59619e+10 -9.52746e+10 -7.9703e+07
32211302400 -3.60204e+10 -9.54291e+10 -7.9828e+07
32285952000 -3.60789e+10 -9.55835e+10 -7.99529e+07
32360688000 -3.61374e+10 -9.57379e+10 -8.00779e+07
32435510400 -3.61959e+10 -9.58924e+10 -8.02028e+07
32510419200 -3.62544e+10 -9.60468e+10 -8.03278e+07
32585414400 -3.63129e+10 -9.62012e+10 -8.04528e+07
32660496000 -3.63714e+10 -9.63556e+10 -8.05777e+07
32735664000 -3.64299e+10 -9.65101e+10 -8.07027e+07
32810918400 -3.64884e+10 -9.66645e+10 -8.08277e+07
32886259200 -3.65469e+10 -9.68189e+10 -8.09526e+07
32961686400 -3.66054e+10 -9.69734e+10 -8.10776e+07
33037200000 -3.66639e+10 -9.71278e+10 -8.12025e+07
33112800000 -3.67224e+10 -9.72822e+10 -8.13275e+07
33188486400 -3.6781e+10 -9.74366e+10 -8.14525e+07
33264259200 -3.68395e+10 -9.75911e+10 -8.15774e+07
33340118400 -3.6898e+10 -9.77455e+10 -8.17024e+07
33416064000 -3.69565e+10 -9.78999e+10 -8.18274e+07
33492096000 -3.7015e+10 -9.80544e+10 -8.19523e+07
33568214400 -3.70735e+10 -9.82088e+10 -8.20773e+07
33644419200 -3.7132e+10 -9.83632e+10 -8.22022e+07
33720710400 -3.71905e+10 -9.85176e+10 -8.23272e+07
33797088000 -3.7249e+10 -9.86721e+10 -8.24522e+07
33873552000 -3.73075e+10 -9.88265e+10 -8.25771e+07
33950102400 -3.7366e+10 -9.89809e+10 -8.27021e+07
34026739200 -3.74245e+10 -9.91354e+10 -8.2827e+07
34103462400 -3.7483e+10 -9.92898e+10 -8.2952e+07
34180272000 -3.75415e+10 -9.94442e+10 -8.3077e+07
34257168000 -3.76e+10 -9.95986e+10 -8.32019e+07
34334150400 -3.76585e+10 -9.97531e+10 -8.33269e+07
34411219200 -3.7717e+10 -9.99075e+10 -8.34519e+07
34488374400 -3.77755e+10 -1.00062e+11 -8.35768e+07
34565616000 -3.7834e+10 -1.00216e+11 -8.37018e+07
34642944000 -3.78925e+10 -1.00371e+11 -8.38267e+07
34720358400 -3.7951e+10 -1.00525e+11 -8.39517e+07
34797859200 -3.80095e+10 -1.0068e+11 -8.40767e+07
34875446400 -3.8068e+10 -1.00834e+11 -8.42016e+07
34953120000 -3.81266e+10 -1.00989e+11 -8.43266e+07
35030880000 -3.81851e+10 -1.01143e+11 -8.44515e+07
35108726400 -3.82436e+10 -1.01297e+11 -8.45765e+07
35186659200 -3.83021e+10 -1.01452e+11 -8.47015e+07
35264678400 -3.83606e+10 -1.01606e+11 -8.48264e+07
35342784000 -3.84191e+10 -1.01761e+11 -8.49514e+07
35420976000 -3.84776e+10 -1.01915e+11 -8.50764e+07
35499254400 -3.85361e+10 -1.02069e+11 -8.52013e+07
35577619200 -3.85946e+10 -1.02224e+11 -8.53263e+07
35656070400 -3.86531e+10 -1.02378e+11 -8.54512e+07
35734608000 -3.87116e+10 -1.02533e+11 -8.55762e+07
35813232000 -3.87701e+10 -1.02687e+11 -8.57012e+07
35891942400 -3.88286e+10 -1.02842e+11 -8.58261e+07
35970739200 -3.88871e+10 -1.02996e+11 -8.59511e+07
36049622400 -3.89456e+10 -1.0315e+11 -8.6076e+07
36128592000 -3.90041e+10 -1.03305e+11 -8.6201e+07
36207648000 -3.90626e+10 -1.03459e+11 -8.6326e+07
36286790400 -3.91211e+10 -1.03614e+11 -8.64509e+07
36366019200 -3.91796e+10 -1.03768e+11 -8.65759e+07
36445334400 -3.92381e+10 -1.03923e+11 -8.67008e+07
36524736000 -3.92966e+10 -1.04077e+11 -8.68258e+07
36604224000 -3.93551e+10 -1.04231e+11 -8.69508e+07
36683798400 -3.94136e+10 -1.04386e+11 -8.70757e+07
36763459200 -3.94721e+10 -1.0454e+11 -8.72007e+07
36843206400 -3.95307e+10 -1.04695e+11 -8.73256e+07
36923040000 -3.95892e+10 -1.04849e+11 -8.74506e+07
37002960000 -3.96477e+10 -1.05004e+11 -8.75756e+07
37082966400 -3.97062e+10 -1.05158e+11 -8.77005e+07
37163059200 -3.97647e+10 -1.05312e+11 -8.78255e+07
37243238400 -3.98232e+10 -1.05467e+11 -8.79504e+07
37323504000 -3.98817e+10 -1.05621e+11 -8.80754e+07
37403856000 -3.99402e+10 -1.05776e+11 -8.82004e+07
37484294400 -3.99987e+10 -1.0593e+11 -8.83253e+07
37564819200 -4.00572e+10 -1.06085e+11 -8.84503e+07
37645430400 -4.01157e+10 -1.06239e+11 -8.85752e+07
37726128000 -4.01742e+10 -1.06393e+11 -8.87002e+07
37806912000 -4.02327e+10 -1.06548e+11 -8.88252e+07
37887782400 -4.02912e+10 -1.06702e+11 -8.89501e+07
37968739200 -4.03497e+10 -1.06857e+11 -8.90751e+07
38049782400 -4.04082e+10 -1.07011e+11 -8.92001e+07
38130912000 -4.04667e+10 -1.07166e+11 -8.9325e+07
38212128000 -4.05252e+10 -1.0732e+11 -8.945e+07
38293430400 -4.05837e+10 -1.07474e+11 -8.95749e+07
38374819200 -4.06422e+10 -1.07629e+11 -8.96999e+07
38456294400 -4.07007e+10 -1.07783e+11 -8.98249e+07
38537856000 -4.07592e+10 -1.07938e+11 -8.99498e+07
38619504000 -4.08177e+10 -1.08092e+11 -9.00748e+07
38701238400 -4.08762e+10 -1.08247e+11 -9.01997e+07
38783059200 -4.09347e+10 -1.08401e+11 -9.03247e+07
38864966400 -4.09932e+10 -1.08555e+11 -9.04497e+07
38946960000 -4.10517e+10 -1.0871e+11 -9.05746e+07
39029040000 -4.11103e+10 -1.08864e+11 -9.06996e+07
39111206400 -4.11688e+10 -1.09019e+11 -9.08245e+07
39193459200 -4.12273e+10 -1.09173e+11 -9.09495e+07
39275798400 -4.12858e+10 -1.09328e+11 -9.10745e+07
39358224000 -4.13443e+10 -1.09482e+11 -9.11994e+07
39440736000 -4.14028e+10 -1.09636e+11 -9.13244e+07
39523334400 -4.14613e+10 -1.09791e+11 -9.14493e+07
39606019200 -4.15198e+10 -1.09945e+11 -9.15743e+07
39688790400 -4.15783e+10 -1.101e+11 -9.16992e+07
39771648000 -4.16368e+10 -1.10254e+11 -9.18242e+07
39854592000 -4.16953e+10 -1.10409e+11 -9.19492e+07
39937622400 -4.17538e+10 -1.10563e+11 -9.20741e+07
40020739200 -4.18123e+10 -1.10717e+11 -9.21991e+07
40103942400 -4.18708e+10 -1.10872e+11 -9.2324e+07
40187232000 -4.19293e+10 -1.11026e+11 -9.2449e+07
40270608000 -4.19878e+10 -1.11181e+11 -9.2574e+07
40354070400 -4.20463e+10 -1.11335e+11 -9.26989e+07
40437619200 -4.21048e+10 -1.1149e+11 -9.28239e+07
40521254400 -4.21633e+10 -1.11644e+11 -9.29488e+07
40604976000 -4.22218e+10 -1.11798e+11 -9.30738e+07
40688784000 -4.22803e+10 -1.11953e+11 -9.31988e+07
40772678400 -4.23388e+10 -1.12107e+11 -9.33237e+07
40856659200 -4.23973e+10 -1.12262e+11 -9.34487e+07
40940726400 -4.24558e+10 -1.12416e+11 -9.35736e+07
41024880000 -4.25143e+10 -1.1257e+11 -9.36986e+07
41109120000 -4.25728e+10 -1.12725e+11 -9.38236e+07
41193446400 -4.26313e+10 -1.12879e+11 -9.39485e+07
41277859200 -4.26898e+10 -1.13034e+11 -9.40735e+07
41362358400 -4.27483e+10 -1.13188e+11 -9.41984e+07
41446944000 -4.28068e+10 -1.13343e+11 -9.43234e+07
41531616000 -4.28654e+10 -1.13497e+11 -9.44484e+07
41616374400 -4.29239e+10 -1.13651e+11 -9.45733e+07
41701219200 -4.29824e+10 -1.13806e+11 -9.46983e+07
41786150400 -4.30409e+10 -1.1396e+11 -9.48232e+07
41871168000 -4.30994e+10 -1.14115e+11 -9.49482e+07
41956272000 -4.31579e+10 -1.14269e+11 -9.50732e+07
42041462400 -4.32164e+10 -1.14424e+11 -9.51981e+07
42126739200 -4.32749e+10 -1.14578e+11 -9.53231e+07
42212102400 -4.33334e+10 -1.14732e+11 -9.5448e+07
42297552000 -4.33919e+10 -1.14887e+11 -9.5573e+07
42383088000 -4.34504e+10 -1.15041e+11 -9.56979e+07
42468710400 -4.35089e+10 -1.15196e+11 -9.58229e+07
42554419200 -4.35674e+10 -1.1535e+11 -9.59479e+07
42640214400 -4.36259e+10 -1.15505e+11 -9.60728e+07
42726096000 -4.36844e+10 -1.15659e+11 -9.61978e+07
42812064000 -4.37429e+10 -1.15813e+11 -9.63227e+07
42898118400 -4.38014e+10 -1.15968e+11 -9.64477e+07
42984259200 -4.38599e+10 -1.16122e+11 -9.65727e+07
43070486400 -4.39184e+10 -1.16277e+11 -9.66976e+07
43156800000 -4.39769e+10 -1.16431e+11 -9.68226e+07
