0 6.52387e+07 -6.5757e+06 -3.91033e+06
86400 -1.53327e+08 1.99717e+07 9.06637e+06
259200 -2.20819e+08 2.9432e+07 1.30909e+07
518400 -2.89184e+08 3.89258e+07 1.71663e+07
864000 -3.55934e+08 4.81866e+07 2.11452e+07
1296000 -4.20846e+08 5.71947e+07 2.50147e+07
1814400 -4.84125e+08 6.59794e+07 2.87869e+07
2419200 -5.46015e+08 7.45747e+07 3.24764e+07
3110400 -6.06732e+08 8.30095e+07 3.60959e+07
3888000 -6.66449e+08 9.13078e+07 3.96559e+07
4752000 -7.25308e+08 9.94885e+07 4.31648e+07
5702400 -7.83421e+08 1.07567e+08 4.66293e+07
6739200 -8.40883e+08 1.15556e+08 5.00549e+07
7862400 -8.97769e+08 1.23467e+08 5.34462e+07
9072000 -9.54142e+08 1.31306e+08 5.6807e+07
10368000 -1.01006e+09 1.39083e+08 6.01405e+07
11750400 -1.06556e+09 1.46803e+08 6.34493e+07
13219200 -1.12068e+09 1.54471e+08 6.67357e+07
14774400 -1.17547e+09 1.62092e+08 7.00018e+07
16416000 -1.22994e+09 1.6967e+08 7.32493e+07
18144000 -1.28412e+09 1.77208e+08 7.64796e+07
19958400 -1.33804e+09 1.8471e+08 7.96942e+07
21859200 -1.39172e+09 1.92178e+08 8.28942e+07
23846400 -1.44516e+09 1.99615e+08 8.60807e+07
25920000 -1.4984e+09 2.07023e+08 8.92545e+07
28080000 -1.55144e+09 2.14403e+08 9.24165e+07
30326400 -1.60429e+09 2.21758e+08 9.55676e+07
32659200 -1.65697e+09 2.29088e+08 9.87083e+07
35078400 -1.70949e+09 2.36397e+08 1.01839e+08
37584000 -1.76185e+09 2.43684e+08 1.04961e+08
40176000 -1.81407e+09 2.50951e+08 1.08074e+08
42854400 -1.86615e+09 2.58199e+08 1.11179e+08
45619200 -1.9181e+09 2.65429e+08 1.14277e+08
48470400 -1.96992e+09 2.72644e+08 1.17364e+08
51408000 -2.02164e+09 2.79849e+08 1.20444e+08
54432000 -2.07324e+09 2.87036e+08 1.23518e+08
57542400 -2.12474e+09 2.94208e+08 1.26585e+08
60739200 -2.17614e+09 3.01366e+08 1.29647e+08
64022400 -2.22744e+09 3.08511e+08 1.32703e+08
67392000 -2.27865e+09 3.15643e+08 1.35754e+08
70848000 -2.32977e+09 3.22763e+08 1.38799e+08
74390400 -2.38081e+09 3.29871e+08 1.4184e+08
78019200 -2.43177e+09 3.36969e+08 1.44875e+08
81734400 -2.48265e+09 3.44055e+08 1.47906e+08
85536000 -2.53346e+09 3.51132e+08 1.50933e+08
89424000 -2.58419e+09 3.58198e+08 1.53956e+08
93398400 -2.63486e+09 3.65255e+08 1.56974e+08
97459200 -2.68547e+09 3.72303e+08 1.59988e+08
101606400 -2.73601e+09 3.79342e+08 1.62999e+08
105840000 -2.78648e+09 3.86373e+08 1.66006e+08
110160000 -2.8369e+09 3.93395e+08 1.6901e+08
114566400 -2.88727e+09 4.0041e+08 1.7201e+08
119059200 -2.93757e+09 4.07416e+08 1.75007e+08
123638400 -2.98783e+09 4.14416e+08 1.78001e+08
128304000 -3.03803e+09 4.21408e+08 1.80992e+08
133056000 -3.08818e+09 4.28394e+08 1.83979e+08
137894400 -3.13829e+09 4.35372e+08 1.86964e+08
142819200 -3.18835e+09 4.42345e+08 1.89946e+08
147830400 -3.23836e+09 4.49311e+08 1.92926e+08
152928000 -3.28833e+09 4.56271e+08 1.95903e+08
158112000 -3.33826e+09 4.63225e+08 1.98877e+08
163382400 -3.38815e+09 4.70173e+08 2.01849e+08
168739200 -3.43799e+09 4.77116e+08 2.04819e+08
174182400 -3.4878e+09 4.84053e+08 2.07786e+08
179712000 -3.53757e+09 4.90985e+08 2.10751e+08
185328000 -3.5873e+09 4.97912e+08 2.13714e+08
191030400 -3.637e+09 5.04834e+08 2.16674e+08
196819200 -3.68666e+09 5.11751e+08 2.19633e+08
202694400 -3.73629e+09 5.18663e+08 2.2259e+08
208656000 -3.78589e+09 5.25571e+08 2.25544e+08
214704000 -3.83545e+09 5.32474e+08 2.28497e+08
220838400 -3.88498e+09 5.39373e+08 2.31448e+08
227059200 -3.93448e+09 5.46268e+08 2.34397e+08
233366400 -3.98396e+09 5.53159e+08 2.37344e+08
239760000 -4.0334e+09 5.60045e+08 2.4029e+08
246240000 -4.08281e+09 5.66928e+08 2.43234e+08
252806400 -4.1322e+09 5.73806e+08 2.46176e+08
259459200 -4.18156e+09 5.80681e+08 2.49117e+08
266198400 -4.23089e+09 5.87553e+08 2.52056e+08
273024000 -4.2802e+09 5.9442e+08 2.54993e+08
279936000 -4.32948e+09 6.01284e+08 2.57929e+08
286934400 -4.37874e+09 6.08145e+08 2.60864e+08
294019200 -4.42797e+09 6.15002e+08 2.63797e+08
301190400 -4.47718e+09 6.21856e+08 2.66729e+08
308448000 -4.52637e+09 6.28707e+08 2.69659e+08
315792000 -4.57554e+09 6.35555e+08 2.72588e+08
323222400 -4.62468e+09 6.424e+08 2.75516e+08
330739200 -4.6738e+09 6.49241e+08 2.78443e+08
338342400 -4.7229e+09 6.5608e+08 2.81368e+08
346032000 -4.77198e+09 6.62916e+08 2.84292e+08
353808000 -4.82104e+09 6.69749e+08 2.87215e+08
361670400 -4.87008e+09 6.76579e+08 2.90136e+08
369619200 -4.91909e+09 6.83406e+08 2.93057e+08
377654400 -4.96809e+09 6.90231e+08 2.95976e+08
385776000 -5.01708e+09 6.97053e+08 2.98894e+08
393984000 -5.06604e+09 7.03873e+08 3.01811e+08
402278400 -5.11498e+09 7.1069e+08 3.04728e+08
410659200 -5.16391e+09 7.17505e+08 3.07643e+08
419126400 -5.21282e+09 7.24317e+08 3.10557e+08
427680000 -5.26171e+09 7.31127e+08 3.13469e+08
436320000 -5.31059e+09 7.37934e+08 3.16381e+08
445046400 -5.35945e+09 7.44739e+08 3.19292e+08
453859200 -5.40829e+09 7.51542e+08 3.22203e+08
462758400 -5.45712e+09 7.58343e+08 3.25112e+08
471744000 -5.50593e+09 7.65142e+08 3.2802e+08
480816000 -5.55473e+09 7.71938e+08 3.30927e+08
489974400 -5.60351e+09 7.78733e+08 3.33833e+08
499219200 -5.65228e+09 7.85525e+08 3.36739e+08
508550400 -5.70103e+09 7.92315e+08 3.39644e+08
517968000 -5.74977e+09 7.99104e+08 3.42547e+08
527472000 -5.7985e+09 8.0589e+08 3.4545e+08
537062400 -5.84721e+09 8.12674e+08 3.48353e+08
546739200 -5.8959e+09 8.19457e+08 3.51254e+08
556502400 -5.94459e+09 8.26237e+08 3.54155e+08
566352000 -5.99326e+09 8.33016e+08 3.57054e+08
576288000 -6.04192e+09 8.39793e+08 3.59953e+08
586310400 -6.09056e+09 8.46569e+08 3.62852e+08
596419200 -6.13919e+09 8.53342e+08 3.65749e+08
606614400 -6.18781e+09 8.60114e+08 3.68646e+08
616896000 -6.23642e+09 8.66884e+08 3.71542e+08
627264000 -6.28502e+09 8.73652e+08 3.74437e+08
637718400 -6.3336e+09 8.80419e+08 3.77332e+08
648259200 -6.38218e+09 8.87184e+08 3.80226e+08
658886400 -6.43074e+09 8.93948e+08 3.83119e+08
669600000 -6.47929e+09 9.0071e+08 3.86012e+08
680400000 -6.52783e+09 9.07471e+08 3.88904e+08
691286400 -6.57636e+09 9.1423e+08 3.91795e+08
702259200 -6.62487e+09 9.20987e+08 3.94686e+08
713318400 -6.67338e+09 9.27743e+08 3.97576e+08
724464000 -6.72188e+09 9.34498e+08 4.00466e+08
735696000 -6.77036e+09 9.41251e+08 4.03355e+08
747014400 -6.81884e+09 9.48002e+08 4.06243e+08
758419200 -6.86731e+09 9.54753e+08 4.09131e+08
769910400 -6.91576e+09 9.61502e+08 4.12018e+08
781488000 -6.96421e+09 9.68249e+08 4.14904e+08
793152000 -7.01265e+09 9.74995e+08 4.1779e+08
804902400 -7.06108e+09 9.8174e+08 4.20675e+08
816739200 -7.10949e+09 9.88484e+08 4.2356e+08
828662400 -7.1579e+09 9.95226e+08 4.26445e+08
840672000 -7.2063e+09 1.00197e+09 4.29328e+08
852768000 -7.25469e+09 1.00871e+09 4.32212e+08
864950400 -7.30308e+09 1.01545e+09 4.35094e+08
877219200 -7.35145e+09 1.02218e+09 4.37976e+08
889574400 -7.39982e+09 1.02892e+09 4.40858e+08
902016000 -7.44817e+09 1.03565e+09 4.43739e+08
914544000 -7.49652e+09 1.04239e+09 4.4662e+08
927158400 -7.54486e+09 1.04912e+09 4.495e+08
939859200 -7.59319e+09 1.05585e+09 4.5238e+08
952646400 -7.64152e+09 1.06258e+09 4.55259e+08
965520000 -7.68983e+09 1.06931e+09 4.58138e+08
978480000 -7.73814e+09 1.07604e+09 4.61016e+08
991526400 -7.78644e+09 1.08277e+09 4.63894e+08
1004659200 -7.83473e+09 1.08949e+09 4.66771e+08
1017878400 -7.88302e+09 1.09622e+09 4.69648e+08
1031184000 -7.9313e+09 1.10294e+09 4.72525e+08
1044576000 -7.97957e+09 1.10967e+09 4.75401e+08
1058054400 -8.02783e+09 1.11639e+09 4.78276e+08
1071619200 -8.07608e+09 1.12311e+09 4.81152e+08
1085270400 -8.12433e+09 1.12983e+09 4.84026e+08
1099008000 -8.17257e+09 1.13655e+09 4.86901e+08
1112832000 -8.22081e+09 1.14326e+09 4.89775e+08
1126742400 -8.26904e+09 1.14998e+09 4.92648e+08
1140739200 -8.31726e+09 1.1567e+09 4.95521e+08
1154822400 -8.36547e+09 1.16341e+09 4.98394e+08
1168992000 -8.41368e+09 1.17013e+09 5.01266e+08
1183248000 -8.46188e+09 1.17684e+09 5.04138e+08
1197590400 -8.51007e+09 1.18355e+09 5.0701e+08
1212019200 -8.55826e+09 1.19026e+09 5.09881e+08
1226534400 -8.60644e+09 1.19697e+09 5.12752e+08
1241136000 -8.65462e+09 1.20368e+09 5.15622e+08
1255824000 -8.70279e+09 1.21039e+09 5.18492e+08
1270598400 -8.75095e+09 1.2171e+09 5.21362e+08
1285459200 -8.79911e+09 1.22381e+09 5.24231e+08
1300406400 -8.84726e+09 1.23051e+09 5.271e+08
1315440000 -8.8954e+09 1.23722e+09 5.29969e+08
1330560000 -8.94354e+09 1.24392e+09 5.32837e+08
1345766400 -8.99168e+09 1.25063e+09 5.35705e+08
1361059200 -9.0398e+09 1.25733e+09 5.38573e+08
1376438400 -9.08793e+09 1.26403e+09 5.4144e+08
1391904000 -9.13604e+09 1.27073e+09 5.44307e+08
1407456000 -9.18415e+09 1.27744e+09 5.47174e+08
1423094400 -9.23226e+09 1.28414e+09 5.5004e+08
1438819200 -9.28036e+09 1.29083e+09 5.52906e+08
1454630400 -9.32845e+09 1.29753e+09 5.55771e+08
1470528000 -9.37654e+09 1.30423e+09 5.58637e+08
1486512000 -9.42462e+09 1.31093e+09 5.61502e+08
1502582400 -9.4727e+09 1.31762e+09 5.64366e+08
1518739200 -9.52078e+09 1.32432e+09 5.67231e+08
1534982400 -9.56884e+09 1.33101e+09 5.70095e+08
1551312000 -9.61691e+09 1.33771e+09 5.72959e+08
1567728000 -9.66496e+09 1.3444e+09 5.75822e+08
1584230400 -9.71302e+09 1.35109e+09 5.78685e+08
1600819200 -9.76107e+09 1.35778e+09 5.81548e+08
1617494400 -9.80911e+09 1.36448e+09 5.84411e+08
1634256000 -9.85715e+09 1.37117e+09 5.87273e+08
1651104000 -9.90518e+09 1.37786e+09 5.90135e+08
1668038400 -9.95321e+09 1.38455e+09 5.92997e+08
1685059200 -1.00012e+10 1.39123e+09 5.95858e+08
1702166400 -1.00493e+10 1.39792e+09 5.9872e+08
1719360000 -1.00973e+10 1.40461e+09 6.01581e+08
1736640000 -1.01453e+10 1.4113e+09 6.04441e+08
1754006400 -1.01933e+10 1.41798e+09 6.07302e+08
1771459200 -1.02413e+10 1.42467e+09 6.10162e+08
1788998400 -1.02893e+10 1.43135e+09 6.13022e+08
1806624000 -1.03373e+10 1.43804e+09 6.15881e+08
1824336000 -1.03853e+10 1.44472e+09 6.1874e+08
1842134400 -1.04332e+10 1.4514e+09 6.216e+08
1860019200 -1.04812e+10 1.45809e+09 6.24458e+08
1877990400 -1.05292e+10 1.46477e+09 6.27317e+08
1896048000 -1.05772e+10 1.47145e+09 6.30175e+08
1914192000 -1.06251e+10 1.47813e+09 6.33033e+08
1932422400 -1.06731e+10 1.48481e+09 6.35891e+08
1950739200 -1.07211e+10 1.49149e+09 6.38749e+08
1969142400 -1.0769e+10 1.49817e+09 6.41606e+08
1987632000 -1.0817e+10 1.50484e+09 6.44463e+08
2006208000 -1.08649e+10 1.51152e+09 6.4732e+08
2024870400 -1.09129e+10 1.5182e+09 6.50177e+08
2043619200 -1.09608e+10 1.52488e+09 6.53033e+08
2062454400 -1.10087e+10 1.53155e+09 6.55889e+08
2081376000 -1.10567e+10 1.53823e+09 6.58745e+08
2100384000 -1.11046e+10 1.5449e+09 6.61601e+08
2119478400 -1.11525e+10 1.55158e+09 6.64457e+08
2138659200 -1.12004e+10 1.55825e+09 6.67312e+08
2157926400 -1.12483e+10 1.56492e+09 6.70167e+08
2177280000 -1.12963e+10 1.5716e+09 6.73022e+08
2196720000 -1.13442e+10 1.57827e+09 6.75876e+08
2216246400 -1.13921e+10 1.58494e+09 6.78731e+08
2235859200 -1.144e+10 1.59161e+09 6.81585e+08
2255558400 -1.14879e+10 1.59828e+09 6.84439e+08
2275344000 -1.15358e+10 1.60495e+09 6.87293e+08
2295216000 -1.15837e+10 1.61162e+09 6.90146e+08
2315174400 -1.16315e+10 1.61829e+09 6.93e+08
2335219200 -1.16794e+10 1.62496e+09 6.95853e+08
2355350400 -1.17273e+10 1.63163e+09 6.98706e+08
2375568000 -1.17752e+10 1.6383e+09 7.01559e+08
2395872000 -1.18231e+10 1.64497e+09 7.04411e+08
2416262400 -1.18709e+10 1.65163e+09 7.07264e+08
2436739200 -1.19188e+10 1.6583e+09 7.10116e+08
2457302400 -1.19667e+10 1.66497e+09 7.12968e+08
2477952000 -1.20145e+10 1.67163e+09 7.1582e+08
2498688000 -1.20624e+10 1.6783e+09 7.18671e+08
2519510400 -1.21102e+10 1.68496e+09 7.21523e+08
2540419200 -1.21581e+10 1.69163e+09 7.24374e+08
2561414400 -1.22059e+10 1.69829e+09 7.27225e+08
2582496000 -1.22538e+10 1.70495e+09 7.30076e+08
2603664000 -1.23016e+10 1.71162e+09 7.32926e+08
2624918400 -1.23495e+10 1.71828e+09 7.35777e+08
2646259200 -1.23973e+10 1.72494e+09 7.38627e+08
2667686400 -1.24451e+10 1.7316e+09 7.41477e+08
2689200000 -1.2493e+10 1.73827e+09 7.44327e+08
2710800000 -1.25408e+10 1.74493e+09 7.47177e+08
2732486400 -1.25886e+10 1.75159e+09 7.50026e+08
2754259200 -1.26364e+10 1.75825e+09 7.52876e+08
2776118400 -1.26842e+10 1.76491e+09 7.55725e+08
2798064000 -1.27321e+10 1.77157e+09 7.58574e+08
2820096000 -1.27799e+10 1.77823e+09 7.61423e+08
2842214400 -1.28277e+10 1.78488e+09 7.64272e+08
2864419200 -1.28755e+10 1.79154e+09 7.6712e+08
2886710400 -1.29233e+10 1.7982e+09 7.69969e+08
2909088000 -1.29711e+10 1.80486e+09 7.72817e+08
2931552000 -1.30189e+10 1.81151e+09 7.75665e+08
2954102400 -1.30667e+10 1.81817e+09 7.78513e+08
2976739200 -1.31145e+10 1.82483e+09 7.81361e+08
2999462400 -1.31623e+10 1.83148e+09 7.84208e+08
3022272000 -1.321e+10 1.83814e+09 7.87056e+08
3045168000 -1.32578e+10 1.84479e+09 7.89903e+08
3068150400 -1.33056e+10 1.85145e+09 7.9275e+08
3091219200 -1.33534e+10 1.8581e+09 7.95597e+08
3114374400 -1.34012e+10 1.86476e+09 7.98444e+08
3137616000 -1.34489e+10 1.87141e+09 8.0129e+08
3160944000 -1.34967e+10 1.87806e+09 8.04137e+08
3184358400 -1.35445e+10 1.88472e+09 8.06983e+08
3207859200 -1.35922e+10 1.89137e+09 8.09829e+08
3231446400 -1.364e+10 1.89802e+09 8.12676e+08
3255120000 -1.36878e+10 1.90467e+09 8.15521e+08
3278880000 -1.37355e+10 1.91132e+09 8.18367e+08
3302726400 -1.37833e+10 1.91797e+09 8.21213e+08
3326659200 -1.3831e+10 1.92463e+09 8.24058e+08
3350678400 -1.38788e+10 1.93128e+09 8.26904e+08
3374784000 -1.39265e+10 1.93793e+09 8.29749e+08
3398976000 -1.39743e+10 1.94458e+09 8.32594e+08
3423254400 -1.4022e+10 1.95122e+09 8.35439e+08
3447619200 -1.40698e+10 1.95787e+09 8.38283e+08
3472070400 -1.41175e+10 1.96452e+09 8.41128e+08
3496608000 -1.41653e+10 1.97117e+09 8.43972e+08
3521232000 -1.4213e+10 1.97782e+09 8.46817e+08
3545942400 -1.42607e+10 1.98447e+09 8.49661e+08
3570739200 -1.43084e+10 1.99111e+09 8.52505e+08
3595622400 -1.43562e+10 1.99776e+09 8.55349e+08
3620592000 -1.44039e+10 2.00441e+09 8.58193e+08
3645648000 -1.44516e+10 2.01105e+09 8.61036e+08
3670790400 -1.44993e+10 2.0177e+09 8.6388e+08
3696019200 -1.45471e+10 2.02435e+09 8.66723e+08
3721334400 -1.45948e+10 2.03099e+09 8.69566e+08
3746736000 -1.46425e+10 2.03764e+09 8.7241e+08
3772224000 -1.46902e+10 2.04428e+09 8.75253e+08
3797798400 -1.47379e+10 2.05093e+09 8.78095e+08
3823459200 -1.47856e+10 2.05757e+09 8.80938e+08
3849206400 -1.48333e+10 2.06422e+09 8.83781e+08
3875040000 -1.4881e+10 2.07086e+09 8.86623e+08
3900960000 -1.49287e+10 2.0775e+09 8.89466e+08
3926966400 -1.49764e+10 2.08415e+09 8.92308e+08
3953059200 -1.50241e+10 2.09079e+09 8.9515e+08
3979238400 -1.50718e+10 2.09743e+09 8.97992e+08
4005504000 -1.51195e+10 2.10407e+09 9.00834e+08
4031856000 -1.51672e+10 2.11072e+09 9.03676e+08
4058294400 -1.52149e+10 2.11736e+09 9.06517e+08
4084819200 -1.52626e+10 2.124e+09 9.09359e+08
4111430400 -1.53103e+10 2.13064e+09 9.122e+08
4138128000 -1.5358e+10 2.13728e+09 9.15041e+08
4164912000 -1.54056e+10 2.14392e+09 9.17883e+08
4191782400 -1.54533e+10 2.15056e+09 9.20724e+08
4218739200 -1.5501e+10 2.1572e+09 9.23565e+08
4245782400 -1.55487e+10 2.16384e+09 9.26405e+08
4272912000 -1.55963e+10 2.17048e+09 9.29246e+08
4300128000 -1.5644e+10 2.17712e+09 9.32087e+08
4327430400 -1.56917e+10 2.18376e+09 9.34927e+08
4354819200 -1.57394e+10 2.1904e+09 9.37768e+08
4382294400 -1.5787e+10 2.19704e+09 9.40608e+08
4409856000 -1.58347e+10 2.20368e+09 9.43448e+08
4437504000 -1.58823e+10 2.21031e+09 9.46288e+08
4465238400 -1.593e+10 2.21695e+09 9.49128e+08
4493059200 -1.59777e+10 2.22359e+09 9.51968e+08
4520966400 -1.60253e+10 2.23023e+09 9.54807e+08
4548960000 -1.6073e+10 2.23686e+09 9.57647e+08
4577040000 -1.61206e+10 2.2435e+09 9.60486e+08
4605206400 -1.61683e+10 2.25014e+09 9.63326e+08
4633459200 -1.62159e+10 2.25677e+09 9.66165e+08
4661798400 -1.62636e+10 2.26341e+09 9.69004e+08
4690224000 -1.63112e+10 2.27004e+09 9.71843e+08
4718736000 -1.63589e+10 2.27668e+09 9.74682e+08
4747334400 -1.64065e+10 2.28331e+09 9.77521e+08
4776019200 -1.64541e+10 2.28995e+09 9.8036e+08
4804790400 -1.65018e+10 2.29658e+09 9.83199e+08
4833648000 -1.65494e+10 2.30322e+09 9.86037e+08
4862592000 -1.65971e+10 2.30985e+09 9.88876e+08
4891622400 -1.66447e+10 2.31649e+09 9.91714e+08
4920739200 -1.66923e+10 2.32312e+09 9.94552e+08
4949942400 -1.674e+10 2.32975e+09 9.9739e+08
4979232000 -1.67876e+10 2.33639e+09 1.00023e+09
5008608000 -1.68352e+10 2.34302e+09 1.00307e+09
5038070400 -1.68828e+10 2.34965e+09 1.0059e+09
5067619200 -1.69305e+10 2.35629e+09 1.00874e+09
5097254400 -1.69781e+10 2.36292e+09 1.01158e+09
5126976000 -1.70257e+10 2.36955e+09 1.01442e+09
5156784000 -1.70733e+10 2.37618e+09 1.01725e+09
5186678400 -1.71209e+10 2.38281e+09 1.02009e+09
5216659200 -1.71686e+10 2.38945e+09 1.02293e+09
5246726400 -1.72162e+10 2.39608e+09 1.02577e+09
5276880000 -1.72638e+10 2.40271e+09 1.0286e+09
5307120000 -1.73114e+10 2.40934e+09 1.03144e+09
5337446400 -1.7359e+10 2.41597e+09 1.03428e+09
5367859200 -1.74066e+10 2.4226e+09 1.03711e+09
5398358400 -1.74542e+10 2.42923e+09 1.03995e+09
5428944000 -1.75018e+10 2.43586e+09 1.04279e+09
5459616000 -1.75494e+10 2.44249e+09 1.04562e+09
5490374400 -1.7597e+10 2.44912e+09 1.04846e+09
5521219200 -1.76446e+10 2.45575e+09 1.0513e+09
5552150400 -1.76922e+10 2.46238e+09 1.05413e+09
5583168000 -1.77398e+10 2.46901e+09 1.05697e+09
5614272000 -1.77874e+10 2.47564e+09 1.05981e+09
5645462400 -1.7835e+10 2.48226e+09 1.06264e+09
5676739200 -1.78826e+10 2.48889e+09 1.06548e+09
5708102400 -1.79302e+10 2.49552e+09 1.06831e+09
5739552000 -1.79778e+10 2.50215e+09 1.07115e+09
5771088000 -1.80254e+10 2.50878e+09 1.07399e+09
5802710400 -1.8073e+10 2.5154e+09 1.07682e+09
5834419200 -1.81205e+10 2.52203e+09 1.07966e+09
5866214400 -1.81681e+10 2.52866e+09 1.08249e+09
5898096000 -1.82157e+10 2.53528e+09 1.08533e+09
5930064000 -1.82633e+10 2.54191e+09 1.08816e+09
5962118400 -1.83109e+10 2.54854e+09 1.091e+09
5994259200 -1.83585e+10 2.55516e+09 1.09383e+09
6026486400 -1.8406e+10 2.56179e+09 1.09667e+09
6058800000 -1.84536e+10 2.56842e+09 1.0995e+09
6091200000 -1.85012e+10 2.57504e+09 1.10234e+09
6123686400 -1.85488e+10 2.58167e+09 1.10517e+09
6156259200 -1.85963e+10 2.58829e+09 1.10801e+09
6188918400 -1.86439e+10 2.59492e+09 1.11084e+09
6221664000 -1.86915e+10 2.60154e+09 1.11368e+09
6254496000 -1.8739e+10 2.60817e+09 1.11651e+09
6287414400 -1.87866e+10 2.61479e+09 1.11934e+09
6320419200 -1.88342e+10 2.62142e+09 1.12218e+09
6353510400 -1.88817e+10 2.62804e+09 1.12501e+09
6386688000 -1.89293e+10 2.63467e+09 1.12785e+09
6419952000 -1.89769e+10 2.64129e+09 1.13068e+09
6453302400 -1.90244e+10 2.64791e+09 1.13352e+09
6486739200 -1.9072e+10 2.65454e+09 1.13635e+09
6520262400 -1.91195e+10 2.66116e+09 1.13918e+09
6553872000 -1.91671e+10 2.66778e+09 1.14202e+09
6587568000 -1.92146e+10 2.67441e+09 1.14485e+09
6621350400 -1.92622e+10 2.68103e+09 1.14768e+09
6655219200 -1.93097e+10 2.68765e+09 1.15052e+09
6689174400 -1.93573e+10 2.69427e+09 1.15335e+09
6723216000 -1.94048e+10 2.7009e+09 1.15618e+09
6757344000 -1.94524e+10 2.70752e+09 1.15902e+09
6791558400 -1.94999e+10 2.71414e+09 1.16185e+09
6825859200 -1.95475e+10 2.72076e+09 1.16468e+09
6860246400 -1.9595e+10 2.72738e+09 1.16752e+09
6894720000 -1.96426e+10 2.734e+09 1.17035e+09
6929280000 -1.96901e+10 2.74063e+09 1.17318e+09
6963926400 -1.97377e+10 2.74725e+09 1.17602e+09
6998659200 -1.97852e+10 2.75387e+09 1.17885e+09
7033478400 -1.98327e+10 2.76049e+09 1.18168e+09
7068384000 -1.98803e+10 2.76711e+09 1.18451e+09
7103376000 -1.99278e+10 2.77373e+09 1.18735e+09
7138454400 -1.99754e+10 2.78035e+09 1.19018e+09
7173619200 -2.00229e+10 2.78697e+09 1.19301e+09
7208870400 -2.00704e+10 2.79359e+09 1.19584e+09
7244208000 -2.01179e+10 2.80021e+09 1.19868e+09
7279632000 -2.01655e+10 2.80683e+09 1.20151e+09
7315142400 -2.0213e+10 2.81345e+09 1.20434e+09
7350739200 -2.02605e+10 2.82007e+09 1.20717e+09
7386422400 -2.03081e+10 2.82669e+09 1.21001e+09
7422192000 -2.03556e+10 2.83331e+09 1.21284e+09
7458048000 -2.04031e+10 2.83992e+09 1.21567e+09
7493990400 -2.04506e+10 2.84654e+09 1.2185e+09
7530019200 -2.04982e+10 2.85316e+09 1.22133e+09
7566134400 -2.05457e+10 2.85978e+09 1.22416e+09
7602336000 -2.05932e+10 2.8664e+09 1.227e+09
7638624000 -2.06407e+10 2.87302e+09 1.22983e+09
7674998400 -2.06882e+10 2.87963e+09 1.23266e+09
7711459200 -2.07358e+10 2.88625e+09 1.23549e+09
7748006400 -2.07833e+10 2.89287e+09 1.23832e+09
7784640000 -2.08308e+10 2.89949e+09 1.24115e+09
7821360000 -2.08783e+10 2.9061e+09 1.24398e+09
7858166400 -2.09258e+10 2.91272e+09 1.24682e+09
7895059200 -2.09733e+10 2.91934e+09 1.24965e+09
7932038400 -2.10208e+10 2.92596e+09 1.25248e+09
7969104000 -2.10683e+10 2.93257e+09 1.25531e+09
8006256000 -2.11159e+10 2.93919e+09 1.25814e+09
8043494400 -2.11634e+10 2.9458e+09 1.26097e+09
8080819200 -2.12109e+10 2.95242e+09 1.2638e+09
8118230400 -2.12584e+10 2.95904e+09 1.26663e+09
8155728000 -2.13059e+10 2.96565e+09 1.26946e+09
8193312000 -2.13534e+10 2.97227e+09 1.27229e+09
8230982400 -2.14009e+10 2.97888e+09 1.27512e+09
8268739200 -2.14484e+10 2.9855e+09 1.27795e+09
8306582400 -2.14959e+10 2.99212e+09 1.28079e+09
8344512000 -2.15434e+10 2.99873e+09 1.28362e+09
8382528000 -2.15909e+10 3.00535e+09 1.28645e+09
8420630400 -2.16384e+10 3.01196e+09 1.28928e+09
8458819200 -2.16859e+10 3.01858e+09 1.29211e+09
8497094400 -2.17334e+10 3.02519e+09 1.29494e+09
8535456000 -2.17809e+10 3.0318e+09 1.29777e+09
8573904000 -2.18284e+10 3.03842e+09 1.3006e+09
8612438400 -2.18759e+10 3.04503e+09 1.30343e+09
8651059200 -2.19233e+10 3.05165e+09 1.30626e+09
8689766400 -2.19708e+10 3.05826e+09 1.30909e+09
8728560000 -2.20183e+10 3.06488e+09 1.31192e+09
8767440000 -2.20658e+10 3.07149e+09 1.31475e+09
8806406400 -2.21133e+10 3.0781e+09 1.31758e+09
8845459200 -2.21608e+10 3.08472e+09 1.32041e+09
8884598400 -2.22083e+10 3.09133e+09 1.32324e+09
8923824000 -2.22558e+10 3.09794e+09 1.32606e+09
8963136000 -2.23032e+10 3.10456e+09 1.32889e+09
9002534400 -2.23507e+10 3.11117e+09 1.33172e+09
9042019200 -2.23982e+10 3.11778e+09 1.33455e+09
9081590400 -2.24457e+10 3.12439e+09 1.33738e+09
9121248000 -2.24932e+10 3.13101e+09 1.34021e+09
9160992000 -2.25407e+10 3.13762e+09 1.34304e+09
9200822400 -2.25881e+10 3.14423e+09 1.34587e+09
9240739200 -2.26356e+10 3.15084e+09 1.3487e+09
9280742400 -2.26831e+10 3.15746e+09 1.35153e+09
9320832000 -2.27306e+10 3.16407e+09 1.35436e+09
9361008000 -2.2778e+10 3.17068e+09 1.35719e+09
9401270400 -2.28255e+10 3.17729e+09 1.36001e+09
9441619200 -2.2873e+10 3.1839e+09 1.36284e+09
9482054400 -2.29205e+10 3.19051e+09 1.36567e+09
9522576000 -2.29679e+10 3.19713e+09 1.3685e+09
9563184000 -2.30154e+10 3.20374e+09 1.37133e+09
9603878400 -2.30629e+10 3.21035e+09 1.37416e+09
9644659200 -2.31103e+10 3.21696e+09 1.37699e+09
9685526400 -2.31578e+10 3.22357e+09 1.37982e+09
9726480000 -2.32053e+10 3.23018e+09 1.38264e+09
9767520000 -2.32527e+10 3.23679e+09 1.38547e+09
9808646400 -2.33002e+10 3.2434e+09 1.3883e+09
9849859200 -2.33477e+10 3.25001e+09 1.39113e+09
9891158400 -2.33951e+10 3.25662e+09 1.39396e+09
9932544000 -2.34426e+10 3.26323e+09 1.39679e+09
9974016000 -2.349e+10 3.26984e+09 1.39961e+09
10015574400 -2.35375e+10 3.27645e+09 1.40244e+09
10057219200 -2.3585e+10 3.28306e+09 1.40527e+09
10098950400 -2.36324e+10 3.28967e+09 1.4081e+09
10140768000 -2.36799e+10 3.29628e+09 1.41093e+09
10182672000 -2.37273e+10 3.30289e+09 1.41375e+09
10224662400 -2.37748e+10 3.3095e+09 1.41658e+09
10266739200 -2.38223e+10 3.31611e+09 1.41941e+09
10308902400 -2.38697e+10 3.32272e+09 1.42224e+09
10351152000 -2.39172e+10 3.32933e+09 1.42506e+09
10393488000 -2.39646e+10 3.33593e+09 1.42789e+09
10435910400 -2.40121e+10 3.34254e+09 1.43072e+09
10478419200 -2.40595e+10 3.34915e+09 1.43355e+09
10521014400 -2.4107e+10 3.35576e+09 1.43637e+09
10563696000 -2.41544e+10 3.36237e+09 1.4392e+09
10606464000 -2.42019e+10 3.36898e+09 1.44203e+09
10649318400 -2.42493e+10 3.37558e+09 1.44486e+09
10692259200 -2.42968e+10 3.38219e+09 1.44768e+09
10735286400 -2.43442e+10 3.3888e+09 1.45051e+09
10778400000 -2.43917e+10 3.39541e+09 1.45334e+09
10821600000 -2.44391e+10 3.40202e+09 1.45617e+09
10864886400 -2.44865e+10 3.40862e+09 1.45899e+09
10908259200 -2.4534e+10 3.41523e+09 1.46182e+09
10951718400 -2.45814e+10 3.42184e+09 1.46465e+09
10995264000 -2.46289e+10 3.42845e+09 1.46747e+09
11038896000 -2.46763e+10 3.43505e+09 1.4703e+09
11082614400 -2.47238e+10 3.44166e+09 1.47313e+09
11126419200 -2.47712e+10 3.44827e+09 1.47596e+09
11170310400 -2.48186e+10 3.45487e+09 1.47878e+09
11214288000 -2.48661e+10 3.46148e+09 1.48161e+09
11258352000 -2.49135e+10 3.46809e+09 1.48444e+09
11302502400 -2.4961e+10 3.47469e+09 1.48726e+09
11346739200 -2.50084e+10 3.4813e+09 1.49009e+09
11391062400 -2.50558e+10 3.48791e+09 1.49292e+09
11435472000 -2.51033e+10 3.49451e+09 1.49574e+09
11479968000 -2.51507e+10 3.50112e+09 1.49857e+09
11524550400 -2.51981e+10 3.50772e+09 1.5014e+09
11569219200 -2.52456e+10 3.51433e+09 1.50422e+09
11613974400 -2.5293e+10 3.52094e+09 1.50705e+09
11658816000 -2.53404e+10 3.52754e+09 1.50987e+09
11703744000 -2.53878e+10 3.53415e+09 1.5127e+09
11748758400 -2.54353e+10 3.54075e+09 1.51553e+09
11793859200 -2.54827e+10 3.54736e+09 1.51835e+09
11839046400 -2.55301e+10 3.55396e+09 1.52118e+09
11884320000 -2.55776e+10 3.56057e+09 1.52401e+09
11929680000 -2.5625e+10 3.56717e+09 1.52683e+09
11975126400 -2.56724e+10 3.57378e+09 1.52966e+09
12020659200 -2.57198e+10 3.58038e+09 1.53248e+09
12066278400 -2.57673e+10 3.58699e+09 1.53531e+09
12111984000 -2.58147e+10 3.59359e+09 1.53814e+09
12157776000 -2.58621e+10 3.6002e+09 1.54096e+09
12203654400 -2.59095e+10 3.6068e+09 1.54379e+09
12249619200 -2.5957e+10 3.61341e+09 1.54661e+09
12295670400 -2.60044e+10 3.62001e+09 1.54944e+09
12341808000 -2.60518e+10 3.62661e+09 1.55226e+09
12388032000 -2.60992e+10 3.63322e+09 1.55509e+09
12434342400 -2.61466e+10 3.63982e+09 1.55792e+09
12480739200 -2.61941e+10 3.64643e+09 1.56074e+09
12527222400 -2.62415e+10 3.65303e+09 1.56357e+09
12573792000 -2.62889e+10 3.65963e+09 1.56639e+09
12620448000 -2.63363e+10 3.66624e+09 1.56922e+09
12667190400 -2.63837e+10 3.67284e+09 1.57204e+09
12714019200 -2.64311e+10 3.67944e+09 1.57487e+09
12760934400 -2.64785e+10 3.68605e+09 1.57769e+09
12807936000 -2.6526e+10 3.69265e+09 1.58052e+09
12855024000 -2.65734e+10 3.69925e+09 1.58334e+09
12902198400 -2.66208e+10 3.70586e+09 1.58617e+09
12949459200 -2.66682e+10 3.71246e+09 1.58899e+09
12996806400 -2.67156e+10 3.71906e+09 1.59182e+09
13044240000 -2.6763e+10 3.72566e+09 1.59465e+09
13091760000 -2.68104e+10 3.73227e+09 1.59747e+09
13139366400 -2.68578e+10 3.73887e+09 1.6003e+09
13187059200 -2.69052e+10 3.74547e+09 1.60312e+09
13234838400 -2.69527e+10 3.75207e+09 1.60595e+09
13282704000 -2.70001e+10 3.75868e+09 1.60877e+09
13330656000 -2.70475e+10 3.76528e+09 1.6116e+09
13378694400 -2.70949e+10 3.77188e+09 1.61442e+09
13426819200 -2.71423e+10 3.77848e+09 1.61724e+09
13475030400 -2.71897e+10 3.78509e+09 1.62007e+09
13523328000 -2.72371e+10 3.79169e+09 1.62289e+09
13571712000 -2.72845e+10 3.79829e+09 1.62572e+09
13620182400 -2.73319e+10 3.80489e+09 1.62854e+09
13668739200 -2.73793e+10 3.81149e+09 1.63137e+09
13717382400 -2.74267e+10 3.81809e+09 1.63419e+09
13766112000 -2.74741e+10 3.8247e+09 1.63702e+09
13814928000 -2.75215e+10 3.8313e+09 1.63984e+09
13863830400 -2.75689e+10 3.8379e+09 1.64267e+09
13912819200 -2.76163e+10 3.8445e+09 1.64549e+09
13961894400 -2.76637e+10 3.8511e+09 1.64832e+09
14011056000 -2.77111e+10 3.8577e+09 1.65114e+09
14060304000 -2.77585e+10 3.8643e+09 1.65396e+09
14109638400 -2.78059e+10 3.8709e+09 1.65679e+09
14159059200 -2.78533e+10 3.8775e+09 1.65961e+09
14208566400 -2.79007e+10 3.8841e+09 1.66244e+09
14258160000 -2.79481e+10 3.8907e+09 1.66526e+09
14307840000 -2.79955e+10 3.89731e+09 1.66809e+09
14357606400 -2.80429e+10 3.90391e+09 1.67091e+09
14407459200 -2.80902e+10 3.91051e+09 1.67373e+09
14457398400 -2.81376e+10 3.91711e+09 1.67656e+09
14507424000 -2.8185e+10 3.92371e+09 1.67938e+09
14557536000 -2.82324e+10 3.93031e+09 1.68221e+09
14607734400 -2.82798e+10 3.93691e+09 1.68503e+09
14658019200 -2.83272e+10 3.94351e+09 1.68785e+09
14708390400 -2.83746e+10 3.95011e+09 1.69068e+09
14758848000 -2.8422e+10 3.95671e+09 1.6935e+09
14809392000 -2.84694e+10 3.96331e+09 1.69632e+09
14860022400 -2.85168e+10 3.96991e+09 1.69915e+09
14910739200 -2.85641e+10 3.9765e+09 1.70197e+09
14961542400 -2.86115e+10 3.9831e+09 1.7048e+09
15012432000 -2.86589e+10 3.9897e+09 1.70762e+09
15063408000 -2.87063e+10 3.9963e+09 1.71044e+09
15114470400 -2.87537e+10 4.0029e+09 1.71327e+09
15165619200 -2.88011e+10 4.0095e+09 1.71609e+09
15216854400 -2.88484e+10 4.0161e+09 1.71891e+09
15268176000 -2.88958e+10 4.0227e+09 1.72174e+09
15319584000 -2.89432e+10 4.0293e+09 1.72456e+09
15371078400 -2.89906e+10 4.0359e+09 1.72738e+09
15422659200 -2.9038e+10 4.0425e+09 1.73021e+09
15474326400 -2.90854e+10 4.04909e+09 1.73303e+09
15526080000 -2.91327e+10 4.05569e+09 1.73585e+09
15577920000 -2.91801e+10 4.06229e+09 1.73868e+09
15629846400 -2.92275e+10 4.06889e+09 1.7415e+09
15681859200 -2.92749e+10 4.07549e+09 1.74432e+09
15733958400 -2.93223e+10 4.08209e+09 1.74715e+09
15786144000 -2.93696e+10 4.08868e+09 1.74997e+09
15838416000 -2.9417e+10 4.09528e+09 1.75279e+09
15890774400 -2.94644e+10 4.10188e+09 1.75562e+09
15943219200 -2.95118e+10 4.10848e+09 1.75844e+09
15995750400 -2.95591e+10 4.11508e+09 1.76126e+09
16048368000 -2.96065e+10 4.12167e+09 1.76409e+09
16101072000 -2.96539e+10 4.12827e+09 1.76691e+09
16153862400 -2.97013e+10 4.13487e+09 1.76973e+09
16206739200 -2.97486e+10 4.14147e+09 1.77255e+09
16259702400 -2.9796e+10 4.14806e+09 1.77538e+09
16312752000 -2.98434e+10 4.15466e+09 1.7782e+09
16365888000 -2.98907e+10 4.16126e+09 1.78102e+09
16419110400 -2.99381e+10 4.16786e+09 1.78385e+09
16472419200 -2.99855e+10 4.17445e+09 1.78667e+09
16525814400 -3.00329e+10 4.18105e+09 1.78949e+09
16579296000 -3.00802e+10 4.18765e+09 1.79231e+09
16632864000 -3.01276e+10 4.19424e+09 1.79514e+09
16686518400 -3.0175e+10 4.20084e+09 1.79796e+09
16740259200 -3.02223e+10 4.20744e+09 1.80078e+09
16794086400 -3.02697e+10 4.21404e+09 1.80361e+09
16848000000 -3.03171e+10 4.22063e+09 1.80643e+09
16902000000 -3.03644e+10 4.22723e+09 1.80925e+09
16956086400 -3.04118e+10 4.23383e+09 1.81207e+09
17010259200 -3.04592e+10 4.24042e+09 1.8149e+09
17064518400 -3.05065e+10 4.24702e+09 1.81772e+09
17118864000 -3.05539e+10 4.25361e+09 1.82054e+09
17173296000 -3.06013e+10 4.26021e+09 1.82336e+09
17227814400 -3.06486e+10 4.26681e+09 1.82618e+09
17282419200 -3.0696e+10 4.2734e+09 1.82901e+09
17337110400 -3.07433e+10 4.28e+09 1.83183e+09
17391888000 -3.07907e+10 4.2866e+09 1.83465e+09
17446752000 -3.08381e+10 4.29319e+09 1.83747e+09
17501702400 -3.08854e+10 4.29979e+09 1.8403e+09
17556739200 -3.09328e+10 4.30638e+09 1.84312e+09
17611862400 -3.09802e+10 4.31298e+09 1.84594e+09
17667072000 -3.10275e+10 4.31957e+09 1.84876e+09
17722368000 -3.10749e+10 4.32617e+09 1.85158e+09
17777750400 -3.11222e+10 4.33277e+09 1.85441e+09
17833219200 -3.11696e+10 4.33936e+09 1.85723e+09
17888774400 -3.12169e+10 4.34596e+09 1.86005e+09
17944416000 -3.12643e+10 4.35255e+09 1.86287e+09
18000144000 -3.13117e+10 4.35915e+09 1.86569e+09
18055958400 -3.1359e+10 4.36574e+09 1.86852e+09
18111859200 -3.14064e+10 4.37234e+09 1.87134e+09
18167846400 -3.14537e+10 4.37893e+09 1.87416e+09
18223920000 -3.15011e+10 4.38553e+09 1.87698e+09
18280080000 -3.15484e+10 4.39212e+09 1.8798e+09
18336326400 -3.15958e+10 4.39872e+09 1.88263e+09
18392659200 -3.16431e+10 4.40531e+09 1.88545e+09
18449078400 -3.16905e+10 4.41191e+09 1.88827e+09
18505584000 -3.17378e+10 4.4185e+09 1.89109e+09
18562176000 -3.17852e+10 4.4251e+09 1.89391e+09
18618854400 -3.18325e+10 4.43169e+09 1.89673e+09
18675619200 -3.18799e+10 4.43828e+09 1.89956e+09
18732470400 -3.19273e+10 4.44488e+09 1.90238e+09
18789408000 -3.19746e+10 4.45147e+09 1.9052e+09
18846432000 -3.2022e+10 4.45807e+09 1.90802e+09
18903542400 -3.20693e+10 4.46466e+09 1.91084e+09
18960739200 -3.21166e+10 4.47126e+09 1.91366e+09
19018022400 -3.2164e+10 4.47785e+09 1.91648e+09
19075392000 -3.22113e+10 4.48444e+09 1.91931e+09
19132848000 -3.22587e+10 4.49104e+09 1.92213e+09
19190390400 -3.2306e+10 4.49763e+09 1.92495e+09
19248019200 -3.23534e+10 4.50423e+09 1.92777e+09
19305734400 -3.24007e+10 4.51082e+09 1.93059e+09
19363536000 -3.24481e+10 4.51741e+09 1.93341e+09
19421424000 -3.24954e+10 4.52401e+09 1.93623e+09
19479398400 -3.25428e+10 4.5306e+09 1.93906e+09
19537459200 -3.25901e+10 4.53719e+09 1.94188e+09
19595606400 -3.26375e+10 4.54379e+09 1.9447e+09
19653840000 -3.26848e+10 4.55038e+09 1.94752e+09
19712160000 -3.27321e+10 4.55697e+09 1.95034e+09
19770566400 -3.27795e+10 4.56357e+09 1.95316e+09
19829059200 -3.28268e+10 4.57016e+09 1.95598e+09
19887638400 -3.28742e+10 4.57675e+09 1.9588e+09
19946304000 -3.29215e+10 4.58335e+09 1.96162e+09
20005056000 -3.29688e+10 4.58994e+09 1.96445e+09
20063894400 -3.30162e+10 4.59653e+09 1.96727e+09
20122819200 -3.30635e+10 4.60313e+09 1.97009e+09
20181830400 -3.31109e+10 4.60972e+09 1.97291e+09
20240928000 -3.31582e+10 4.61631e+09 1.97573e+09
20300112000 -3.32055e+10 4.6229e+09 1.97855e+09
20359382400 -3.32529e+10 4.6295e+09 1.98137e+09
20418739200 -3.33002e+10 4.63609e+09 1.98419e+09
20478182400 -3.33476e+10 4.64268e+09 1.98701e+09
20537712000 -3.33949e+10 4.64928e+09 1.98983e+09
20597328000 -3.34422e+10 4.65587e+09 1.99265e+09
20657030400 -3.34896e+10 4.66246e+09 1.99547e+09
20716819200 -3.35369e+10 4.66905e+09 1.9983e+09
20776694400 -3.35842e+10 4.67564e+09 2.00112e+09
20836656000 -3.36316e+10 4.68224e+09 2.00394e+09
20896704000 -3.36789e+10 4.68883e+09 2.00676e+09
20956838400 -3.37262e+10 4.69542e+09 2.00958e+09
21017059200 -3.37736e+10 4.70201e+09 2.0124e+09
21077366400 -3.38209e+10 4.70861e+09 2.01522e+09
21137760000 -3.38682e+10 4.7152e+09 2.01804e+09
21198240000 -3.39156e+10 4.72179e+09 2.02086e+09
21258806400 -3.39629e+10 4.72838e+09 2.02368e+09
21319459200 -3.40102e+10 4.73497e+09 2.0265e+09
21380198400 -3.40576e+10 4.74156e+09 2.02932e+09
21441024000 -3.41049e+10 4.74816e+09 2.03214e+09
21501936000 -3.41522e+10 4.75475e+09 2.03496e+09
21562934400 -3.41996e+10 4.76134e+09 2.03778e+09
21624019200 -3.42469e+10 4.76793e+09 2.0406e+09
21685190400 -3.42942e+10 4.77452e+09 2.04342e+09
21746448000 -3.43415e+10 4.78111e+09 2.04624e+09
21807792000 -3.43889e+10 4.7877e+09 2.04906e+09
21869222400 -3.44362e+10 4.7943e+09 2.05188e+09
21930739200 -3.44835e+10 4.80089e+09 2.0547e+09
21992342400 -3.45309e+10 4.80748e+09 2.05752e+09
22054032000 -3.45782e+10 4.81407e+09 2.06034e+09
22115808000 -3.46255e+10 4.82066e+09 2.06316e+09
22177670400 -3.46728e+10 4.82725e+09 2.06598e+09
22239619200 -3.47202e+10 4.83384e+09 2.06881e+09
22301654400 -3.47675e+10 4.84043e+09 2.07163e+09
22363776000 -3.48148e+10 4.84702e+09 2.07445e+09
22425984000 -3.48621e+10 4.85361e+09 2.07727e+09
22488278400 -3.49095e+10 4.86021e+09 2.08009e+09
22550659200 -3.49568e+10 4.8668e+09 2.08291e+09
22613126400 -3.50041e+10 4.87339e+09 2.08573e+09
22675680000 -3.50514e+10 4.87998e+09 2.08855e+09
22738320000 -3.50988e+10 4.88657e+09 2.09137e+09
22801046400 -3.51461e+10 4.89316e+09 2.09419e+09
22863859200 -3.51934e+10 4.89975e+09 2.097e+09
22926758400 -3.52407e+10 4.90634e+09 2.09982e+09
22989744000 -3.5288e+10 4.91293e+09 2.10264e+09
23052816000 -3.53354e+10 4.91952e+09 2.10546e+09
23115974400 -3.53827e+10 4.92611e+09 2.10828e+09
23179219200 -3.543e+10 4.9327e+09 2.1111e+09
23242550400 -3.54773e+10 4.93929e+09 2.11392e+09
23305968000 -3.55246e+10 4.94588e+09 2.11674e+09
23369472000 -3.5572e+10 4.95247e+09 2.11956e+09
23433062400 -3.56193e+10 4.95906e+09 2.12238e+09
23496739200 -3.56666e+10 4.96565e+09 2.1252e+09
23560502400 -3.57139e+10 4.97224e+09 2.12802e+09
23624352000 -3.57612e+10 4.97883e+09 2.13084e+09
23688288000 -3.58085e+10 4.98542e+09 2.13366e+09
23752310400 -3.58559e+10 4.99201e+09 2.13648e+09
23816419200 -3.59032e+10 4.9986e+09 2.1393e+09
23880614400 -3.59505e+10 5.00519e+09 2.14212e+09
23944896000 -3.59978e+10 5.01178e+09 2.14494e+09
24009264000 -3.60451e+10 5.01837e+09 2.14776e+09
24073718400 -3.60924e+10 5.02496e+09 2.15058e+09
24138259200 -3.61398e+10 5.03155e+09 2.1534e+09
24202886400 -3.61871e+10 5.03814e+09 2.15622e+09
24267600000 -3.62344e+10 5.04472e+09 2.15904e+09
24332400000 -3.62817e+10 5.05131e+09 2.16186e+09
24397286400 -3.6329e+10 5.0579e+09 2.16468e+09
24462259200 -3.63763e+10 5.06449e+09 2.16749e+09
24527318400 -3.64236e+10 5.07108e+09 2.17031e+09
24592464000 -3.64709e+10 5.07767e+09 2.17313e+09
24657696000 -3.65183e+10 5.08426e+09 2.17595e+09
24723014400 -3.65656e+10 5.09085e+09 2.17877e+09
24788419200 -3.66129e+10 5.09744e+09 2.18159e+09
24853910400 -3.66602e+10 5.10403e+09 2.18441e+09
24919488000 -3.67075e+10 5.11061e+09 2.18723e+09
24985152000 -3.67548e+10 5.1172e+09 2.19005e+09
25050902400 -3.68021e+10 5.12379e+09 2.19287e+09
25116739200 -3.68494e+10 5.13038e+09 2.19569e+09
25182662400 -3.68967e+10 5.13697e+09 2.19851e+09
25248672000 -3.6944e+10 5.14356e+09 2.20133e+09
25314768000 -3.69914e+10 5.15015e+09 2.20414e+09
25380950400 -3.70387e+10 5.15673e+09 2.20696e+09
25447219200 -3.7086e+10 5.16332e+09 2.20978e+09
25513574400 -3.71333e+10 5.16991e+09 2.2126e+09
25580016000 -3.71806e+10 5.1765e+09 2.21542e+09
25646544000 -3.72279e+10 5.18309e+09 2.21824e+09
25713158400 -3.72752e+10 5.18968e+09 2.22106e+09
25779859200 -3.73225e+10 5.19626e+09 2.22388e+09
25846646400 -3.73698e+10 5.20285e+09 2.2267e+09
25913520000 -3.74171e+10 5.20944e+09 2.22952e+09
25980480000 -3.74644e+10 5.21603e+09 2.23233e+09
26047526400 -3.75117e+10 5.22262e+09 2.23515e+09
26114659200 -3.7559e+10 5.2292e+09 2.23797e+09
26181878400 -3.76063e+10 5.23579e+09 2.24079e+09
26249184000 -3.76536e+10 5.24238e+09 2.24361e+09
26316576000 -3.77009e+10 5.24897e+09 2.24643e+09
26384054400 -3.77482e+10 5.25556e+09 2.24925e+09
26451619200 -3.77955e+10 5.26214e+09 2.25207e+09
26519270400 -3.78428e+10 5.26873e+09 2.25488e+09
26587008000 -3.78901e+10 5.27532e+09 2.2577e+09
26654832000 -3.79374e+10 5.28191e+09 2.26052e+09
26722742400 -3.79847e+10 5.28849e+09 2.26334e+09
26790739200 -3.8032e+10 5.29508e+09 2.26616e+09
26858822400 -3.80793e+10 5.30167e+09 2.26898e+09
26926992000 -3.81266e+10 5.30826e+09 2.2718e+09
26995248000 -3.81739e+10 5.31484e+09 2.27461e+09
27063590400 -3.82212e+10 5.32143e+09 2.27743e+09
27132019200 -3.82685e+10 5.32802e+09 2.28025e+09
27200534400 -3.83158e+10 5.3346e+09 2.28307e+09
27269136000 -3.83631e+10 5.34119e+09 2.28589e+09
27337824000 -3.84104e+10 5.34778e+09 2.28871e+09
27406598400 -3.84577e+10 5.35437e+09 2.29153e+09
27475459200 -3.8505e+10 5.36095e+09 2.29434e+09
27544406400 -3.85523e+10 5.36754e+09 2.29716e+09
27613440000 -3.85996e+10 5.37413e+09 2.29998e+09
27682560000 -3.86469e+10 5.38071e+09 2.3028e+09
27751766400 -3.86942e+10 5.3873e+09 2.30562e+09
27821059200 -3.87415e+10 5.39389e+09 2.30844e+09
27890438400 -3.87888e+10 5.40047e+09 2.31125e+09
27959904000 -3.88361e+10 5.40706e+09 2.31407e+09
28029456000 -3.88834e+10 5.41365e+09 2.31689e+09
28099094400 -3.89307e+10 5.42023e+09 2.31971e+09
28168819200 -3.8978e+10 5.42682e+09 2.32253e+09
28238630400 -3.90253e+10 5.43341e+09 2.32535e+09
28308528000 -3.90726e+10 5.43999e+09 2.32816e+09
28378512000 -3.91199e+10 5.44658e+09 2.33098e+09
28448582400 -3.91672e+10 5.45317e+09 2.3338e+09
28518739200 -3.92145e+10 5.45975e+09 2.33662e+09
28588982400 -3.92618e+10 5.46634e+09 2.33944e+09
28659312000 -3.9309e+10 5.47293e+09 2.34226e+09
28729728000 -3.93563e+10 5.47951e+09 2.34507e+09
28800230400 -3.94036e+10 5.4861e+09 2.34789e+09
28870819200 -3.94509e+10 5.49268e+09 2.35071e+09
28941494400 -3.94982e+10 5.49927e+09 2.35353e+09
29012256000 -3.95455e+10 5.50586e+09 2.35635e+09
29083104000 -3.95928e+10 5.51244e+09 2.35916e+09
29154038400 -3.96401e+10 5.51903e+09 2.36198e+09
29225059200 -3.96874e+10 5.52561e+09 2.3648e+09
29296166400 -3.97347e+10 5.5322e+09 2.36762e+09
29367360000 -3.9782e+10 5.53879e+09 2.37044e+09
29438640000 -3.98292e+10 5.54537e+09 2.37325e+09
29510006400 -3.98765e+10 5.55196e+09 2.37607e+09
29581459200 -3.99238e+10 5.55854e+09 2.37889e+09
29652998400 -3.99711e+10 5.56513e+09 2.38171e+09
29724624000 -4.00184e+10 5.57171e+09 2.38453e+09
29796336000 -4.00657e+10 5.5783e+09 2.38734e+09
29868134400 -4.0113e+10 5.58489e+09 2.39016e+09
29940019200 -4.01603e+10 5.59147e+09 2.39298e+09
30011990400 -4.02075e+10 5.59806e+09 2.3958e+09
30084048000 -4.02548e+10 5.60464e+09 2.39861e+09
30156192000 -4.03021e+10 5.61123e+09 2.40143e+09
30228422400 -4.03494e+10 5.61781e+09 2.40425e+09
30300739200 -4.03967e+10 5.6244e+09 2.40707e+09
30373142400 -4.0444e+10 5.63098e+09 2.40989e+09
30445632000 -4.04913e+10 5.63757e+09 2.4127e+09
30518208000 -4.05385e+10 5.64415e+09 2.41552e+09
30590870400 -4.05858e+10 5.65074e+09 2.41834e+09
30663619200 -4.06331e+10 5.65732e+09 2.42116e+09
30736454400 -4.06804e+10 5.66391e+09 2.42397e+09
30809376000 -4.07277e+10 5.6705e+09 2.42679e+09
30882384000 -4.0775e+10 5.67708e+09 2.42961e+09
30955478400 -4.08222e+10 5.68367e+09 2.43243e+09
31028659200 -4.08695e+10 5.69025e+09 2.43524e+09
31101926400 -4.09168e+10 5.69683e+09 2.43806e+09
31175280000 -4.09641e+10 5.70342e+09 2.44088e+09
31248720000 -4.10114e+10 5.71e+09 2.4437e+09
31322246400 -4.10587e+10 5.71659e+09 2.44651e+09
31395859200 -4.11059e+10 5.72317e+09 2.44933e+09
31469558400 -4.11532e+10 5.72976e+09 2.45215e+09
31543344000 -4.12005e+10 5.73634e+09 2.45497e+09
31617216000 -4.12478e+10 5.74293e+09 2.45778e+09
31691174400 -4.12951e+10 5.74951e+09 2.4606e+09
31765219200 -4.13423e+10 5.7561e+09 2.46342e+09
31839350400 -4.13896e+10 5.76268e+09 2.46624e+09
31913568000 -4.14369e+10 5.76927e+09 2.46905e+09
31987872000 -4.14842e+10 5.77585e+09 2.47187e+09
32062262400 -4.15315e+10 5.78244e+09 2.47469e+09
32136739200 -4.15787e+10 5.78902e+09 2.47751e+09
32211302400 -4.1626e+10 5.7956e+09 2.48032e+09
32285952000 -4.16733e+10 5.80219e+09 2.48314e+09
32360688000 -4.17206e+10 5.80877e+09 2.48596e+09
32435510400 -4.17679e+10 5.81536e+09 2.48878e+09
32510419200 -4.18151e+10 5.82194e+09 2.49159e+09
32585414400 -4.18624e+10 5.82852e+09 2.49441e+09
32660496000 -4.19097e+10 5.83511e+09 2.49723e+09
32735664000 -4.1957e+10 5.84169e+09 2.50004e+09
32810918400 -4.20042e+10 5.84828e+09 2.50286e+09
32886259200 -4.20515e+10 5.85486e+09 2.50568e+09
32961686400 -4.20988e+10 5.86145e+09 2.5085e+09
33037200000 -4.21461e+10 5.86803e+09 2.51131e+09
33112800000 -4.21933e+10 5.87461e+09 2.51413e+09
33188486400 -4.22406e+10 5.8812e+09 2.51695e+09
33264259200 -4.22879e+10 5.88778e+09 2.51976e+09
33340118400 -4.23352e+10 5.89436e+09 2.52258e+09
33416064000 -4.23824e+10 5.90095e+09 2.5254e+09
33492096000 -4.24297e+10 5.90753e+09 2.52822e+09
33568214400 -4.2477e+10 5.91412e+09 2.53103e+09
33644419200 -4.25243e+10 5.9207e+09 2.53385e+09
33720710400 -4.25715e+10 5.92728e+09 2.53667e+09
33797088000 -4.26188e+10 5.93387e+09 2.53948e+09
33873552000 -4.26661e+10 5.94045e+09 2.5423e+09
33950102400 -4.27133e+10 5.94703e+09 2.54512e+09
34026739200 -4.27606e+10 5.95362e+09 2.54793e+09
34103462400 -4.28079e+10 5.9602e+09 2.55075e+09
34180272000 -4.28552e+10 5.96678e+09 2.55357e+09
34257168000 -4.29024e+10 5.97337e+09 2.55638e+09
34334150400 -4.29497e+10 5.97995e+09 2.5592e+09
34411219200 -4.2997e+10 5.98653e+09 2.56202e+09
34488374400 -4.30442e+10 5.99312e+09 2.56484e+09
34565616000 -4.30915e+10 5.9997e+09 2.56765e+09
34642944000 -4.31388e+10 6.00628e+09 2.57047e+09
34720358400 -4.31861e+10 6.01287e+09 2.57329e+09
34797859200 -4.32333e+10 6.01945e+09 2.5761e+09
34875446400 -4.32806e+10 6.02603e+09 2.57892e+09
34953120000 -4.33279e+10 6.03262e+09 2.58174e+09
35030880000 -4.33751e+10 6.0392e+09 2.58455e+09
35108726400 -4.34224e+10 6.04578e+09 2.58737e+09
35186659200 -4.34697e+10 6.05236e+09 2.59019e+09
35264678400 -4.35169e+10 6.05895e+09 2.593e+09
35342784000 -4.35642e+10 6.06553e+09 2.59582e+09
35420976000 -4.36115e+10 6.07211e+09 2.59864e+09
35499254400 -4.36587e+10 6.0787e+09 2.60145e+09
35577619200 -4.3706e+10 6.08528e+09 2.60427e+09
35656070400 -4.37533e+10 6.09186e+09 2.60709e+09
35734608000 -4.38005e+10 6.09844e+09 2.6099e+09
35813232000 -4.38478e+10 6.10503e+09 2.61272e+09
35891942400 -4.38951e+10 6.11161e+09 2.61554e+09
35970739200 -4.39423e+10 6.11819e+09 2.61835e+09
36049622400 -4.39896e+10 6.12477e+09 2.62117e+09
36128592000 -4.40369e+10 6.13136e+09 2.62399e+09
36207648000 -4.40841e+10 6.13794e+09 2.6268e+09
36286790400 -4.41314e+10 6.14452e+09 2.62962e+09
36366019200 -4.41787e+10 6.1511e+09 2.63244e+09
36445334400 -4.42259e+10 6.15769e+09 2.63525e+09
36524736000 -4.42732e+10 6.16427e+09 2.63807e+09
36604224000 -4.43205e+10 6.17085e+09 2.64088e+09
36683798400 -4.43677e+10 6.17743e+09 2.6437e+09
36763459200 -4.4415e+10 6.18402e+09 2.64652e+09
36843206400 -4.44622e+10 6.1906e+09 2.64933e+09
36923040000 -4.45095e+10 6.19718e+09 2.65215e+09
37002960000 -4.45568e+10 6.20376e+09 2.65497e+09
37082966400 -4.4604e+10 6.21034e+09 2.65778e+09
37163059200 -4.46513e+10 6.21693e+09 2.6606e+09
37243238400 -4.46986e+10 6.22351e+09 2.66342e+09
37323504000 -4.47458e+10 6.23009e+09 2.66623e+09
37403856000 -4.47931e+10 6.23667e+09 2.66905e+09
37484294400 -4.48403e+10 6.24325e+09 2.67186e+09
37564819200 -4.48876e+10 6.24984e+09 2.67468e+09
37645430400 -4.49349e+10 6.25642e+09 2.6775e+09
37726128000 -4.49821e+10 6.263e+09 2.68031e+09
37806912000 -4.50294e+10 6.26958e+09 2.68313e+09
37887782400 -4.50766e+10 6.27616e+09 2.68595e+09
37968739200 -4.51239e+10 6.28275e+09 2.68876e+09
38049782400 -4.51712e+10 6.28933e+09 2.69158e+09
38130912000 -4.52184e+10 6.29591e+09 2.69439e+09
38212128000 -4.52657e+10 6.30249e+09 2.69721e+09
38293430400 -4.53129e+10 6.30907e+09 2.70003e+09
38374819200 -4.53602e+10 6.31565e+09 2.70284e+09
38456294400 -4.54075e+10 6.32224e+09 2.70566e+09
38537856000 -4.54547e+10 6.32882e+09 2.70848e+09
38619504000 -4.5502e+10 6.3354e+09 2.71129e+09
38701238400 -4.55492e+10 6.34198e+09 2.71411e+09
38783059200 -4.55965e+10 6.34856e+09 2.71692e+09
38864966400 -4.56438e+10 6.35514e+09 2.71974e+09
38946960000 -4.5691e+10 6.36172e+09 2.72256e+09
39029040000 -4.57383e+10 6.36831e+09 2.72537e+09
39111206400 -4.57855e+10 6.37489e+09 2.72819e+09
39193459200 -4.58328e+10 6.38147e+09 2.731e+09
39275798400 -4.588e+10 6.38805e+09 2.73382e+09
39358224000 -4.59273e+10 6.39463e+09 2.73664e+09
39440736000 -4.59745e+10 6.40121e+09 2.73945e+09
39523334400 -4.60218e+10 6.40779e+09 2.74227e+09
39606019200 -4.60691e+10 6.41437e+09 2.74508e+09
39688790400 -4.61163e+10 6.42095e+09 2.7479e+09
39771648000 -4.61636e+10 6.42754e+09 2.75072e+09
39854592000 -4.62108e+10 6.43412e+09 2.75353e+09
39937622400 -4.62581e+10 6.4407e+09 2.75635e+09
40020739200 -4.63053e+10 6.44728e+09 2.75916e+09
40103942400 -4.63526e+10 6.45386e+09 2.76198e+09
40187232000 -4.63998e+10 6.46044e+09 2.7648e+09
40270608000 -4.64471e+10 6.46702e+09 2.76761e+09
40354070400 -4.64943e+10 6.4736e+09 2.77043e+09
40437619200 -4.65416e+10 6.48018e+09 2.77324e+09
40521254400 -4.65889e+10 6.48676e+09 2.77606e+09
40604976000 -4.66361e+10 6.49334e+09 2.77887e+09
40688784000 -4.66834e+10 6.49993e+09 2.78169e+09
40772678400 -4.67306e+10 6.50651e+09 2.78451e+09
40856659200 -4.67779e+10 6.51309e+09 2.78732e+09
40940726400 -4.68251e+10 6.51967e+09 2.79014e+09
41024880000 -4.68724e+10 6.52625e+09 2.79295e+09
41109120000 -4.69196e+10 6.53283e+09 2.79577e+09
41193446400 -4.69669e+10 6.53941e+09 2.79858e+09
41277859200 -4.70141e+10 6.54599e+09 2.8014e+09
41362358400 -4.70614e+10 6.55257e+09 2.80422e+09
41446944000 -4.71086e+10 6.55915e+09 2.80703e+09
41531616000 -4.71559e+10 6.56573e+09 2.80985e+09
41616374400 -4.72031e+10 6.57231e+09 2.81266e+09
41701219200 -4.72504e+10 6.57889e+09 2.81548e+09
41786150400 -4.72976e+10 6.58547e+09 2.81829e+09
41871168000 -4.73449e+10 6.59205e+09 2.82111e+09
41956272000 -4.73921e+10 6.59863e+09 2.82393e+09
42041462400 -4.74394e+10 6.60521e+09 2.82674e+09
42126739200 -4.74866e+10 6.61179e+09 2.82956e+09
42212102400 -4.75339e+10 6.61837e+09 2.83237e+09
42297552000 -4.75811e+10 6.62495e+09 2.83519e+09
42383088000 -4.76284e+10 6.63153e+09 2.838e+09
42468710400 -4.76756e+10 6.63811e+09 2.84082e+09
42554419200 -4.77229e+10 6.64469e+09 2.84363e+09
42640214400 -4.77701e+10 6.65127e+09 2.84645e+09
42726096000 -4.78174e+10 6.65785e+09 2.84927e+09
42812064000 -4.78646e+10 6.66443e+09 2.85208e+09
42898118400 -4.79119e+10 6.67101e+09 2.8549e+09
42984259200 -4.79591e+10 6.67759e+09 2.85771e+09
43070486400 -4.80063e+10 6.68417e+09 2.86053e+09
43156800000 -4.80536e+10 6.69075e+09 2.86334e+09
