0 -1.24699e+06 580187 24404.2
86400 -1.24532e+06 578150 24363.7
259200 -1.24272e+06 576108 24327.7
518400 -1.23958e+06 573173 24252.6
864000 -1.23566e+06 569905 24172.7
1296000 -1.23104e+06 566117 24077.7
1814400 -1.2255e+06 561927 23964.7
2419200 -1.21909e+06 557287 23834.2
3110400 -1.2118e+06 552187 23685.7
3888000 -1.20359e+06 546618 23518.8
4752000 -1.19445e+06 540569 23332.8
5702400 -1.18434e+06 534027 23127.2
6739200 -1.17322e+06 526977 22901
7862400 -1.16105e+06 519401 22653.6
9072000 -1.14779e+06 511279 22383.8
10368000 -1.13338e+06 502588 22090.5
11750400 -1.11775e+06 493298 21772.4
13219200 -1.10082e+06 483378 21427.9
14774400 -1.08251e+06 472788 21055
16416000 -1.0627e+06 461481 20651.4
18144000 -1.04125e+06 449399 20214.4
19958400 -1.018e+06 436473 19740.3
21859200 -992725 422611 19224.9
23846400 -965149 407699 18662.1
25920000 -934892 391582 18044.3
28080000 -901417 374043 17360.3
30326400 -863922 354764 16593.4
32659200 -821097 333236 15716.5
35078400 -770506 308537 14678.9
37584000 -706480 278605 13362.3
40176000 -607595 236214 11317.4
42854400 414401 28360.5 -10693.2
45619200 962976 -92618.3 -22472.9
48470400 1.51168e+06 -213665 -34255.3
51408000 2.06042e+06 -334763 -46038.6
54432000 2.6092e+06 -455913 -57822.6
57542400 3.15802e+06 -577116 -69607.4
60739200 3.70688e+06 -698374 -81393.1
64022400 4.25579e+06 -819687 -93179.8
67392000 4.80474e+06 -941057 -104967
70848000 5.35375e+06 -1.06249e+06 -116756
74390400 5.90281e+06 -1.18398e+06 -128546
78019200 6.45193e+06 -1.30553e+06 -140338
81734400 7.00111e+06 -1.42714e+06 -152130
85536000 7.55035e+06 -1.54882e+06 -163924
89424000 8.09966e+06 -1.67057e+06 -175719
93398400 8.64903e+06 -1.79238e+06 -187516
97459200 9.19847e+06 -1.91426e+06 -199314
101606400 9.74798e+06 -2.03621e+06 -211113
105840000 1.02976e+07 -2.15824e+06 -222914
110160000 1.08472e+07 -2.28034e+06 -234717
114566400 1.1397e+07 -2.40251e+06 -246522
119059200 1.19468e+07 -2.52477e+06 -258328
123638400 1.24967e+07 -2.6471e+06 -270136
128304000 1.30466e+07 -2.76952e+06 -281945
133056000 1.35967e+07 -2.89202e+06 -293757
137894400 1.41468e+07 -3.01462e+06 -305570
142819200 1.46971e+07 -3.1373e+06 -317386
147830400 1.52474e+07 -3.26008e+06 -329204
152928000 1.57979e+07 -3.38295e+06 -341024
158112000 1.63484e+07 -3.50593e+06 -352846
163382400 1.68991e+07 -3.62901e+06 -364670
168739200 1.74498e+07 -3.7522e+06 -376497
174182400 1.80007e+07 -3.87551e+06 -388327
179712000 1.85517e+07 -3.99893e+06 -400159
185328000 1.91028e+07 -4.12249e+06 -411995
191030400 1.96541e+07 -4.24617e+06 -423833
196819200 2.02055e+07 -4.36999e+06 -435674
202694400 2.07571e+07 -4.49396e+06 -447519
208656000 2.13088e+07 -4.61809e+06 -459368
214704000 2.18607e+07 -4.74238e+06 -471220
220838400 2.24127e+07 -4.86685e+06 -483077
227059200 2.2965e+07 -4.99152e+06 -494938
233366400 2.35175e+07 -5.11638e+06 -506804
239760000 2.40702e+07 -5.24148e+06 -518675
246240000 2.46232e+07 -5.36682e+06 -530553
252806400 2.51764e+07 -5.49243e+06 -542436
259459200 2.573e+07 -5.61834e+06 -554328
266198400 2.62839e+07 -5.74459e+06 -566227
273024000 2.68382e+07 -5.87124e+06 -578136
279936000 2.7393e+07 -5.99835e+06 -590057
286934400 2.79484e+07 -6.126e+06 -601992
294019200 2.85045e+07 -6.25433e+06 -613944
301190400 2.90616e+07 -6.38354e+06 -625920
308448000 2.96199e+07 -6.51396e+06 -637928
315792000 3.01804e+07 -6.64625e+06 -649989
323222400 3.07449e+07 -6.78215e+06 -662157
330739200 3.13252e+07 -6.93097e+06 -674761
338342400 3.18122e+07 -6.98277e+06 -685334
346032000 3.23439e+07 -7.08218e+06 -696845
353808000 3.28757e+07 -7.18182e+06 -708359
361670400 3.34077e+07 -7.28171e+06 -719876
369619200 3.39399e+07 -7.38183e+06 -731396
377654400 3.44723e+07 -7.48214e+06 -742919
385776000 3.50048e+07 -7.58261e+06 -754443
393984000 3.55374e+07 -7.68322e+06 -765970
402278400 3.60701e+07 -7.78394e+06 -777499
410659200 3.66029e+07 -7.88475e+06 -789029
419126400 3.71358e+07 -7.98565e+06 -800560
427680000 3.76687e+07 -8.08663e+06 -812092
436320000 3.82017e+07 -8.18767e+06 -823625
445046400 3.87348e+07 -8.28877e+06 -835159
453859200 3.92679e+07 -8.38992e+06 -846693
462758400 3.9801e+07 -8.49111e+06 -858228
471744000 4.03342e+07 -8.59235e+06 -869764
480816000 4.08674e+07 -8.69362e+06 -881301
489974400 4.14006e+07 -8.79493e+06 -892838
499219200 4.19339e+07 -8.89627e+06 -904375
508550400 4.24672e+07 -8.99764e+06 -915913
517968000 4.30005e+07 -9.09903e+06 -927451
527472000 4.35339e+07 -9.20045e+06 -938990
537062400 4.40673e+07 -9.30189e+06 -950529
546739200 4.46007e+07 -9.40335e+06 -962068
556502400 4.51341e+07 -9.50483e+06 -973608
566352000 4.56675e+07 -9.60632e+06 -985147
576288000 4.6201e+07 -9.70784e+06 -996688
586310400 4.67344e+07 -9.80936e+06 -1.00823e+06
596419200 4.72679e+07 -9.9109e+06 -1.01977e+06
606614400 4.78014e+07 -1.00125e+07 -1.03131e+06
616896000 4.83349e+07 -1.0114e+07 -1.04285e+06
627264000 4.88685e+07 -1.02156e+07 -1.05439e+06
637718400 4.9402e+07 -1.03172e+07 -1.06593e+06
648259200 4.99356e+07 -1.04188e+07 -1.07748e+06
658886400 5.04691e+07 -1.05204e+07 -1.08902e+06
669600000 5.10027e+07 -1.0622e+07 -1.10056e+06
680400000 5.15363e+07 -1.07236e+07 -1.1121e+06
691286400 5.20699e+07 -1.08253e+07 -1.12364e+06
702259200 5.26036e+07 -1.09269e+07 -1.13519e+06
713318400 5.31372e+07 -1.10286e+07 -1.14673e+06
724464000 5.36708e+07 -1.11302e+07 -1.15827e+06
735696000 5.42045e+07 -1.12319e+07 -1.16982e+06
747014400 5.47382e+07 -1.13335e+07 -1.18136e+06
758419200 5.52718e+07 -1.14352e+07 -1.1929e+06
769910400 5.58055e+07 -1.15369e+07 -1.20445e+06
781488000 5.63392e+07 -1.16386e+07 -1.21599e+06
793152000 5.68729e+07 -1.17403e+07 -1.22754e+06
804902400 5.74066e+07 -1.18419e+07 -1.23908e+06
816739200 5.79404e+07 -1.19436e+07 -1.25062e+06
828662400 5.84741e+07 -1.20453e+07 -1.26217e+06
840672000 5.90078e+07 -1.2147e+07 -1.27371e+06
852768000 5.95416e+07 -1.22487e+07 -1.28526e+06
864950400 6.00753e+07 -1.23504e+07 -1.2968e+06
877219200 6.06091e+07 -1.24522e+07 -1.30835e+06
889574400 6.11429e+07 -1.25539e+07 -1.31989e+06
902016000 6.16767e+07 -1.26556e+07 -1.33144e+06
914544000 6.22105e+07 -1.27573e+07 -1.34298e+06
927158400 6.27443e+07 -1.2859e+07 -1.35453e+06
939859200 6.32781e+07 -1.29607e+07 -1.36607e+06
952646400 6.38119e+07 -1.30624e+07 -1.37762e+06
965520000 6.43457e+07 -1.31642e+07 -1.38916e+06
978480000 6.48796e+07 -1.32659e+07 -1.40071e+06
991526400 6.54134e+07 -1.33676e+07 -1.41225e+06
1004659200 6.59472e+07 -1.34693e+07 -1.4238e+06
1017878400 6.64811e+07 -1.35711e+07 -1.43535e+06
1031184000 6.7015e+07 -1.36728e+07 -1.44689e+06
1044576000 6.75488e+07 -1.37745e+07 -1.45844e+06
1058054400 6.80827e+07 -1.38762e+07 -1.46999e+06
1071619200 6.86166e+07 -1.3978e+07 -1.48153e+06
1085270400 6.91505e+07 -1.40797e+07 -1.49308e+06
1099008000 6.96844e+07 -1.41814e+07 -1.50463e+06
1112832000 7.02183e+07 -1.42831e+07 -1.51617e+06
1126742400 7.07522e+07 -1.43849e+07 -1.52772e+06
1140739200 7.12861e+07 -1.44866e+07 -1.53927e+06
1154822400 7.18201e+07 -1.45883e+07 -1.55081e+06
1168992000 7.2354e+07 -1.469e+07 -1.56236e+06
1183248000 7.2888e+07 -1.47918e+07 -1.57391e+06
1197590400 7.34219e+07 -1.48935e+07 -1.58545e+06
1212019200 7.39559e+07 -1.49952e+07 -1.597e+06
1226534400 7.44898e+07 -1.50969e+07 -1.60855e+06
1241136000 7.50238e+07 -1.51987e+07 -1.6201e+06
1255824000 7.55578e+07 -1.53004e+07 -1.63164e+06
1270598400 7.60918e+07 -1.54021e+07 -1.64319e+06
1285459200 7.66258e+07 -1.55038e+07 -1.65474e+06
1300406400 7.71598e+07 -1.56055e+07 -1.66629e+06
1315440000 7.76938e+07 -1.57072e+07 -1.67784e+06
1330560000 7.82278e+07 -1.58089e+07 -1.68938e+06
1345766400 7.87618e+07 -1.59106e+07 -1.70093e+06
1361059200 7.92959e+07 -1.60123e+07 -1.71248e+06
1376438400 7.98299e+07 -1.6114e+07 -1.72403e+06
1391904000 8.0364e+07 -1.62157e+07 -1.73558e+06
1407456000 8.0898e+07 -1.63174e+07 -1.74713e+06
1423094400 8.14321e+07 -1.64191e+07 -1.75868e+06
1438819200 8.19662e+07 -1.65208e+07 -1.77022e+06
1454630400 8.25002e+07 -1.66225e+07 -1.78177e+06
1470528000 8.30343e+07 -1.67242e+07 -1.79332e+06
1486512000 8.35684e+07 -1.68259e+07 -1.80487e+06
1502582400 8.41025e+07 -1.69276e+07 -1.81642e+06
1518739200 8.46366e+07 -1.70292e+07 -1.82797e+06
1534982400 8.51708e+07 -1.71309e+07 -1.83952e+06
1551312000 8.57049e+07 -1.72326e+07 -1.85107e+06
1567728000 8.6239e+07 -1.73342e+07 -1.86262e+06
1584230400 8.67732e+07 -1.74359e+07 -1.87417e+06
1600819200 8.73073e+07 -1.75376e+07 -1.88572e+06
1617494400 8.78415e+07 -1.76392e+07 -1.89727e+06
1634256000 8.83756e+07 -1.77409e+07 -1.90882e+06
1651104000 8.89098e+07 -1.78425e+07 -1.92037e+06
1668038400 8.9444e+07 -1.79441e+07 -1.93192e+06
1685059200 8.99782e+07 -1.80458e+07 -1.94347e+06
1702166400 9.05124e+07 -1.81474e+07 -1.95502e+06
1719360000 9.10466e+07 -1.8249e+07 -1.96657e+06
1736640000 9.15808e+07 -1.83506e+07 -1.97812e+06
1754006400 9.21151e+07 -1.84523e+07 -1.98967e+06
1771459200 9.26493e+07 -1.85539e+07 -2.00122e+06
1788998400 9.31836e+07 -1.86555e+07 -2.01277e+06
1806624000 9.37178e+07 -1.8757e+07 -2.02432e+06
1824336000 9.42521e+07 -1.88586e+07 -2.03587e+06
1842134400 9.47864e+07 -1.89602e+07 -2.04743e+06
1860019200 9.53207e+07 -1.90618e+07 -2.05898e+06
1877990400 9.5855e+07 -1.91633e+07 -2.07053e+06
1896048000 9.63893e+07 -1.92649e+07 -2.08208e+06
1914192000 9.69236e+07 -1.93664e+07 -2.09363e+06
1932422400 9.74579e+07 -1.9468e+07 -2.10518e+06
1950739200 9.79923e+07 -1.95695e+07 -2.11674e+06
1969142400 9.85266e+07 -1.9671e+07 -2.12829e+06
1987632000 9.9061e+07 -1.97725e+07 -2.13984e+06
2006208000 9.95954e+07 -1.9874e+07 -2.15139e+06
2024870400 1.0013e+08 -1.99755e+07 -2.16294e+06
2043619200 1.00664e+08 -2.0077e+07 -2.1745e+06
2062454400 1.01199e+08 -2.01785e+07 -2.18605e+06
2081376000 1.01733e+08 -2.02799e+07 -2.1976e+06
2100384000 1.02267e+08 -2.03814e+07 -2.20916e+06
2119478400 1.02802e+08 -2.04828e+07 -2.22071e+06
2138659200 1.03336e+08 -2.05842e+07 -2.23226e+06
2157926400 1.03871e+08 -2.06856e+07 -2.24382e+06
2177280000 1.04405e+08 -2.0787e+07 -2.25537e+06
2196720000 1.0494e+08 -2.08883e+07 -2.26692e+06
2216246400 1.05475e+08 -2.09897e+07 -2.27848e+06
2235859200 1.06009e+08 -2.1091e+07 -2.29003e+06
2255558400 1.06544e+08 -2.11923e+07 -2.30159e+06
2275344000 1.07078e+08 -2.12936e+07 -2.31314e+06
2295216000 1.07613e+08 -2.13949e+07 -2.32469e+06
2315174400 1.08148e+08 -2.14961e+07 -2.33625e+06
2335219200 1.08682e+08 -2.15973e+07 -2.3478e+06
2355350400 1.09217e+08 -2.16984e+07 -2.35936e+06
2375568000 1.09752e+08 -2.17996e+07 -2.37091e+06
2395872000 1.10286e+08 -2.19007e+07 -2.38247e+06
2416262400 1.10821e+08 -2.20017e+07 -2.39403e+06
2436739200 1.11356e+08 -2.21027e+07 -2.40558e+06
2457302400 1.11891e+08 -2.22036e+07 -2.41714e+06
2477952000 1.12426e+08 -2.23045e+07 -2.4287e+06
2498688000 1.12961e+08 -2.24053e+07 -2.44025e+06
2519510400 1.13496e+08 -2.25059e+07 -2.45181e+06
2540419200 1.14031e+08 -2.26065e+07 -2.46337e+06
2561414400 1.14567e+08 -2.27068e+07 -2.47493e+06
2582496000 1.15102e+08 -2.28069e+07 -2.48649e+06
2603664000 1.15638e+08 -2.29065e+07 -2.49805e+06
2624918400 1.16174e+08 -2.30051e+07 -2.50961e+06
2646259200 1.16711e+08 -2.30951e+07 -2.52113e+06
2667686400 1.17247e+08 -2.31906e+07 -2.53267e+06
2689200000 1.17784e+08 -2.3286e+07 -2.54421e+06
2710800000 1.1832e+08 -2.33813e+07 -2.55576e+06
2732486400 1.18857e+08 -2.34767e+07 -2.5673e+06
2754259200 1.19393e+08 -2.35721e+07 -2.57884e+06
2776118400 1.19929e+08 -2.36675e+07 -2.59038e+06
2798064000 1.20466e+08 -2.37628e+07 -2.60193e+06
2820096000 1.21002e+08 -2.38583e+07 -2.61347e+06
2842214400 1.21539e+08 -2.39537e+07 -2.62501e+06
2864419200 1.22075e+08 -2.40491e+07 -2.63655e+06
2886710400 1.22611e+08 -2.41445e+07 -2.6481e+06
2909088000 1.23148e+08 -2.42399e+07 -2.65964e+06
2931552000 1.23684e+08 -2.43354e+07 -2.67118e+06
2954102400 1.2422e+08 -2.44308e+07 -2.68273e+06
2976739200 1.24757e+08 -2.45262e+07 -2.69427e+06
2999462400 1.25293e+08 -2.46217e+07 -2.70581e+06
3022272000 1.2583e+08 -2.47171e+07 -2.71735e+06
3045168000 1.26366e+08 -2.48125e+07 -2.7289e+06
3068150400 1.26902e+08 -2.4908e+07 -2.74044e+06
3091219200 1.27439e+08 -2.50034e+07 -2.75198e+06
3114374400 1.27975e+08 -2.50989e+07 -2.76353e+06
3137616000 1.28512e+08 -2.51944e+07 -2.77507e+06
3160944000 1.29048e+08 -2.52898e+07 -2.78661e+06
3184358400 1.29584e+08 -2.53853e+07 -2.79816e+06
3207859200 1.30121e+08 -2.54807e+07 -2.8097e+06
3231446400 1.30657e+08 -2.55762e+07 -2.82125e+06
3255120000 1.31194e+08 -2.56717e+07 -2.83279e+06
3278880000 1.3173e+08 -2.57671e+07 -2.84433e+06
3302726400 1.32266e+08 -2.58626e+07 -2.85588e+06
3326659200 1.32803e+08 -2.59581e+07 -2.86742e+06
3350678400 1.33339e+08 -2.60535e+07 -2.87896e+06
3374784000 1.33876e+08 -2.6149e+07 -2.89051e+06
3398976000 1.34412e+08 -2.62445e+07 -2.90205e+06
3423254400 1.34949e+08 -2.63399e+07 -2.9136e+06
3447619200 1.35485e+08 -2.64354e+07 -2.92514e+06
3472070400 1.36021e+08 -2.65309e+07 -2.93668e+06
3496608000 1.36558e+08 -2.66264e+07 -2.94823e+06
3521232000 1.37094e+08 -2.67219e+07 -2.95977e+06
3545942400 1.37631e+08 -2.68173e+07 -2.97132e+06
3570739200 1.38167e+08 -2.69128e+07 -2.98286e+06
3595622400 1.38704e+08 -2.70083e+07 -2.99441e+06
3620592000 1.3924e+08 -2.71038e+07 -3.00595e+06
3645648000 1.39777e+08 -2.71993e+07 -3.01749e+06
3670790400 1.40313e+08 -2.72948e+07 -3.02904e+06
3696019200 1.4085e+08 -2.73902e+07 -3.04058e+06
3721334400 1.41386e+08 -2.74857e+07 -3.05213e+06
3746736000 1.41922e+08 -2.75812e+07 -3.06367e+06
3772224000 1.42459e+08 -2.76767e+07 -3.07522e+06
3797798400 1.42995e+08 -2.77722e+07 -3.08676e+06
3823459200 1.43532e+08 -2.78677e+07 -3.09831e+06
3849206400 1.44068e+08 -2.79632e+07 -3.10985e+06
3875040000 1.44605e+08 -2.80587e+07 -3.1214e+06
3900960000 1.45141e+08 -2.81542e+07 -3.13294e+06
3926966400 1.45678e+08 -2.82497e+07 -3.14449e+06
3953059200 1.46214e+08 -2.83452e+07 -3.15603e+06
3979238400 1.46751e+08 -2.84407e+07 -3.16758e+06
4005504000 1.47287e+08 -2.85362e+07 -3.17912e+06
4031856000 1.47824e+08 -2.86317e+07 -3.19067e+06
4058294400 1.4836e+08 -2.87272e+07 -3.20222e+06
4084819200 1.48897e+08 -2.88227e+07 -3.21376e+06
4111430400 1.49433e+08 -2.89182e+07 -3.22531e+06
4138128000 1.4997e+08 -2.90137e+07 -3.23685e+06
4164912000 1.50506e+08 -2.91092e+07 -3.2484e+06
4191782400 1.51043e+08 -2.92047e+07 -3.25994e+06
4218739200 1.51579e+08 -2.93002e+07 -3.27149e+06
4245782400 1.52116e+08 -2.93957e+07 -3.28304e+06
4272912000 1.52652e+08 -2.94912e+07 -3.29458e+06
4300128000 1.53189e+08 -2.95867e+07 -3.30613e+06
4327430400 1.53725e+08 -2.96822e+07 -3.31767e+06
4354819200 1.54262e+08 -2.97777e+07 -3.32922e+06
4382294400 1.54799e+08 -2.98732e+07 -3.34077e+06
4409856000 1.55335e+08 -2.99687e+07 -3.35231e+06
4437504000 1.55872e+08 -3.00643e+07 -3.36386e+06
4465238400 1.56408e+08 -3.01598e+07 -3.37541e+06
4493059200 1.56945e+08 -3.02553e+07 -3.38695e+06
4520966400 1.57481e+08 -3.03508e+07 -3.3985e+06
4548960000 1.58018e+08 -3.04463e+07 -3.41005e+06
4577040000 1.58554e+08 -3.05418e+07 -3.42159e+06
4605206400 1.59091e+08 -3.06373e+07 -3.43314e+06
4633459200 1.59628e+08 -3.07329e+07 -3.44469e+06
4661798400 1.60164e+08 -3.08284e+07 -3.45623e+06
4690224000 1.60701e+08 -3.09239e+07 -3.46778e+06
4718736000 1.61237e+08 -3.10194e+07 -3.47933e+06
4747334400 1.61774e+08 -3.11149e+07 -3.49087e+06
4776019200 1.6231e+08 -3.12104e+07 -3.50242e+06
4804790400 1.62847e+08 -3.1306e+07 -3.51397e+06
4833648000 1.63384e+08 -3.14015e+07 -3.52552e+06
4862592000 1.6392e+08 -3.1497e+07 -3.53706e+06
4891622400 1.64457e+08 -3.15925e+07 -3.54861e+06
4920739200 1.64993e+08 -3.16881e+07 -3.56016e+06
4949942400 1.6553e+08 -3.17836e+07 -3.57171e+06
4979232000 1.66067e+08 -3.18791e+07 -3.58326e+06
5008608000 1.66603e+08 -3.19746e+07 -3.5948e+06
5038070400 1.6714e+08 -3.20702e+07 -3.60635e+06
5067619200 1.67676e+08 -3.21657e+07 -3.6179e+06
5097254400 1.68213e+08 -3.22612e+07 -3.62945e+06
5126976000 1.6875e+08 -3.23568e+07 -3.641e+06
5156784000 1.69286e+08 -3.24523e+07 -3.65254e+06
5186678400 1.69823e+08 -3.25478e+07 -3.66409e+06
5216659200 1.7036e+08 -3.26433e+07 -3.67564e+06
5246726400 1.70896e+08 -3.27389e+07 -3.68719e+06
5276880000 1.71433e+08 -3.28344e+07 -3.69874e+06
5307120000 1.7197e+08 -3.29299e+07 -3.71029e+06
5337446400 1.72506e+08 -3.30255e+07 -3.72184e+06
5367859200 1.73043e+08 -3.3121e+07 -3.73339e+06
5398358400 1.7358e+08 -3.32165e+07 -3.74493e+06
5428944000 1.74116e+08 -3.33121e+07 -3.75648e+06
5459616000 1.74653e+08 -3.34076e+07 -3.76803e+06
5490374400 1.7519e+08 -3.35032e+07 -3.77958e+06
5521219200 1.75726e+08 -3.35987e+07 -3.79113e+06
5552150400 1.76263e+08 -3.36942e+07 -3.80268e+06
5583168000 1.768e+08 -3.37898e+07 -3.81423e+06
5614272000 1.77336e+08 -3.38853e+07 -3.82578e+06
5645462400 1.77873e+08 -3.39809e+07 -3.83733e+06
5676739200 1.7841e+08 -3.40764e+07 -3.84888e+06
5708102400 1.78947e+08 -3.41719e+07 -3.86043e+06
5739552000 1.79483e+08 -3.42675e+07 -3.87198e+06
5771088000 1.8002e+08 -3.4363e+07 -3.88353e+06
5802710400 1.80557e+08 -3.44586e+07 -3.89508e+06
5834419200 1.81094e+08 -3.45541e+07 -3.90663e+06
5866214400 1.8163e+08 -3.46497e+07 -3.91818e+06
5898096000 1.82167e+08 -3.47452e+07 -3.92973e+06
5930064000 1.82704e+08 -3.48407e+07 -3.94128e+06
5962118400 1.83241e+08 -3.49363e+07 -3.95284e+06
5994259200 1.83777e+08 -3.50318e+07 -3.96439e+06
6026486400 1.84314e+08 -3.51274e+07 -3.97594e+06
6058800000 1.84851e+08 -3.52229e+07 -3.98749e+06
6091200000 1.85388e+08 -3.53185e+07 -3.99904e+06
6123686400 1.85924e+08 -3.5414e+07 -4.01059e+06
6156259200 1.86461e+08 -3.55096e+07 -4.02214e+06
6188918400 1.86998e+08 -3.56052e+07 -4.0337e+06
6221664000 1.87535e+08 -3.57007e+07 -4.04525e+06
6254496000 1.88072e+08 -3.57963e+07 -4.0568e+06
6287414400 1.88609e+08 -3.58918e+07 -4.06835e+06
6320419200 1.89145e+08 -3.59874e+07 -4.0799e+06
6353510400 1.89682e+08 -3.60829e+07 -4.09146e+06
6386688000 1.90219e+08 -3.61785e+07 -4.10301e+06
6419952000 1.90756e+08 -3.6274e+07 -4.11456e+06
6453302400 1.91293e+08 -3.63696e+07 -4.12612e+06
6486739200 1.9183e+08 -3.64652e+07 -4.13767e+06
6520262400 1.92366e+08 -3.65607e+07 -4.14922e+06
6553872000 1.92903e+08 -3.66563e+07 -4.16078e+06
6587568000 1.9344e+08 -3.67518e+07 -4.17233e+06
6621350400 1.93977e+08 -3.68474e+07 -4.18388e+06
6655219200 1.94514e+08 -3.6943e+07 -4.19544e+06
6689174400 1.95051e+08 -3.70385e+07 -4.20699e+06
6723216000 1.95588e+08 -3.71341e+07 -4.21855e+06
6757344000 1.96125e+08 -3.72297e+07 -4.2301e+06
6791558400 1.96662e+08 -3.73252e+07 -4.24165e+06
6825859200 1.97199e+08 -3.74208e+07 -4.25321e+06
6860246400 1.97736e+08 -3.75164e+07 -4.26476e+06
6894720000 1.98273e+08 -3.76119e+07 -4.27632e+06
6929280000 1.9881e+08 -3.77075e+07 -4.28787e+06
6963926400 1.99347e+08 -3.78031e+07 -4.29943e+06
6998659200 1.99884e+08 -3.78986e+07 -4.31099e+06
7033478400 2.00421e+08 -3.79942e+07 -4.32254e+06
7068384000 2.00958e+08 -3.80898e+07 -4.3341e+06
7103376000 2.01495e+08 -3.81854e+07 -4.34566e+06
7138454400 2.02032e+08 -3.82809e+07 -4.35721e+06
7173619200 2.02569e+08 -3.83765e+07 -4.36877e+06
7208870400 2.03106e+08 -3.84721e+07 -4.38033e+06
7244208000 2.03643e+08 -3.85677e+07 -4.39188e+06
7279632000 2.0418e+08 -3.86632e+07 -4.40344e+06
7315142400 2.04717e+08 -3.87588e+07 -4.415e+06
7350739200 2.05254e+08 -3.88544e+07 -4.42656e+06
7386422400 2.05791e+08 -3.895e+07 -4.43812e+06
7422192000 2.06328e+08 -3.90455e+07 -4.44967e+06
7458048000 2.06865e+08 -3.91411e+07 -4.46123e+06
7493990400 2.07403e+08 -3.92367e+07 -4.47279e+06
7530019200 2.0794e+08 -3.93323e+07 -4.48435e+06
7566134400 2.08477e+08 -3.94279e+07 -4.49591e+06
7602336000 2.09014e+08 -3.95235e+07 -4.50747e+06
7638624000 2.09551e+08 -3.9619e+07 -4.51903e+06
7674998400 2.10089e+08 -3.97146e+07 -4.5306e+06
7711459200 2.10626e+08 -3.98102e+07 -4.54216e+06
7748006400 2.11163e+08 -3.99058e+07 -4.55372e+06
7784640000 2.117e+08 -4.00014e+07 -4.56528e+06
7821360000 2.12238e+08 -4.0097e+07 -4.57685e+06
7858166400 2.12775e+08 -4.01926e+07 -4.58841e+06
7895059200 2.13312e+08 -4.02882e+07 -4.59997e+06
7932038400 2.1385e+08 -4.03838e+07 -4.61154e+06
7969104000 2.14387e+08 -4.04794e+07 -4.6231e+06
8006256000 2.14925e+08 -4.05749e+07 -4.63467e+06
8043494400 2.15462e+08 -4.06705e+07 -4.64623e+06
8080819200 2.16e+08 -4.07661e+07 -4.6578e+06
8118230400 2.16537e+08 -4.08617e+07 -4.66937e+06
8155728000 2.17075e+08 -4.09573e+07 -4.68094e+06
8193312000 2.17612e+08 -4.10529e+07 -4.69251e+06
8230982400 2.1815e+08 -4.11485e+07 -4.70408e+06
8268739200 2.18688e+08 -4.12441e+07 -4.71565e+06
8306582400 2.19225e+08 -4.13397e+07 -4.72722e+06
8344512000 2.19763e+08 -4.14353e+07 -4.73879e+06
8382528000 2.20301e+08 -4.15309e+07 -4.75037e+06
8420630400 2.20839e+08 -4.16265e+07 -4.76194e+06
8458819200 2.21377e+08 -4.17221e+07 -4.77352e+06
8497094400 2.21915e+08 -4.18177e+07 -4.7851e+06
8535456000 2.22453e+08 -4.19133e+07 -4.79668e+06
8573904000 2.22991e+08 -4.20089e+07 -4.80827e+06
8612438400 2.2353e+08 -4.21044e+07 -4.81986e+06
8651059200 2.24068e+08 -4.22e+07 -4.83145e+06
8689766400 2.24607e+08 -4.22955e+07 -4.84305e+06
8728560000 2.25147e+08 -4.2391e+07 -4.85466e+06
8767440000 2.25686e+08 -4.24865e+07 -4.86628e+06
8806406400 2.26228e+08 -4.25816e+07 -4.87795e+06
8845459200 2.26784e+08 -4.26704e+07 -4.89005e+06
8884598400 2.27331e+08 -4.27626e+07 -4.90191e+06
8923824000 2.27879e+08 -4.28547e+07 -4.91377e+06
8963136000 2.28426e+08 -4.29469e+07 -4.92563e+06
9002534400 2.28974e+08 -4.30391e+07 -4.93749e+06
9042019200 2.29522e+08 -4.31312e+07 -4.94935e+06
9081590400 2.3007e+08 -4.32234e+07 -4.96121e+06
9121248000 2.30617e+08 -4.33156e+07 -4.97307e+06
9160992000 2.31165e+08 -4.34077e+07 -4.98493e+06
9200822400 2.31712e+08 -4.34999e+07 -4.99679e+06
9240739200 2.3226e+08 -4.35921e+07 -5.00865e+06
9280742400 2.32808e+08 -4.36842e+07 -5.0205e+06
9320832000 2.33355e+08 -4.37764e+07 -5.03236e+06
9361008000 2.33903e+08 -4.38686e+07 -5.04422e+06
9401270400 2.34451e+08 -4.39608e+07 -5.05608e+06
9441619200 2.34998e+08 -4.40529e+07 -5.06794e+06
9482054400 2.35546e+08 -4.41451e+07 -5.0798e+06
9522576000 2.36094e+08 -4.42373e+07 -5.09166e+06
9563184000 2.36641e+08 -4.43295e+07 -5.10352e+06
9603878400 2.37189e+08 -4.44216e+07 -5.11538e+06
9644659200 2.37736e+08 -4.45138e+07 -5.12723e+06
9685526400 2.38284e+08 -4.4606e+07 -5.13909e+06
9726480000 2.38832e+08 -4.46982e+07 -5.15095e+06
9767520000 2.39379e+08 -4.47904e+07 -5.16281e+06
9808646400 2.39927e+08 -4.48825e+07 -5.17467e+06
9849859200 2.40475e+08 -4.49747e+07 -5.18653e+06
9891158400 2.41022e+08 -4.50669e+07 -5.19839e+06
9932544000 2.4157e+08 -4.51591e+07 -5.21024e+06
9974016000 2.42117e+08 -4.52513e+07 -5.2221e+06
10015574400 2.42665e+08 -4.53434e+07 -5.23396e+06
10057219200 2.43213e+08 -4.54356e+07 -5.24582e+06
10098950400 2.4376e+08 -4.55278e+07 -5.25768e+06
10140768000 2.44308e+08 -4.562e+07 -5.26954e+06
10182672000 2.44856e+08 -4.57122e+07 -5.2814e+06
10224662400 2.45403e+08 -4.58044e+07 -5.29325e+06
10266739200 2.45951e+08 -4.58965e+07 -5.30511e+06
10308902400 2.46498e+08 -4.59887e+07 -5.31697e+06
10351152000 2.47046e+08 -4.60809e+07 -5.32883e+06
10393488000 2.47594e+08 -4.61731e+07 -5.34069e+06
10435910400 2.48141e+08 -4.62653e+07 -5.35255e+06
10478419200 2.48689e+08 -4.63575e+07 -5.36441e+06
10521014400 2.49237e+08 -4.64496e+07 -5.37626e+06
10563696000 2.49784e+08 -4.65418e+07 -5.38812e+06
10606464000 2.50332e+08 -4.6634e+07 -5.39998e+06
10649318400 2.50879e+08 -4.67262e+07 -5.41184e+06
10692259200 2.51427e+08 -4.68184e+07 -5.4237e+06
10735286400 2.51975e+08 -4.69106e+07 -5.43556e+06
10778400000 2.52522e+08 -4.70027e+07 -5.44742e+06
10821600000 2.5307e+08 -4.70949e+07 -5.45927e+06
10864886400 2.53618e+08 -4.71871e+07 -5.47113e+06
10908259200 2.54165e+08 -4.72793e+07 -5.48299e+06
10951718400 2.54713e+08 -4.73715e+07 -5.49485e+06
10995264000 2.5526e+08 -4.74637e+07 -5.50671e+06
11038896000 2.55808e+08 -4.75559e+07 -5.51857e+06
11082614400 2.56356e+08 -4.7648e+07 -5.53042e+06
11126419200 2.56903e+08 -4.77402e+07 -5.54228e+06
11170310400 2.57451e+08 -4.78324e+07 -5.55414e+06
11214288000 2.57998e+08 -4.79246e+07 -5.566e+06
11258352000 2.58546e+08 -4.80168e+07 -5.57786e+06
11302502400 2.59094e+08 -4.8109e+07 -5.58972e+06
11346739200 2.59641e+08 -4.82012e+07 -5.60157e+06
11391062400 2.60189e+08 -4.82934e+07 -5.61343e+06
11435472000 2.60737e+08 -4.83855e+07 -5.62529e+06
11479968000 2.61284e+08 -4.84777e+07 -5.63715e+06
11524550400 2.61832e+08 -4.85699e+07 -5.64901e+06
11569219200 2.62379e+08 -4.86621e+07 -5.66087e+06
11613974400 2.62927e+08 -4.87543e+07 -5.67273e+06
11658816000 2.63475e+08 -4.88465e+07 -5.68458e+06
11703744000 2.64022e+08 -4.89387e+07 -5.69644e+06
11748758400 2.6457e+08 -4.90309e+07 -5.7083e+06
11793859200 2.65118e+08 -4.9123e+07 -5.72016e+06
11839046400 2.65665e+08 -4.92152e+07 -5.73202e+06
11884320000 2.66213e+08 -4.93074e+07 -5.74388e+06
11929680000 2.6676e+08 -4.93996e+07 -5.75573e+06
11975126400 2.67308e+08 -4.94918e+07 -5.76759e+06
12020659200 2.67856e+08 -4.9584e+07 -5.77945e+06
12066278400 2.68403e+08 -4.96762e+07 -5.79131e+06
12111984000 2.68951e+08 -4.97684e+07 -5.80317e+06
12157776000 2.69499e+08 -4.98606e+07 -5.81503e+06
12203654400 2.70046e+08 -4.99528e+07 -5.82688e+06
12249619200 2.70594e+08 -5.00449e+07 -5.83874e+06
12295670400 2.71141e+08 -5.01371e+07 -5.8506e+06
12341808000 2.71689e+08 -5.02293e+07 -5.86246e+06
12388032000 2.72237e+08 -5.03215e+07 -5.87432e+06
12434342400 2.72784e+08 -5.04137e+07 -5.88618e+06
12480739200 2.73332e+08 -5.05059e+07 -5.89803e+06
12527222400 2.73879e+08 -5.05981e+07 -5.90989e+06
12573792000 2.74427e+08 -5.06903e+07 -5.92175e+06
12620448000 2.74975e+08 -5.07825e+07 -5.93361e+06
12667190400 2.75522e+08 -5.08747e+07 -5.94547e+06
12714019200 2.7607e+08 -5.09668e+07 -5.95733e+06
12760934400 2.76618e+08 -5.1059e+07 -5.96919e+06
12807936000 2.77165e+08 -5.11512e+07 -5.98104e+06
12855024000 2.77713e+08 -5.12434e+07 -5.9929e+06
12902198400 2.7826e+08 -5.13356e+07 -6.00476e+06
12949459200 2.78808e+08 -5.14278e+07 -6.01662e+06
12996806400 2.79356e+08 -5.152e+07 -6.02848e+06
13044240000 2.79903e+08 -5.16122e+07 -6.04034e+06
13091760000 2.80451e+08 -5.17044e+07 -6.05219e+06
13139366400 2.80999e+08 -5.17966e+07 -6.06405e+06
13187059200 2.81546e+08 -5.18888e+07 -6.07591e+06
13234838400 2.82094e+08 -5.1981e+07 -6.08777e+06
13282704000 2.82641e+08 -5.20731e+07 -6.09963e+06
13330656000 2.83189e+08 -5.21653e+07 -6.11149e+06
13378694400 2.83737e+08 -5.22575e+07 -6.12334e+06
13426819200 2.84284e+08 -5.23497e+07 -6.1352e+06
13475030400 2.84832e+08 -5.24419e+07 -6.14706e+06
13523328000 2.85379e+08 -5.25341e+07 -6.15892e+06
13571712000 2.85927e+08 -5.26263e+07 -6.17078e+06
13620182400 2.86475e+08 -5.27185e+07 -6.18264e+06
13668739200 2.87022e+08 -5.28107e+07 -6.19449e+06
13717382400 2.8757e+08 -5.29029e+07 -6.20635e+06
13766112000 2.88118e+08 -5.29951e+07 -6.21821e+06
13814928000 2.88665e+08 -5.30873e+07 -6.23007e+06
13863830400 2.89213e+08 -5.31795e+07 -6.24193e+06
13912819200 2.8976e+08 -5.32717e+07 -6.25379e+06
13961894400 2.90308e+08 -5.33639e+07 -6.26564e+06
14011056000 2.90856e+08 -5.3456e+07 -6.2775e+06
14060304000 2.91403e+08 -5.35482e+07 -6.28936e+06
14109638400 2.91951e+08 -5.36404e+07 -6.30122e+06
14159059200 2.92499e+08 -5.37326e+07 -6.31308e+06
14208566400 2.93046e+08 -5.38248e+07 -6.32494e+06
14258160000 2.93594e+08 -5.3917e+07 -6.3368e+06
14307840000 2.94141e+08 -5.40092e+07 -6.34865e+06
14357606400 2.94689e+08 -5.41014e+07 -6.36051e+06
14407459200 2.95237e+08 -5.41936e+07 -6.37237e+06
14457398400 2.95784e+08 -5.42858e+07 -6.38423e+06
14507424000 2.96332e+08 -5.4378e+07 -6.39609e+06
14557536000 2.96879e+08 -5.44702e+07 -6.40795e+06
14607734400 2.97427e+08 -5.45624e+07 -6.4198e+06
14658019200 2.97975e+08 -5.46546e+07 -6.43166e+06
14708390400 2.98522e+08 -5.47468e+07 -6.44352e+06
14758848000 2.9907e+08 -5.4839e+07 -6.45538e+06
14809392000 2.99618e+08 -5.49312e+07 -6.46724e+06
14860022400 3.00165e+08 -5.50234e+07 -6.4791e+06
14910739200 3.00713e+08 -5.51155e+07 -6.49095e+06
14961542400 3.0126e+08 -5.52077e+07 -6.50281e+06
15012432000 3.01808e+08 -5.52999e+07 -6.51467e+06
15063408000 3.02356e+08 -5.53921e+07 -6.52653e+06
15114470400 3.02903e+08 -5.54843e+07 -6.53839e+06
15165619200 3.03451e+08 -5.55765e+07 -6.55025e+06
15216854400 3.03999e+08 -5.56687e+07 -6.5621e+06
15268176000 3.04546e+08 -5.57609e+07 -6.57396e+06
15319584000 3.05094e+08 -5.58531e+07 -6.58582e+06
15371078400 3.05641e+08 -5.59453e+07 -6.59768e+06
15422659200 3.06189e+08 -5.60375e+07 -6.60954e+06
15474326400 3.06737e+08 -5.61297e+07 -6.6214e+06
15526080000 3.07284e+08 -5.62219e+07 -6.63325e+06
15577920000 3.07832e+08 -5.63141e+07 -6.64511e+06
15629846400 3.0838e+08 -5.64063e+07 -6.65697e+06
15681859200 3.08927e+08 -5.64985e+07 -6.66883e+06
15733958400 3.09475e+08 -5.65907e+07 -6.68069e+06
15786144000 3.10022e+08 -5.66829e+07 -6.69255e+06
15838416000 3.1057e+08 -5.67751e+07 -6.7044e+06
15890774400 3.11118e+08 -5.68673e+07 -6.71626e+06
15943219200 3.11665e+08 -5.69595e+07 -6.72812e+06
15995750400 3.12213e+08 -5.70517e+07 -6.73998e+06
16048368000 3.1276e+08 -5.71439e+07 -6.75184e+06
16101072000 3.13308e+08 -5.72361e+07 -6.7637e+06
16153862400 3.13856e+08 -5.73283e+07 -6.77556e+06
16206739200 3.14403e+08 -5.74205e+07 -6.78741e+06
16259702400 3.14951e+08 -5.75127e+07 -6.79927e+06
16312752000 3.15499e+08 -5.76049e+07 -6.81113e+06
16365888000 3.16046e+08 -5.76971e+07 -6.82299e+06
16419110400 3.16594e+08 -5.77893e+07 -6.83485e+06
16472419200 3.17141e+08 -5.78815e+07 -6.84671e+06
16525814400 3.17689e+08 -5.79737e+07 -6.85856e+06
16579296000 3.18237e+08 -5.80659e+07 -6.87042e+06
16632864000 3.18784e+08 -5.8158e+07 -6.88228e+06
16686518400 3.19332e+08 -5.82502e+07 -6.89414e+06
16740259200 3.1988e+08 -5.83424e+07 -6.906e+06
16794086400 3.20427e+08 -5.84346e+07 -6.91786e+06
16848000000 3.20975e+08 -5.85268e+07 -6.92971e+06
16902000000 3.21522e+08 -5.8619e+07 -6.94157e+06
16956086400 3.2207e+08 -5.87112e+07 -6.95343e+06
17010259200 3.22618e+08 -5.88034e+07 -6.96529e+06
17064518400 3.23165e+08 -5.88956e+07 -6.97715e+06
17118864000 3.23713e+08 -5.89878e+07 -6.98901e+06
17173296000 3.24261e+08 -5.908e+07 -7.00086e+06
17227814400 3.24808e+08 -5.91722e+07 -7.01272e+06
17282419200 3.25356e+08 -5.92644e+07 -7.02458e+06
17337110400 3.25903e+08 -5.93566e+07 -7.03644e+06
17391888000 3.26451e+08 -5.94488e+07 -7.0483e+06
17446752000 3.26999e+08 -5.9541e+07 -7.06016e+06
17501702400 3.27546e+08 -5.96332e+07 -7.07201e+06
17556739200 3.28094e+08 -5.97254e+07 -7.08387e+06
17611862400 3.28642e+08 -5.98176e+07 -7.09573e+06
17667072000 3.29189e+08 -5.99098e+07 -7.10759e+06
17722368000 3.29737e+08 -6.0002e+07 -7.11945e+06
17777750400 3.30284e+08 -6.00942e+07 -7.13131e+06
17833219200 3.30832e+08 -6.01864e+07 -7.14317e+06
17888774400 3.3138e+08 -6.02786e+07 -7.15502e+06
17944416000 3.31927e+08 -6.03708e+07 -7.16688e+06
18000144000 3.32475e+08 -6.0463e+07 -7.17874e+06
18055958400 3.33022e+08 -6.05552e+07 -7.1906e+06
18111859200 3.3357e+08 -6.06474e+07 -7.20246e+06
18167846400 3.34118e+08 -6.07396e+07 -7.21432e+06
18223920000 3.34665e+08 -6.08318e+07 -7.22617e+06
18280080000 3.35213e+08 -6.0924e+07 -7.23803e+06
18336326400 3.35761e+08 -6.10162e+07 -7.24989e+06
18392659200 3.36308e+08 -6.11084e+07 -7.26175e+06
18449078400 3.36856e+08 -6.12006e+07 -7.27361e+06
18505584000 3.37403e+08 -6.12928e+07 -7.28547e+06
18562176000 3.37951e+08 -6.1385e+07 -7.29732e+06
18618854400 3.38499e+08 -6.14772e+07 -7.30918e+06
18675619200 3.39046e+08 -6.15694e+07 -7.32104e+06
18732470400 3.39594e+08 -6.16616e+07 -7.3329e+06
18789408000 3.40142e+08 -6.17538e+07 -7.34476e+06
18846432000 3.40689e+08 -6.1846e+07 -7.35662e+06
18903542400 3.41237e+08 -6.19382e+07 -7.36847e+06
18960739200 3.41784e+08 -6.20304e+07 -7.38033e+06
19018022400 3.42332e+08 -6.21226e+07 -7.39219e+06
19075392000 3.4288e+08 -6.22148e+07 -7.40405e+06
19132848000 3.43427e+08 -6.2307e+07 -7.41591e+06
19190390400 3.43975e+08 -6.23992e+07 -7.42777e+06
19248019200 3.44523e+08 -6.24914e+07 -7.43963e+06
19305734400 3.4507e+08 -6.25836e+07 -7.45148e+06
19363536000 3.45618e+08 -6.26758e+07 -7.46334e+06
19421424000 3.46165e+08 -6.27681e+07 -7.4752e+06
19479398400 3.46713e+08 -6.28603e+07 -7.48706e+06
19537459200 3.47261e+08 -6.29525e+07 -7.49892e+06
19595606400 3.47808e+08 -6.30447e+07 -7.51078e+06
19653840000 3.48356e+08 -6.31369e+07 -7.52263e+06
19712160000 3.48904e+08 -6.32291e+07 -7.53449e+06
19770566400 3.49451e+08 -6.33213e+07 -7.54635e+06
19829059200 3.49999e+08 -6.34135e+07 -7.55821e+06
19887638400 3.50546e+08 -6.35057e+07 -7.57007e+06
19946304000 3.51094e+08 -6.35979e+07 -7.58193e+06
20005056000 3.51642e+08 -6.36901e+07 -7.59378e+06
20063894400 3.52189e+08 -6.37823e+07 -7.60564e+06
20122819200 3.52737e+08 -6.38745e+07 -7.6175e+06
20181830400 3.53285e+08 -6.39667e+07 -7.62936e+06
20240928000 3.53832e+08 -6.40589e+07 -7.64122e+06
20300112000 3.5438e+08 -6.41511e+07 -7.65308e+06
20359382400 3.54927e+08 -6.42433e+07 -7.66493e+06
20418739200 3.55475e+08 -6.43355e+07 -7.67679e+06
20478182400 3.56023e+08 -6.44277e+07 -7.68865e+06
20537712000 3.5657e+08 -6.45199e+07 -7.70051e+06
20597328000 3.57118e+08 -6.46121e+07 -7.71237e+06
20657030400 3.57666e+08 -6.47043e+07 -7.72423e+06
20716819200 3.58213e+08 -6.47965e+07 -7.73609e+06
20776694400 3.58761e+08 -6.48887e+07 -7.74794e+06
20836656000 3.59308e+08 -6.49809e+07 -7.7598e+06
20896704000 3.59856e+08 -6.50731e+07 -7.77166e+06
20956838400 3.60404e+08 -6.51653e+07 -7.78352e+06
21017059200 3.60951e+08 -6.52575e+07 -7.79538e+06
21077366400 3.61499e+08 -6.53497e+07 -7.80724e+06
21137760000 3.62047e+08 -6.54419e+07 -7.81909e+06
21198240000 3.62594e+08 -6.55341e+07 -7.83095e+06
21258806400 3.63142e+08 -6.56263e+07 -7.84281e+06
21319459200 3.63689e+08 -6.57185e+07 -7.85467e+06
21380198400 3.64237e+08 -6.58107e+07 -7.86653e+06
21441024000 3.64785e+08 -6.59029e+07 -7.87839e+06
21501936000 3.65332e+08 -6.59951e+07 -7.89024e+06
21562934400 3.6588e+08 -6.60874e+07 -7.9021e+06
21624019200 3.66427e+08 -6.61796e+07 -7.91396e+06
21685190400 3.66975e+08 -6.62718e+07 -7.92582e+06
21746448000 3.67523e+08 -6.6364e+07 -7.93768e+06
21807792000 3.6807e+08 -6.64562e+07 -7.94954e+06
21869222400 3.68618e+08 -6.65484e+07 -7.96139e+06
21930739200 3.69166e+08 -6.66406e+07 -7.97325e+06
21992342400 3.69713e+08 -6.67328e+07 -7.98511e+06
22054032000 3.70261e+08 -6.6825e+07 -7.99697e+06
22115808000 3.70808e+08 -6.69172e+07 -8.00883e+06
22177670400 3.71356e+08 -6.70094e+07 -8.02069e+06
22239619200 3.71904e+08 -6.71016e+07 -8.03255e+06
22301654400 3.72451e+08 -6.71938e+07 -8.0444e+06
22363776000 3.72999e+08 -6.7286e+07 -8.05626e+06
22425984000 3.73547e+08 -6.73782e+07 -8.06812e+06
22488278400 3.74094e+08 -6.74704e+07 -8.07998e+06
22550659200 3.74642e+08 -6.75626e+07 -8.09184e+06
22613126400 3.75189e+08 -6.76548e+07 -8.1037e+06
22675680000 3.75737e+08 -6.7747e+07 -8.11555e+06
22738320000 3.76285e+08 -6.78392e+07 -8.12741e+06
22801046400 3.76832e+08 -6.79314e+07 -8.13927e+06
22863859200 3.7738e+08 -6.80236e+07 -8.15113e+06
22926758400 3.77928e+08 -6.81158e+07 -8.16299e+06
22989744000 3.78475e+08 -6.82081e+07 -8.17485e+06
23052816000 3.79023e+08 -6.83003e+07 -8.1867e+06
23115974400 3.7957e+08 -6.83925e+07 -8.19856e+06
23179219200 3.80118e+08 -6.84847e+07 -8.21042e+06
23242550400 3.80666e+08 -6.85769e+07 -8.22228e+06
23305968000 3.81213e+08 -6.86691e+07 -8.23414e+06
23369472000 3.81761e+08 -6.87613e+07 -8.246e+06
23433062400 3.82309e+08 -6.88535e+07 -8.25786e+06
23496739200 3.82856e+08 -6.89457e+07 -8.26971e+06
23560502400 3.83404e+08 -6.90379e+07 -8.28157e+06
23624352000 3.83951e+08 -6.91301e+07 -8.29343e+06
23688288000 3.84499e+08 -6.92223e+07 -8.30529e+06
23752310400 3.85047e+08 -6.93145e+07 -8.31715e+06
23816419200 3.85594e+08 -6.94067e+07 -8.32901e+06
23880614400 3.86142e+08 -6.94989e+07 -8.34086e+06
23944896000 3.8669e+08 -6.95911e+07 -8.35272e+06
24009264000 3.87237e+08 -6.96833e+07 -8.36458e+06
24073718400 3.87785e+08 -6.97755e+07 -8.37644e+06
24138259200 3.88332e+08 -6.98678e+07 -8.3883e+06
24202886400 3.8888e+08 -6.996e+07 -8.40016e+06
24267600000 3.89428e+08 -7.00522e+07 -8.41201e+06
24332400000 3.89975e+08 -7.01444e+07 -8.42387e+06
24397286400 3.90523e+08 -7.02366e+07 -8.43573e+06
24462259200 3.91071e+08 -7.03288e+07 -8.44759e+06
24527318400 3.91618e+08 -7.0421e+07 -8.45945e+06
24592464000 3.92166e+08 -7.05132e+07 -8.47131e+06
24657696000 3.92713e+08 -7.06054e+07 -8.48317e+06
24723014400 3.93261e+08 -7.06976e+07 -8.49502e+06
24788419200 3.93809e+08 -7.07898e+07 -8.50688e+06
24853910400 3.94356e+08 -7.0882e+07 -8.51874e+06
24919488000 3.94904e+08 -7.09742e+07 -8.5306e+06
24985152000 3.95452e+08 -7.10664e+07 -8.54246e+06
25050902400 3.95999e+08 -7.11586e+07 -8.55432e+06
25116739200 3.96547e+08 -7.12508e+07 -8.56617e+06
25182662400 3.97094e+08 -7.13431e+07 -8.57803e+06
25248672000 3.97642e+08 -7.14353e+07 -8.58989e+06
25314768000 3.9819e+08 -7.15275e+07 -8.60175e+06
25380950400 3.98737e+08 -7.16197e+07 -8.61361e+06
25447219200 3.99285e+08 -7.17119e+07 -8.62547e+06
25513574400 3.99833e+08 -7.18041e+07 -8.63732e+06
25580016000 4.0038e+08 -7.18963e+07 -8.64918e+06
25646544000 4.00928e+08 -7.19885e+07 -8.66104e+06
25713158400 4.01475e+08 -7.20807e+07 -8.6729e+06
25779859200 4.02023e+08 -7.21729e+07 -8.68476e+06
25846646400 4.02571e+08 -7.22651e+07 -8.69662e+06
25913520000 4.03118e+08 -7.23573e+07 -8.70848e+06
25980480000 4.03666e+08 -7.24495e+07 -8.72033e+06
26047526400 4.04214e+08 -7.25417e+07 -8.73219e+06
26114659200 4.04761e+08 -7.26339e+07 -8.74405e+06
26181878400 4.05309e+08 -7.27262e+07 -8.75591e+06
26249184000 4.05856e+08 -7.28184e+07 -8.76777e+06
26316576000 4.06404e+08 -7.29106e+07 -8.77963e+06
26384054400 4.06952e+08 -7.30028e+07 -8.79148e+06
26451619200 4.07499e+08 -7.3095e+07 -8.80334e+06
26519270400 4.08047e+08 -7.31872e+07 -8.8152e+06
26587008000 4.08595e+08 -7.32794e+07 -8.82706e+06
26654832000 4.09142e+08 -7.33716e+07 -8.83892e+06
26722742400 4.0969e+08 -7.34638e+07 -8.85078e+06
26790739200 4.10237e+08 -7.3556e+07 -8.86264e+06
26858822400 4.10785e+08 -7.36482e+07 -8.87449e+06
26926992000 4.11333e+08 -7.37404e+07 -8.88635e+06
26995248000 4.1188e+08 -7.38326e+07 -8.89821e+06
27063590400 4.12428e+08 -7.39249e+07 -8.91007e+06
27132019200 4.12976e+08 -7.40171e+07 -8.92193e+06
27200534400 4.13523e+08 -7.41093e+07 -8.93379e+06
27269136000 4.14071e+08 -7.42015e+07 -8.94564e+06
27337824000 4.14618e+08 -7.42937e+07 -8.9575e+06
27406598400 4.15166e+08 -7.43859e+07 -8.96936e+06
27475459200 4.15714e+08 -7.44781e+07 -8.98122e+06
27544406400 4.16261e+08 -7.45703e+07 -8.99308e+06
27613440000 4.16809e+08 -7.46625e+07 -9.00494e+06
27682560000 4.17357e+08 -7.47547e+07 -9.01679e+06
27751766400 4.17904e+08 -7.48469e+07 -9.02865e+06
27821059200 4.18452e+08 -7.49391e+07 -9.04051e+06
27890438400 4.19e+08 -7.50314e+07 -9.05237e+06
27959904000 4.19547e+08 -7.51236e+07 -9.06423e+06
28029456000 4.20095e+08 -7.52158e+07 -9.07609e+06
28099094400 4.20642e+08 -7.5308e+07 -9.08795e+06
28168819200 4.2119e+08 -7.54002e+07 -9.0998e+06
28238630400 4.21738e+08 -7.54924e+07 -9.11166e+06
28308528000 4.22285e+08 -7.55846e+07 -9.12352e+06
28378512000 4.22833e+08 -7.56768e+07 -9.13538e+06
28448582400 4.23381e+08 -7.5769e+07 -9.14724e+06
28518739200 4.23928e+08 -7.58612e+07 -9.1591e+06
28588982400 4.24476e+08 -7.59534e+07 -9.17095e+06
28659312000 4.25023e+08 -7.60456e+07 -9.18281e+06
28729728000 4.25571e+08 -7.61379e+07 -9.19467e+06
28800230400 4.26119e+08 -7.62301e+07 -9.20653e+06
28870819200 4.26666e+08 -7.63223e+07 -9.21839e+06
28941494400 4.27214e+08 -7.64145e+07 -9.23025e+06
29012256000 4.27762e+08 -7.65067e+07 -9.24211e+06
29083104000 4.28309e+08 -7.65989e+07 -9.25396e+06
29154038400 4.28857e+08 -7.66911e+07 -9.26582e+06
29225059200 4.29404e+08 -7.67833e+07 -9.27768e+06
29296166400 4.29952e+08 -7.68755e+07 -9.28954e+06
29367360000 4.305e+08 -7.69677e+07 -9.3014e+06
29438640000 4.31047e+08 -7.70599e+07 -9.31326e+06
29510006400 4.31595e+08 -7.71522e+07 -9.32511e+06
29581459200 4.32143e+08 -7.72444e+07 -9.33697e+06
29652998400 4.3269e+08 -7.73366e+07 -9.34883e+06
29724624000 4.33238e+08 -7.74288e+07 -9.36069e+06
29796336000 4.33785e+08 -7.7521e+07 -9.37255e+06
29868134400 4.34333e+08 -7.76132e+07 -9.38441e+06
29940019200 4.34881e+08 -7.77054e+07 -9.39627e+06
30011990400 4.35428e+08 -7.77976e+07 -9.40812e+06
30084048000 4.35976e+08 -7.78898e+07 -9.41998e+06
30156192000 4.36524e+08 -7.7982e+07 -9.43184e+06
30228422400 4.37071e+08 -7.80743e+07 -9.4437e+06
30300739200 4.37619e+08 -7.81665e+07 -9.45556e+06
30373142400 4.38166e+08 -7.82587e+07 -9.46742e+06
30445632000 4.38714e+08 -7.83509e+07 -9.47927e+06
30518208000 4.39262e+08 -7.84431e+07 -9.49113e+06
30590870400 4.39809e+08 -7.85353e+07 -9.50299e+06
30663619200 4.40357e+08 -7.86275e+07 -9.51485e+06
30736454400 4.40905e+08 -7.87197e+07 -9.52671e+06
30809376000 4.41452e+08 -7.88119e+07 -9.53857e+06
30882384000 4.42e+08 -7.89041e+07 -9.55042e+06
30955478400 4.42547e+08 -7.89963e+07 -9.56228e+06
31028659200 4.43095e+08 -7.90886e+07 -9.57414e+06
31101926400 4.43643e+08 -7.91808e+07 -9.586e+06
31175280000 4.4419e+08 -7.9273e+07 -9.59786e+06
31248720000 4.44738e+08 -7.93652e+07 -9.60972e+06
31322246400 4.45286e+08 -7.94574e+07 -9.62158e+06
31395859200 4.45833e+08 -7.95496e+07 -9.63343e+06
31469558400 4.46381e+08 -7.96418e+07 -9.64529e+06
31543344000 4.46928e+08 -7.9734e+07 -9.65715e+06
31617216000 4.47476e+08 -7.98262e+07 -9.66901e+06
31691174400 4.48024e+08 -7.99185e+07 -9.68087e+06
31765219200 4.48571e+08 -8.00107e+07 -9.69273e+06
31839350400 4.49119e+08 -8.01029e+07 -9.70458e+06
31913568000 4.49667e+08 -8.01951e+07 -9.71644e+06
31987872000 4.50214e+08 -8.02873e+07 -9.7283e+06
32062262400 4.50762e+08 -8.03795e+07 -9.74016e+06
32136739200 4.51309e+08 -8.04717e+07 -9.75202e+06
32211302400 4.51857e+08 -8.05639e+07 -9.76388e+06
32285952000 4.52405e+08 -8.06561e+07 -9.77574e+06
32360688000 4.52952e+08 -8.07483e+07 -9.78759e+06
32435510400 4.535e+08 -8.08406e+07 -9.79945e+06
32510419200 4.54048e+08 -8.09328e+07 -9.81131e+06
32585414400 4.54595e+08 -8.1025e+07 -9.82317e+06
32660496000 4.55143e+08 -8.11172e+07 -9.83503e+06
32735664000 4.55691e+08 -8.12094e+07 -9.84689e+06
32810918400 4.56238e+08 -8.13016e+07 -9.85874e+06
32886259200 4.56786e+08 -8.13938e+07 -9.8706e+06
32961686400 4.57333e+08 -8.1486e+07 -9.88246e+06
33037200000 4.57881e+08 -8.15782e+07 -9.89432e+06
33112800000 4.58429e+08 -8.16705e+07 -9.90618e+06
33188486400 4.58976e+08 -8.17627e+07 -9.91804e+06
33264259200 4.59524e+08 -8.18549e+07 -9.9299e+06
33340118400 4.60072e+08 -8.19471e+07 -9.94175e+06
33416064000 4.60619e+08 -8.20393e+07 -9.95361e+06
33492096000 4.61167e+08 -8.21315e+07 -9.96547e+06
33568214400 4.61714e+08 -8.22237e+07 -9.97733e+06
33644419200 4.62262e+08 -8.23159e+07 -9.98919e+06
33720710400 4.6281e+08 -8.24081e+07 -1.0001e+07
33797088000 4.63357e+08 -8.25004e+07 -1.00129e+07
33873552000 4.63905e+08 -8.25926e+07 -1.00248e+07
33950102400 4.64453e+08 -8.26848e+07 -1.00366e+07
34026739200 4.65e+08 -8.2777e+07 -1.00485e+07
34103462400 4.65548e+08 -8.28692e+07 -1.00603e+07
34180272000 4.66095e+08 -8.29614e+07 -1.00722e+07
34257168000 4.66643e+08 -8.30536e+07 -1.00841e+07
34334150400 4.67191e+08 -8.31458e+07 -1.00959e+07
34411219200 4.67738e+08 -8.3238e+07 -1.01078e+07
34488374400 4.68286e+08 -8.33303e+07 -1.01196e+07
34565616000 4.68834e+08 -8.34225e+07 -1.01315e+07
34642944000 4.69381e+08 -8.35147e+07 -1.01433e+07
34720358400 4.69929e+08 -8.36069e+07 -1.01552e+07
34797859200 4.70476e+08 -8.36991e+07 -1.01671e+07
34875446400 4.71024e+08 -8.37913e+07 -1.01789e+07
34953120000 4.71572e+08 -8.38835e+07 -1.01908e+07
35030880000 4.72119e+08 -8.39757e+07 -1.02026e+07
35108726400 4.72667e+08 -8.4068e+07 -1.02145e+07
35186659200 4.73215e+08 -8.41602e+07 -1.02264e+07
35264678400 4.73762e+08 -8.42524e+07 -1.02382e+07
35342784000 4.7431e+08 -8.43446e+07 -1.02501e+07
35420976000 4.74857e+08 -8.44368e+07 -1.02619e+07
35499254400 4.75405e+08 -8.4529e+07 -1.02738e+07
35577619200 4.75953e+08 -8.46212e+07 -1.02856e+07
35656070400 4.765e+08 -8.47134e+07 -1.02975e+07
35734608000 4.77048e+08 -8.48056e+07 -1.03094e+07
35813232000 4.77596e+08 -8.48979e+07 -1.03212e+07
35891942400 4.78143e+08 -8.49901e+07 -1.03331e+07
35970739200 4.78691e+08 -8.50823e+07 -1.03449e+07
36049622400 4.79239e+08 -8.51745e+07 -1.03568e+07
36128592000 4.79786e+08 -8.52667e+07 -1.03687e+07
36207648000 4.80334e+08 -8.53589e+07 -1.03805e+07
36286790400 4.80881e+08 -8.54511e+07 -1.03924e+07
36366019200 4.81429e+08 -8.55433e+07 -1.04042e+07
36445334400 4.81977e+08 -8.56356e+07 -1.04161e+07
36524736000 4.82524e+08 -8.57278e+07 -1.0428e+07
36604224000 4.83072e+08 -8.582e+07 -1.04398e+07
36683798400 4.8362e+08 -8.59122e+07 -1.04517e+07
36763459200 4.84167e+08 -8.60044e+07 -1.04635e+07
36843206400 4.84715e+08 -8.60966e+07 -1.04754e+07
36923040000 4.85262e+08 -8.61888e+07 -1.04872e+07
37002960000 4.8581e+08 -8.6281e+07 -1.04991e+07
37082966400 4.86358e+08 -8.63733e+07 -1.0511e+07
37163059200 4.86905e+08 -8.64655e+07 -1.05228e+07
37243238400 4.87453e+08 -8.65577e+07 -1.05347e+07
37323504000 4.88001e+08 -8.66499e+07 -1.05465e+07
37403856000 4.88548e+08 -8.67421e+07 -1.05584e+07
37484294400 4.89096e+08 -8.68343e+07 -1.05703e+07
37564819200 4.89643e+08 -8.69265e+07 -1.05821e+07
37645430400 4.90191e+08 -8.70187e+07 -1.0594e+07
37726128000 4.90739e+08 -8.7111e+07 -1.06058e+07
37806912000 4.91286e+08 -8.72032e+07 -1.06177e+07
37887782400 4.91834e+08 -8.72954e+07 -1.06295e+07
37968739200 4.92382e+08 -8.73876e+07 -1.06414e+07
38049782400 4.92929e+08 -8.74798e+07 -1.06533e+07
38130912000 4.93477e+08 -8.7572e+07 -1.06651e+07
38212128000 4.94024e+08 -8.76642e+07 -1.0677e+07
38293430400 4.94572e+08 -8.77564e+07 -1.06888e+07
38374819200 4.9512e+08 -8.78487e+07 -1.07007e+07
38456294400 4.95667e+08 -8.79409e+07 -1.07126e+07
38537856000 4.96215e+08 -8.80331e+07 -1.07244e+07
38619504000 4.96763e+08 -8.81253e+07 -1.07363e+07
38701238400 4.9731e+08 -8.82175e+07 -1.07481e+07
38783059200 4.97858e+08 -8.83097e+07 -1.076e+07
38864966400 4.98406e+08 -8.84019e+07 -1.07718e+07
38946960000 4.98953e+08 -8.84942e+07 -1.07837e+07
39029040000 4.99501e+08 -8.85864e+07 -1.07956e+07
39111206400 5.00048e+08 -8.86786e+07 -1.08074e+07
39193459200 5.00596e+08 -8.87708e+07 -1.08193e+07
39275798400 5.01144e+08 -8.8863e+07 -1.08311e+07
39358224000 5.01691e+08 -8.89552e+07 -1.0843e+07
39440736000 5.02239e+08 -8.90474e+07 -1.08549e+07
39523334400 5.02787e+08 -8.91396e+07 -1.08667e+07
39606019200 5.03334e+08 -8.92319e+07 -1.08786e+07
39688790400 5.03882e+08 -8.93241e+07 -1.08904e+07
39771648000 5.04429e+08 -8.94163e+07 -1.09023e+07
39854592000 5.04977e+08 -8.95085e+07 -1.09141e+07
39937622400 5.05525e+08 -8.96007e+07 -1.0926e+07
40020739200 5.06072e+08 -8.96929e+07 -1.09379e+07
40103942400 5.0662e+08 -8.97851e+07 -1.09497e+07
40187232000 5.07168e+08 -8.98774e+07 -1.09616e+07
40270608000 5.07715e+08 -8.99696e+07 -1.09734e+07
40354070400 5.08263e+08 -9.00618e+07 -1.09853e+07
40437619200 5.0881e+08 -9.0154e+07 -1.09972e+07
40521254400 5.09358e+08 -9.02462e+07 -1.1009e+07
40604976000 5.09906e+08 -9.03384e+07 -1.10209e+07
40688784000 5.10453e+08 -9.04306e+07 -1.10327e+07
40772678400 5.11001e+08 -9.05229e+07 -1.10446e+07
40856659200 5.11549e+08 -9.06151e+07 -1.10564e+07
40940726400 5.12096e+08 -9.07073e+07 -1.10683e+07
41024880000 5.12644e+08 -9.07995e+07 -1.10802e+07
41109120000 5.13192e+08 -9.08917e+07 -1.1092e+07
41193446400 5.13739e+08 -9.09839e+07 -1.11039e+07
41277859200 5.14287e+08 -9.10761e+07 -1.11157e+07
41362358400 5.14834e+08 -9.11684e+07 -1.11276e+07
41446944000 5.15382e+08 -9.12606e+07 -1.11395e+07
41531616000 5.1593e+08 -9.13528e+07 -1.11513e+07
41616374400 5.16477e+08 -9.1445e+07 -1.11632e+07
41701219200 5.17025e+08 -9.15372e+07 -1.1175e+07
41786150400 5.17573e+08 -9.16294e+07 -1.11869e+07
41871168000 5.1812e+08 -9.17216e+07 -1.11988e+07
41956272000 5.18668e+08 -9.18138e+07 -1.12106e+07
42041462400 5.19215e+08 -9.19061e+07 -1.12225e+07
42126739200 5.19763e+08 -9.19983e+07 -1.12343e+07
42212102400 5.20311e+08 -9.20905e+07 -1.12462e+07
42297552000 5.20858e+08 -9.21827e+07 -1.1258e+07
42383088000 5.21406e+08 -9.22749e+07 -1.12699e+07
42468710400 5.21954e+08 -9.23671e+07 -1.12818e+07
42554419200 5.22501e+08 -9.24593e+07 -1.12936e+07
42640214400 5.23049e+08 -9.25516e+07 -1.13055e+07
42726096000 5.23596e+08 -9.26438e+07 -1.13173e+07
42812064000 5.24144e+08 -9.2736e+07 -1.13292e+07
42898118400 5.24692e+08 -9.28282e+07 -1.13411e+07
42984259200 5.25239e+08 -9.29204e+07 -1.13529e+07
43070486400 5.25787e+08 -9.30126e+07 -1.13648e+07
43156800000 5.26335e+08 -9.31049e+07 -1.13766e+07
