0 6.66324e+08 -3.36956e+08 -1.35094e+07
86400 6.65244e+08 -3.35098e+08 -1.34929e+07
259200 6.63365e+08 -3.32841e+08 -1.34603e+07
518400 6.6068e+08 -3.30181e+08 -1.34112e+07
864000 6.57178e+08 -3.27114e+08 -1.33456e+07
1296000 6.52847e+08 -3.23636e+08 -1.32632e+07
1814400 6.47671e+08 -3.19742e+08 -1.31635e+07
2419200 6.41633e+08 -3.15423e+08 -1.30464e+07
3110400 6.34711e+08 -3.10672e+08 -1.29113e+07
3888000 6.26881e+08 -3.05479e+08 -1.27576e+07
4752000 6.18116e+08 -2.99832e+08 -1.2585e+07
5702400 6.08382e+08 -2.93718e+08 -1.23926e+07
6739200 5.97643e+08 -2.8712e+08 -1.21798e+07
7862400 5.85856e+08 -2.80021e+08 -1.19455e+07
9072000 5.7297e+08 -2.724e+08 -1.16889e+07
10368000 5.58926e+08 -2.64231e+08 -1.14086e+07
11750400 5.43658e+08 -2.55487e+08 -1.11033e+07
13219200 5.27083e+08 -2.46132e+08 -1.07714e+07
14774400 5.09105e+08 -2.36125e+08 -1.04107e+07
16416000 4.89609e+08 -2.25419e+08 -1.0019e+07
18144000 4.68451e+08 -2.13953e+08 -9.59325e+06
19958400 4.45454e+08 -2.01652e+08 -9.12984e+06
21859200 4.20393e+08 -1.88425e+08 -8.6241e+06
23846400 3.92974e+08 -1.74149e+08 -8.06996e+06
25920000 3.628e+08 -1.58663e+08 -7.45919e+06
28080000 3.29309e+08 -1.4174e+08 -6.7802e+06
30326400 2.91662e+08 -1.23049e+08 -6.01555e+06
32659200 2.48486e+08 -1.02056e+08 -5.13677e+06
35078400 1.97231e+08 -7.7795e+07 -4.09081e+06
37584000 1.31958e+08 -4.81071e+07 -2.75378e+06
40176000 3.02256e+07 -5.42364e+06 -655005
42854400 -1.03848e+09 2.10539e+08 2.23582e+07
45619200 -1.61118e+09 3.35436e+08 3.46525e+07
48470400 -2.18396e+09 4.60346e+08 4.69484e+07
51408000 -2.75672e+09 5.85253e+08 5.9244e+07
54432000 -3.32946e+09 7.10154e+08 7.15391e+07
57542400 -3.90217e+09 8.3505e+08 8.38337e+07
60739200 -4.47486e+09 9.59942e+08 9.61278e+07
64022400 -5.04754e+09 1.08483e+09 1.08422e+08
67392000 -5.62021e+09 1.20972e+09 1.20715e+08
70848000 -6.19286e+09 1.3346e+09 1.33009e+08
74390400 -6.76551e+09 1.45948e+09 1.45302e+08
78019200 -7.33814e+09 1.58436e+09 1.57595e+08
81734400 -7.91077e+09 1.70924e+09 1.69887e+08
85536000 -8.4834e+09 1.83412e+09 1.8218e+08
89424000 -9.05601e+09 1.95899e+09 1.94473e+08
93398400 -9.62863e+09 2.08387e+09 2.06765e+08
97459200 -1.02012e+10 2.20874e+09 2.19057e+08
101606400 -1.07738e+10 2.33361e+09 2.3135e+08
105840000 -1.13464e+10 2.45849e+09 2.43642e+08
110160000 -1.1919e+10 2.58336e+09 2.55934e+08
114566400 -1.24916e+10 2.70823e+09 2.68226e+08
119059200 -1.30642e+10 2.8331e+09 2.80518e+08
123638400 -1.36368e+10 2.95797e+09 2.9281e+08
128304000 -1.42094e+10 3.08284e+09 3.05102e+08
133056000 -1.4782e+10 3.20771e+09 3.17394e+08
137894400 -1.53546e+10 3.33257e+09 3.29685e+08
142819200 -1.59272e+10 3.45744e+09 3.41977e+08
147830400 -1.64997e+10 3.58231e+09 3.54269e+08
152928000 -1.70723e+10 3.70718e+09 3.66561e+08
158112000 -1.76449e+10 3.83204e+09 3.78852e+08
163382400 -1.82175e+10 3.95691e+09 3.91144e+08
168739200 -1.879e+10 4.08178e+09 4.03435e+08
174182400 -1.93626e+10 4.20664e+09 4.15727e+08
179712000 -1.99352e+10 4.33151e+09 4.28019e+08
185328000 -2.05078e+10 4.45638e+09 4.4031e+08
191030400 -2.10803e+10 4.58124e+09 4.52602e+08
196819200 -2.16529e+10 4.70611e+09 4.64893e+08
202694400 -2.22255e+10 4.83097e+09 4.77185e+08
208656000 -2.2798e+10 4.95584e+09 4.89476e+08
214704000 -2.33706e+10 5.0807e+09 5.01767e+08
220838400 -2.39432e+10 5.20556e+09 5.14059e+08
227059200 -2.45157e+10 5.33043e+09 5.2635e+08
233366400 -2.50883e+10 5.45529e+09 5.38642e+08
239760000 -2.56609e+10 5.58016e+09 5.50933e+08
246240000 -2.62334e+10 5.70502e+09 5.63224e+08
252806400 -2.6806e+10 5.82988e+09 5.75516e+08
259459200 -2.73786e+10 5.95475e+09 5.87807e+08
266198400 -2.79511e+10 6.07961e+09 6.00098e+08
273024000 -2.85237e+10 6.20447e+09 6.1239e+08
279936000 -2.90962e+10 6.32934e+09 6.24681e+08
286934400 -2.96688e+10 6.4542e+09 6.36972e+08
294019200 -3.02414e+10 6.57906e+09 6.49263e+08
301190400 -3.08139e+10 6.70393e+09 6.61555e+08
308448000 -3.13865e+10 6.82879e+09 6.73846e+08
315792000 -3.1959e+10 6.95365e+09 6.86137e+08
323222400 -3.25316e+10 7.07851e+09 6.98428e+08
330739200 -3.31041e+10 7.20338e+09 7.1072e+08
338342400 -3.36767e+10 7.32824e+09 7.23011e+08
346032000 -3.42493e+10 7.4531e+09 7.35302e+08
353808000 -3.48218e+10 7.57796e+09 7.47593e+08
361670400 -3.53944e+10 7.70283e+09 7.59884e+08
369619200 -3.59669e+10 7.82769e+09 7.72176e+08
377654400 -3.65395e+10 7.95255e+09 7.84467e+08
385776000 -3.7112e+10 8.07741e+09 7.96758e+08
393984000 -3.76846e+10 8.20227e+09 8.09049e+08
402278400 -3.82571e+10 8.32713e+09 8.2134e+08
410659200 -3.88297e+10 8.452e+09 8.33631e+08
419126400 -3.94022e+10 8.57686e+09 8.45922e+08
427680000 -3.99748e+10 8.70172e+09 8.58214e+08
436320000 -4.05473e+10 8.82658e+09 8.70505e+08
445046400 -4.11199e+10 8.95144e+09 8.82796e+08
453859200 -4.16925e+10 9.0763e+09 8.95087e+08
462758400 -4.2265e+10 9.20117e+09 9.07378e+08
471744000 -4.28376e+10 9.32603e+09 9.19669e+08
480816000 -4.34101e+10 9.45089e+09 9.3196e+08
489974400 -4.39827e+10 9.57575e+09 9.44251e+08
499219200 -4.45552e+10 9.70061e+09 9.56542e+08
508550400 -4.51278e+10 9.82547e+09 9.68834e+08
517968000 -4.57003e+10 9.95033e+09 9.81125e+08
527472000 -4.62729e+10 1.00752e+10 9.93416e+08
537062400 -4.68454e+10 1.02001e+10 1.00571e+09
546739200 -4.7418e+10 1.03249e+10 1.018e+09
556502400 -4.79905e+10 1.04498e+10 1.03029e+09
566352000 -4.85631e+10 1.05746e+10 1.04258e+09
576288000 -4.91356e+10 1.06995e+10 1.05487e+09
586310400 -4.97082e+10 1.08244e+10 1.06716e+09
596419200 -5.02807e+10 1.09492e+10 1.07945e+09
606614400 -5.08533e+10 1.10741e+10 1.09174e+09
616896000 -5.14258e+10 1.11989e+10 1.10404e+09
627264000 -5.19983e+10 1.13238e+10 1.11633e+09
637718400 -5.25709e+10 1.14487e+10 1.12862e+09
648259200 -5.31434e+10 1.15735e+10 1.14091e+09
658886400 -5.3716e+10 1.16984e+10 1.1532e+09
669600000 -5.42885e+10 1.18232e+10 1.16549e+09
680400000 -5.48611e+10 1.19481e+10 1.17778e+09
691286400 -5.54336e+10 1.2073e+10 1.19007e+09
702259200 -5.60062e+10 1.21978e+10 1.20236e+09
713318400 -5.65787e+10 1.23227e+10 1.21465e+09
724464000 -5.71513e+10 1.24475e+10 1.22695e+09
735696000 -5.77238e+10 1.25724e+10 1.23924e+09
747014400 -5.82964e+10 1.26973e+10 1.25153e+09
758419200 -5.88689e+10 1.28221e+10 1.26382e+09
769910400 -5.94415e+10 1.2947e+10 1.27611e+09
781488000 -6.0014e+10 1.30718e+10 1.2884e+09
793152000 -6.05866e+10 1.31967e+10 1.30069e+09
804902400 -6.11591e+10 1.33216e+10 1.31298e+09
816739200 -6.17316e+10 1.34464e+10 1.32527e+09
828662400 -6.23042e+10 1.35713e+10 1.33756e+09
840672000 -6.28767e+10 1.36961e+10 1.34986e+09
852768000 -6.34493e+10 1.3821e+10 1.36215e+09
864950400 -6.40218e+10 1.39459e+10 1.37444e+09
877219200 -6.45944e+10 1.40707e+10 1.38673e+09
889574400 -6.51669e+10 1.41956e+10 1.39902e+09
902016000 -6.57395e+10 1.43204e+10 1.41131e+09
914544000 -6.6312e+10 1.44453e+10 1.4236e+09
927158400 -6.68846e+10 1.45702e+10 1.43589e+09
939859200 -6.74571e+10 1.4695e+10 1.44818e+09
952646400 -6.80296e+10 1.48199e+10 1.46047e+09
965520000 -6.86022e+10 1.49447e+10 1.47276e+09
978480000 -6.91747e+10 1.50696e+10 1.48506e+09
991526400 -6.97473e+10 1.51945e+10 1.49735e+09
1004659200 -7.03198e+10 1.53193e+10 1.50964e+09
1017878400 -7.08924e+10 1.54442e+10 1.52193e+09
1031184000 -7.14649e+10 1.5569e+10 1.53422e+09
1044576000 -7.20374e+10 1.56939e+10 1.54651e+09
1058054400 -7.261e+10 1.58188e+10 1.5588e+09
1071619200 -7.31825e+10 1.59436e+10 1.57109e+09
1085270400 -7.37551e+10 1.60685e+10 1.58338e+09
1099008000 -7.43276e+10 1.61933e+10 1.59567e+09
1112832000 -7.49002e+10 1.63182e+10 1.60797e+09
1126742400 -7.54727e+10 1.64431e+10 1.62026e+09
1140739200 -7.60453e+10 1.65679e+10 1.63255e+09
1154822400 -7.66178e+10 1.66928e+10 1.64484e+09
1168992000 -7.71903e+10 1.68176e+10 1.65713e+09
1183248000 -7.77629e+10 1.69425e+10 1.66942e+09
1197590400 -7.83354e+10 1.70674e+10 1.68171e+09
1212019200 -7.8908e+10 1.71922e+10 1.694e+09
1226534400 -7.94805e+10 1.73171e+10 1.70629e+09
1241136000 -8.00531e+10 1.74419e+10 1.71858e+09
1255824000 -8.06256e+10 1.75668e+10 1.73087e+09
1270598400 -8.11981e+10 1.76917e+10 1.74317e+09
1285459200 -8.17707e+10 1.78165e+10 1.75546e+09
1300406400 -8.23432e+10 1.79414e+10 1.76775e+09
1315440000 -8.29158e+10 1.80662e+10 1.78004e+09
1330560000 -8.34883e+10 1.81911e+10 1.79233e+09
1345766400 -8.40609e+10 1.83159e+10 1.80462e+09
1361059200 -8.46334e+10 1.84408e+10 1.81691e+09
1376438400 -8.52059e+10 1.85657e+10 1.8292e+09
1391904000 -8.57785e+10 1.86905e+10 1.84149e+09
1407456000 -8.6351e+10 1.88154e+10 1.85378e+09
1423094400 -8.69236e+10 1.89402e+10 1.86607e+09
1438819200 -8.74961e+10 1.90651e+10 1.87837e+09
1454630400 -8.80686e+10 1.919e+10 1.89066e+09
1470528000 -8.86412e+10 1.93148e+10 1.90295e+09
1486512000 -8.92137e+10 1.94397e+10 1.91524e+09
1502582400 -8.97863e+10 1.95645e+10 1.92753e+09
1518739200 -9.03588e+10 1.96894e+10 1.93982e+09
1534982400 -9.09314e+10 1.98143e+10 1.95211e+09
1551312000 -9.15039e+10 1.99391e+10 1.9644e+09
1567728000 -9.20764e+10 2.0064e+10 1.97669e+09
1584230400 -9.2649e+10 2.01888e+10 1.98898e+09
1600819200 -9.32215e+10 2.03137e+10 2.00127e+09
1617494400 -9.37941e+10 2.04386e+10 2.01356e+09
1634256000 -9.43666e+10 2.05634e+10 2.02586e+09
1651104000 -9.49391e+10 2.06883e+10 2.03815e+09
1668038400 -9.55117e+10 2.08131e+10 2.05044e+09
1685059200 -9.60842e+10 2.0938e+10 2.06273e+09
1702166400 -9.66568e+10 2.10628e+10 2.07502e+09
1719360000 -9.72293e+10 2.11877e+10 2.08731e+09
1736640000 -9.78018e+10 2.13126e+10 2.0996e+09
1754006400 -9.83744e+10 2.14374e+10 2.11189e+09
1771459200 -9.89469e+10 2.15623e+10 2.12418e+09
1788998400 -9.95195e+10 2.16871e+10 2.13647e+09
1806624000 -1.00092e+11 2.1812e+10 2.14876e+09
1824336000 -1.00665e+11 2.19369e+10 2.16106e+09
1842134400 -1.01237e+11 2.20617e+10 2.17335e+09
1860019200 -1.0181e+11 2.21866e+10 2.18564e+09
1877990400 -1.02382e+11 2.23114e+10 2.19793e+09
1896048000 -1.02955e+11 2.24363e+10 2.21022e+09
1914192000 -1.03527e+11 2.25612e+10 2.22251e+09
1932422400 -1.041e+11 2.2686e+10 2.2348e+09
1950739200 -1.04672e+11 2.28109e+10 2.24709e+09
1969142400 -1.05245e+11 2.29357e+10 2.25938e+09
1987632000 -1.05817e+11 2.30606e+10 2.27167e+09
2006208000 -1.0639e+11 2.31855e+10 2.28396e+09
2024870400 -1.06962e+11 2.33103e+10 2.29625e+09
2043619200 -1.07535e+11 2.34352e+10 2.30855e+09
2062454400 -1.08108e+11 2.356e+10 2.32084e+09
2081376000 -1.0868e+11 2.36849e+10 2.33313e+09
2100384000 -1.09253e+11 2.38097e+10 2.34542e+09
2119478400 -1.09825e+11 2.39346e+10 2.35771e+09
2138659200 -1.10398e+11 2.40595e+10 2.37e+09
2157926400 -1.1097e+11 2.41843e+10 2.38229e+09
2177280000 -1.11543e+11 2.43092e+10 2.39458e+09
2196720000 -1.12115e+11 2.4434e+10 2.40687e+09
2216246400 -1.12688e+11 2.45589e+10 2.41916e+09
2235859200 -1.1326e+11 2.46838e+10 2.43145e+09
2255558400 -1.13833e+11 2.48086e+10 2.44375e+09
2275344000 -1.14406e+11 2.49335e+10 2.45604e+09
2295216000 -1.14978e+11 2.50583e+10 2.46833e+09
2315174400 -1.15551e+11 2.51832e+10 2.48062e+09
2335219200 -1.16123e+11 2.5308e+10 2.49291e+09
2355350400 -1.16696e+11 2.54329e+10 2.5052e+09
2375568000 -1.17268e+11 2.55578e+10 2.51749e+09
2395872000 -1.17841e+11 2.56826e+10 2.52978e+09
2416262400 -1.18413e+11 2.58075e+10 2.54207e+09
2436739200 -1.18986e+11 2.59323e+10 2.55436e+09
2457302400 -1.19558e+11 2.60572e+10 2.56665e+09
2477952000 -1.20131e+11 2.61821e+10 2.57894e+09
2498688000 -1.20703e+11 2.63069e+10 2.59124e+09
2519510400 -1.21276e+11 2.64318e+10 2.60353e+09
2540419200 -1.21849e+11 2.65566e+10 2.61582e+09
2561414400 -1.22421e+11 2.66815e+10 2.62811e+09
2582496000 -1.22994e+11 2.68064e+10 2.6404e+09
2603664000 -1.23566e+11 2.69312e+10 2.65269e+09
2624918400 -1.24139e+11 2.70561e+10 2.66498e+09
2646259200 -1.24711e+11 2.71809e+10 2.67727e+09
2667686400 -1.25284e+11 2.73058e+10 2.68956e+09
2689200000 -1.25856e+11 2.74306e+10 2.70185e+09
2710800000 -1.26429e+11 2.75555e+10 2.71414e+09
2732486400 -1.27001e+11 2.76804e+10 2.72643e+09
2754259200 -1.27574e+11 2.78052e+10 2.73873e+09
2776118400 -1.28146e+11 2.79301e+10 2.75102e+09
2798064000 -1.28719e+11 2.80549e+10 2.76331e+09
2820096000 -1.29292e+11 2.81798e+10 2.7756e+09
2842214400 -1.29864e+11 2.83047e+10 2.78789e+09
2864419200 -1.30437e+11 2.84295e+10 2.80018e+09
2886710400 -1.31009e+11 2.85544e+10 2.81247e+09
2909088000 -1.31582e+11 2.86792e+10 2.82476e+09
2931552000 -1.32154e+11 2.88041e+10 2.83705e+09
2954102400 -1.32727e+11 2.89289e+10 2.84934e+09
2976739200 -1.33299e+11 2.90538e+10 2.86163e+09
2999462400 -1.33872e+11 2.91787e+10 2.87392e+09
3022272000 -1.34444e+11 2.93035e+10 2.88622e+09
3045168000 -1.35017e+11 2.94284e+10 2.89851e+09
3068150400 -1.35589e+11 2.95532e+10 2.9108e+09
3091219200 -1.36162e+11 2.96781e+10 2.92309e+09
3114374400 -1.36735e+11 2.9803e+10 2.93538e+09
3137616000 -1.37307e+11 2.99278e+10 2.94767e+09
3160944000 -1.3788e+11 3.00527e+10 2.95996e+09
3184358400 -1.38452e+11 3.01775e+10 2.97225e+09
3207859200 -1.39025e+11 3.03024e+10 2.98454e+09
3231446400 -1.39597e+11 3.04273e+10 2.99683e+09
3255120000 -1.4017e+11 3.05521e+10 3.00912e+09
3278880000 -1.40742e+11 3.0677e+10 3.02141e+09
3302726400 -1.41315e+11 3.08018e+10 3.03371e+09
3326659200 -1.41887e+11 3.09267e+10 3.046e+09
3350678400 -1.4246e+11 3.10515e+10 3.05829e+09
3374784000 -1.43032e+11 3.11764e+10 3.07058e+09
3398976000 -1.43605e+11 3.13013e+10 3.08287e+09
3423254400 -1.44178e+11 3.14261e+10 3.09516e+09
3447619200 -1.4475e+11 3.1551e+10 3.10745e+09
3472070400 -1.45323e+11 3.16758e+10 3.11974e+09
3496608000 -1.45895e+11 3.18007e+10 3.13203e+09
3521232000 -1.46468e+11 3.19256e+10 3.14432e+09
3545942400 -1.4704e+11 3.20504e+10 3.15661e+09
3570739200 -1.47613e+11 3.21753e+10 3.1689e+09
3595622400 -1.48185e+11 3.23001e+10 3.1812e+09
3620592000 -1.48758e+11 3.2425e+10 3.19349e+09
3645648000 -1.4933e+11 3.25498e+10 3.20578e+09
3670790400 -1.49903e+11 3.26747e+10 3.21807e+09
3696019200 -1.50475e+11 3.27996e+10 3.23036e+09
3721334400 -1.51048e+11 3.29244e+10 3.24265e+09
3746736000 -1.51621e+11 3.30493e+10 3.25494e+09
3772224000 -1.52193e+11 3.31741e+10 3.26723e+09
3797798400 -1.52766e+11 3.3299e+10 3.27952e+09
3823459200 -1.53338e+11 3.34239e+10 3.29181e+09
3849206400 -1.53911e+11 3.35487e+10 3.3041e+09
3875040000 -1.54483e+11 3.36736e+10 3.31639e+09
3900960000 -1.55056e+11 3.37984e+10 3.32868e+09
3926966400 -1.55628e+11 3.39233e+10 3.34098e+09
3953059200 -1.56201e+11 3.40481e+10 3.35327e+09
3979238400 -1.56773e+11 3.4173e+10 3.36556e+09
4005504000 -1.57346e+11 3.42979e+10 3.37785e+09
4031856000 -1.57918e+11 3.44227e+10 3.39014e+09
4058294400 -1.58491e+11 3.45476e+10 3.40243e+09
4084819200 -1.59064e+11 3.46724e+10 3.41472e+09
4111430400 -1.59636e+11 3.47973e+10 3.42701e+09
4138128000 -1.60209e+11 3.49222e+10 3.4393e+09
4164912000 -1.60781e+11 3.5047e+10 3.45159e+09
4191782400 -1.61354e+11 3.51719e+10 3.46388e+09
4218739200 -1.61926e+11 3.52967e+10 3.47617e+09
4245782400 -1.62499e+11 3.54216e+10 3.48847e+09
4272912000 -1.63071e+11 3.55464e+10 3.50076e+09
4300128000 -1.63644e+11 3.56713e+10 3.51305e+09
4327430400 -1.64216e+11 3.57962e+10 3.52534e+09
4354819200 -1.64789e+11 3.5921e+10 3.53763e+09
4382294400 -1.65361e+11 3.60459e+10 3.54992e+09
4409856000 -1.65934e+11 3.61707e+10 3.56221e+09
4437504000 -1.66507e+11 3.62956e+10 3.5745e+09
4465238400 -1.67079e+11 3.64205e+10 3.58679e+09
4493059200 -1.67652e+11 3.65453e+10 3.59908e+09
4520966400 -1.68224e+11 3.66702e+10 3.61137e+09
4548960000 -1.68797e+11 3.6795e+10 3.62366e+09
4577040000 -1.69369e+11 3.69199e+10 3.63595e+09
4605206400 -1.69942e+11 3.70447e+10 3.64825e+09
4633459200 -1.70514e+11 3.71696e+10 3.66054e+09
4661798400 -1.71087e+11 3.72945e+10 3.67283e+09
4690224000 -1.71659e+11 3.74193e+10 3.68512e+09
4718736000 -1.72232e+11 3.75442e+10 3.69741e+09
4747334400 -1.72804e+11 3.7669e+10 3.7097e+09
4776019200 -1.73377e+11 3.77939e+10 3.72199e+09
4804790400 -1.7395e+11 3.79187e+10 3.73428e+09
4833648000 -1.74522e+11 3.80436e+10 3.74657e+09
4862592000 -1.75095e+11 3.81685e+10 3.75886e+09
4891622400 -1.75667e+11 3.82933e+10 3.77115e+09
4920739200 -1.7624e+11 3.84182e+10 3.78344e+09
4949942400 -1.76812e+11 3.8543e+10 3.79574e+09
4979232000 -1.77385e+11 3.86679e+10 3.80803e+09
5008608000 -1.77957e+11 3.87928e+10 3.82032e+09
5038070400 -1.7853e+11 3.89176e+10 3.83261e+09
5067619200 -1.79102e+11 3.90425e+10 3.8449e+09
5097254400 -1.79675e+11 3.91673e+10 3.85719e+09
5126976000 -1.80247e+11 3.92922e+10 3.86948e+09
5156784000 -1.8082e+11 3.9417e+10 3.88177e+09
5186678400 -1.81392e+11 3.95419e+10 3.89406e+09
5216659200 -1.81965e+11 3.96668e+10 3.90635e+09
5246726400 -1.82538e+11 3.97916e+10 3.91864e+09
5276880000 -1.8311e+11 3.99165e+10 3.93093e+09
5307120000 -1.83683e+11 4.00413e+10 3.94322e+09
5337446400 -1.84255e+11 4.01662e+10 3.95552e+09
5367859200 -1.84828e+11 4.02911e+10 3.96781e+09
5398358400 -1.854e+11 4.04159e+10 3.9801e+09
5428944000 -1.85973e+11 4.05408e+10 3.99239e+09
5459616000 -1.86545e+11 4.06656e+10 4.00468e+09
5490374400 -1.87118e+11 4.07905e+10 4.01697e+09
5521219200 -1.8769e+11 4.09153e+10 4.02926e+09
5552150400 -1.88263e+11 4.10402e+10 4.04155e+09
5583168000 -1.88835e+11 4.11651e+10 4.05384e+09
5614272000 -1.89408e+11 4.12899e+10 4.06613e+09
5645462400 -1.89981e+11 4.14148e+10 4.07842e+09
5676739200 -1.90553e+11 4.15396e+10 4.09071e+09
5708102400 -1.91126e+11 4.16645e+10 4.10301e+09
5739552000 -1.91698e+11 4.17894e+10 4.1153e+09
5771088000 -1.92271e+11 4.19142e+10 4.12759e+09
5802710400 -1.92843e+11 4.20391e+10 4.13988e+09
5834419200 -1.93416e+11 4.21639e+10 4.15217e+09
5866214400 -1.93988e+11 4.22888e+10 4.16446e+09
5898096000 -1.94561e+11 4.24136e+10 4.17675e+09
5930064000 -1.95133e+11 4.25385e+10 4.18904e+09
5962118400 -1.95706e+11 4.26634e+10 4.20133e+09
5994259200 -1.96278e+11 4.27882e+10 4.21362e+09
6026486400 -1.96851e+11 4.29131e+10 4.22591e+09
6058800000 -1.97424e+11 4.30379e+10 4.2382e+09
6091200000 -1.97996e+11 4.31628e+10 4.25049e+09
6123686400 -1.98569e+11 4.32876e+10 4.26279e+09
6156259200 -1.99141e+11 4.34125e+10 4.27508e+09
6188918400 -1.99714e+11 4.35374e+10 4.28737e+09
6221664000 -2.00286e+11 4.36622e+10 4.29966e+09
6254496000 -2.00859e+11 4.37871e+10 4.31195e+09
6287414400 -2.01431e+11 4.39119e+10 4.32424e+09
6320419200 -2.02004e+11 4.40368e+10 4.33653e+09
6353510400 -2.02576e+11 4.41617e+10 4.34882e+09
6386688000 -2.03149e+11 4.42865e+10 4.36111e+09
6419952000 -2.03721e+11 4.44114e+10 4.3734e+09
6453302400 -2.04294e+11 4.45362e+10 4.38569e+09
6486739200 -2.04867e+11 4.46611e+10 4.39798e+09
6520262400 -2.05439e+11 4.47859e+10 4.41027e+09
6553872000 -2.06012e+11 4.49108e+10 4.42257e+09
6587568000 -2.06584e+11 4.50357e+10 4.43486e+09
6621350400 -2.07157e+11 4.51605e+10 4.44715e+09
6655219200 -2.07729e+11 4.52854e+10 4.45944e+09
6689174400 -2.08302e+11 4.54102e+10 4.47173e+09
6723216000 -2.08874e+11 4.55351e+10 4.48402e+09
6757344000 -2.09447e+11 4.566e+10 4.49631e+09
6791558400 -2.10019e+11 4.57848e+10 4.5086e+09
6825859200 -2.10592e+11 4.59097e+10 4.52089e+09
6860246400 -2.11164e+11 4.60345e+10 4.53318e+09
6894720000 -2.11737e+11 4.61594e+10 4.54547e+09
6929280000 -2.12309e+11 4.62842e+10 4.55776e+09
6963926400 -2.12882e+11 4.64091e+10 4.57006e+09
6998659200 -2.13455e+11 4.6534e+10 4.58235e+09
7033478400 -2.14027e+11 4.66588e+10 4.59464e+09
7068384000 -2.146e+11 4.67837e+10 4.60693e+09
7103376000 -2.15172e+11 4.69085e+10 4.61922e+09
7138454400 -2.15745e+11 4.70334e+10 4.63151e+09
7173619200 -2.16317e+11 4.71582e+10 4.6438e+09
7208870400 -2.1689e+11 4.72831e+10 4.65609e+09
7244208000 -2.17462e+11 4.7408e+10 4.66838e+09
7279632000 -2.18035e+11 4.75328e+10 4.68067e+09
7315142400 -2.18607e+11 4.76577e+10 4.69296e+09
7350739200 -2.1918e+11 4.77825e+10 4.70525e+09
7386422400 -2.19752e+11 4.79074e+10 4.71754e+09
7422192000 -2.20325e+11 4.80323e+10 4.72984e+09
7458048000 -2.20898e+11 4.81571e+10 4.74213e+09
7493990400 -2.2147e+11 4.8282e+10 4.75442e+09
7530019200 -2.22043e+11 4.84068e+10 4.76671e+09
7566134400 -2.22615e+11 4.85317e+10 4.779e+09
7602336000 -2.23188e+11 4.86565e+10 4.79129e+09
7638624000 -2.2376e+11 4.87814e+10 4.80358e+09
7674998400 -2.24333e+11 4.89063e+10 4.81587e+09
7711459200 -2.24905e+11 4.90311e+10 4.82816e+09
7748006400 -2.25478e+11 4.9156e+10 4.84045e+09
7784640000 -2.2605e+11 4.92808e+10 4.85274e+09
7821360000 -2.26623e+11 4.94057e+10 4.86503e+09
7858166400 -2.27195e+11 4.95305e+10 4.87732e+09
7895059200 -2.27768e+11 4.96554e+10 4.88962e+09
7932038400 -2.2834e+11 4.97803e+10 4.90191e+09
7969104000 -2.28913e+11 4.99051e+10 4.9142e+09
8006256000 -2.29486e+11 5.003e+10 4.92649e+09
8043494400 -2.30058e+11 5.01548e+10 4.93878e+09
8080819200 -2.30631e+11 5.02797e+10 4.95107e+09
8118230400 -2.31203e+11 5.04046e+10 4.96336e+09
8155728000 -2.31776e+11 5.05294e+10 4.97565e+09
8193312000 -2.32348e+11 5.06543e+10 4.98794e+09
8230982400 -2.32921e+11 5.07791e+10 5.00023e+09
8268739200 -2.33493e+11 5.0904e+10 5.01252e+09
8306582400 -2.34066e+11 5.10288e+10 5.02481e+09
8344512000 -2.34638e+11 5.11537e+10 5.0371e+09
8382528000 -2.35211e+11 5.12786e+10 5.0494e+09
8420630400 -2.35783e+11 5.14034e+10 5.06169e+09
8458819200 -2.36356e+11 5.15283e+10 5.07398e+09
8497094400 -2.36929e+11 5.16531e+10 5.08627e+09
8535456000 -2.37501e+11 5.1778e+10 5.09856e+09
8573904000 -2.38074e+11 5.19028e+10 5.11085e+09
8612438400 -2.38646e+11 5.20277e+10 5.12314e+09
8651059200 -2.39219e+11 5.21526e+10 5.13543e+09
8689766400 -2.39791e+11 5.22774e+10 5.14772e+09
8728560000 -2.40364e+11 5.24023e+10 5.16001e+09
8767440000 -2.40936e+11 5.25271e+10 5.1723e+09
8806406400 -2.41509e+11 5.2652e+10 5.18459e+09
8845459200 -2.42081e+11 5.27769e+10 5.19688e+09
8884598400 -2.42654e+11 5.29017e+10 5.20918e+09
8923824000 -2.43226e+11 5.30266e+10 5.22147e+09
8963136000 -2.43799e+11 5.31514e+10 5.23376e+09
9002534400 -2.44372e+11 5.32763e+10 5.24605e+09
9042019200 -2.44944e+11 5.34011e+10 5.25834e+09
9081590400 -2.45517e+11 5.3526e+10 5.27063e+09
9121248000 -2.46089e+11 5.36509e+10 5.28292e+09
9160992000 -2.46662e+11 5.37757e+10 5.29521e+09
9200822400 -2.47234e+11 5.39006e+10 5.3075e+09
9240739200 -2.47807e+11 5.40254e+10 5.31979e+09
9280742400 -2.48379e+11 5.41503e+10 5.33208e+09
9320832000 -2.48952e+11 5.42752e+10 5.34437e+09
9361008000 -2.49524e+11 5.44e+10 5.35666e+09
9401270400 -2.50097e+11 5.45249e+10 5.36896e+09
9441619200 -2.50669e+11 5.46497e+10 5.38125e+09
9482054400 -2.51242e+11 5.47746e+10 5.39354e+09
9522576000 -2.51814e+11 5.48994e+10 5.40583e+09
9563184000 -2.52387e+11 5.50243e+10 5.41812e+09
9603878400 -2.5296e+11 5.51492e+10 5.43041e+09
9644659200 -2.53532e+11 5.5274e+10 5.4427e+09
9685526400 -2.54105e+11 5.53989e+10 5.45499e+09
9726480000 -2.54677e+11 5.55237e+10 5.46728e+09
9767520000 -2.5525e+11 5.56486e+10 5.47957e+09
9808646400 -2.55822e+11 5.57734e+10 5.49186e+09
9849859200 -2.56395e+11 5.58983e+10 5.50415e+09
9891158400 -2.56967e+11 5.60232e+10 5.51644e+09
9932544000 -2.5754e+11 5.6148e+10 5.52874e+09
9974016000 -2.58112e+11 5.62729e+10 5.54103e+09
10015574400 -2.58685e+11 5.63977e+10 5.55332e+09
10057219200 -2.59257e+11 5.65226e+10 5.56561e+09
10098950400 -2.5983e+11 5.66474e+10 5.5779e+09
10140768000 -2.60403e+11 5.67723e+10 5.59019e+09
10182672000 -2.60975e+11 5.68972e+10 5.60248e+09
10224662400 -2.61548e+11 5.7022e+10 5.61477e+09
10266739200 -2.6212e+11 5.71469e+10 5.62706e+09
10308902400 -2.62693e+11 5.72717e+10 5.63935e+09
10351152000 -2.63265e+11 5.73966e+10 5.65164e+09
10393488000 -2.63838e+11 5.75215e+10 5.66393e+09
10435910400 -2.6441e+11 5.76463e+10 5.67622e+09
10478419200 -2.64983e+11 5.77712e+10 5.68852e+09
10521014400 -2.65555e+11 5.7896e+10 5.70081e+09
10563696000 -2.66128e+11 5.80209e+10 5.7131e+09
10606464000 -2.667e+11 5.81457e+10 5.72539e+09
10649318400 -2.67273e+11 5.82706e+10 5.73768e+09
10692259200 -2.67845e+11 5.83955e+10 5.74997e+09
10735286400 -2.68418e+11 5.85203e+10 5.76226e+09
10778400000 -2.68991e+11 5.86452e+10 5.77455e+09
10821600000 -2.69563e+11 5.877e+10 5.78684e+09
10864886400 -2.70136e+11 5.88949e+10 5.79913e+09
10908259200 -2.70708e+11 5.90197e+10 5.81142e+09
10951718400 -2.71281e+11 5.91446e+10 5.82371e+09
10995264000 -2.71853e+11 5.92695e+10 5.836e+09
11038896000 -2.72426e+11 5.93943e+10 5.8483e+09
11082614400 -2.72998e+11 5.95192e+10 5.86059e+09
11126419200 -2.73571e+11 5.9644e+10 5.87288e+09
11170310400 -2.74143e+11 5.97689e+10 5.88517e+09
11214288000 -2.74716e+11 5.98938e+10 5.89746e+09
11258352000 -2.75288e+11 6.00186e+10 5.90975e+09
11302502400 -2.75861e+11 6.01435e+10 5.92204e+09
11346739200 -2.76434e+11 6.02683e+10 5.93433e+09
11391062400 -2.77006e+11 6.03932e+10 5.94662e+09
11435472000 -2.77579e+11 6.0518e+10 5.95891e+09
11479968000 -2.78151e+11 6.06429e+10 5.9712e+09
11524550400 -2.78724e+11 6.07678e+10 5.98349e+09
11569219200 -2.79296e+11 6.08926e+10 5.99578e+09
11613974400 -2.79869e+11 6.10175e+10 6.00808e+09
11658816000 -2.80441e+11 6.11423e+10 6.02037e+09
11703744000 -2.81014e+11 6.12672e+10 6.03266e+09
11748758400 -2.81586e+11 6.1392e+10 6.04495e+09
11793859200 -2.82159e+11 6.15169e+10 6.05724e+09
11839046400 -2.82731e+11 6.16418e+10 6.06953e+09
11884320000 -2.83304e+11 6.17666e+10 6.08182e+09
11929680000 -2.83876e+11 6.18915e+10 6.09411e+09
11975126400 -2.84449e+11 6.20163e+10 6.1064e+09
12020659200 -2.85022e+11 6.21412e+10 6.11869e+09
12066278400 -2.85594e+11 6.22661e+10 6.13098e+09
12111984000 -2.86167e+11 6.23909e+10 6.14327e+09
12157776000 -2.86739e+11 6.25158e+10 6.15556e+09
12203654400 -2.87312e+11 6.26406e+10 6.16786e+09
12249619200 -2.87884e+11 6.27655e+10 6.18015e+09
12295670400 -2.88457e+11 6.28903e+10 6.19244e+09
12341808000 -2.89029e+11 6.30152e+10 6.20473e+09
12388032000 -2.89602e+11 6.31401e+10 6.21702e+09
12434342400 -2.90174e+11 6.32649e+10 6.22931e+09
12480739200 -2.90747e+11 6.33898e+10 6.2416e+09
12527222400 -2.91319e+11 6.35146e+10 6.25389e+09
12573792000 -2.91892e+11 6.36395e+10 6.26618e+09
12620448000 -2.92465e+11 6.37643e+10 6.27847e+09
12667190400 -2.93037e+11 6.38892e+10 6.29076e+09
12714019200 -2.9361e+11 6.40141e+10 6.30305e+09
12760934400 -2.94182e+11 6.41389e+10 6.31534e+09
12807936000 -2.94755e+11 6.42638e+10 6.32763e+09
12855024000 -2.95327e+11 6.43886e+10 6.33993e+09
12902198400 -2.959e+11 6.45135e+10 6.35222e+09
12949459200 -2.96472e+11 6.46384e+10 6.36451e+09
12996806400 -2.97045e+11 6.47632e+10 6.3768e+09
13044240000 -2.97617e+11 6.48881e+10 6.38909e+09
13091760000 -2.9819e+11 6.50129e+10 6.40138e+09
13139366400 -2.98762e+11 6.51378e+10 6.41367e+09
13187059200 -2.99335e+11 6.52626e+10 6.42596e+09
13234838400 -2.99907e+11 6.53875e+10 6.43825e+09
13282704000 -3.0048e+11 6.55124e+10 6.45054e+09
13330656000 -3.01053e+11 6.56372e+10 6.46283e+09
13378694400 -3.01625e+11 6.57621e+10 6.47512e+09
13426819200 -3.02198e+11 6.58869e+10 6.48741e+09
13475030400 -3.0277e+11 6.60118e+10 6.49971e+09
13523328000 -3.03343e+11 6.61366e+10 6.512e+09
13571712000 -3.03915e+11 6.62615e+10 6.52429e+09
13620182400 -3.04488e+11 6.63864e+10 6.53658e+09
13668739200 -3.0506e+11 6.65112e+10 6.54887e+09
13717382400 -3.05633e+11 6.66361e+10 6.56116e+09
13766112000 -3.06205e+11 6.67609e+10 6.57345e+09
13814928000 -3.06778e+11 6.68858e+10 6.58574e+09
13863830400 -3.0735e+11 6.70106e+10 6.59803e+09
13912819200 -3.07923e+11 6.71355e+10 6.61032e+09
13961894400 -3.08496e+11 6.72604e+10 6.62261e+09
14011056000 -3.09068e+11 6.73852e+10 6.6349e+09
14060304000 -3.09641e+11 6.75101e+10 6.64719e+09
14109638400 -3.10213e+11 6.76349e+10 6.65949e+09
14159059200 -3.10786e+11 6.77598e+10 6.67178e+09
14208566400 -3.11358e+11 6.78847e+10 6.68407e+09
14258160000 -3.11931e+11 6.80095e+10 6.69636e+09
14307840000 -3.12503e+11 6.81344e+10 6.70865e+09
14357606400 -3.13076e+11 6.82592e+10 6.72094e+09
14407459200 -3.13648e+11 6.83841e+10 6.73323e+09
14457398400 -3.14221e+11 6.85089e+10 6.74552e+09
14507424000 -3.14793e+11 6.86338e+10 6.75781e+09
14557536000 -3.15366e+11 6.87587e+10 6.7701e+09
14607734400 -3.15938e+11 6.88835e+10 6.78239e+09
14658019200 -3.16511e+11 6.90084e+10 6.79468e+09
14708390400 -3.17084e+11 6.91332e+10 6.80697e+09
14758848000 -3.17656e+11 6.92581e+10 6.81927e+09
14809392000 -3.18229e+11 6.93829e+10 6.83156e+09
14860022400 -3.18801e+11 6.95078e+10 6.84385e+09
14910739200 -3.19374e+11 6.96327e+10 6.85614e+09
14961542400 -3.19946e+11 6.97575e+10 6.86843e+09
15012432000 -3.20519e+11 6.98824e+10 6.88072e+09
15063408000 -3.21091e+11 7.00072e+10 6.89301e+09
15114470400 -3.21664e+11 7.01321e+10 6.9053e+09
15165619200 -3.22236e+11 7.02569e+10 6.91759e+09
15216854400 -3.22809e+11 7.03818e+10 6.92988e+09
15268176000 -3.23381e+11 7.05067e+10 6.94217e+09
15319584000 -3.23954e+11 7.06315e+10 6.95446e+09
15371078400 -3.24526e+11 7.07564e+10 6.96675e+09
15422659200 -3.25099e+11 7.08812e+10 6.97904e+09
15474326400 -3.25672e+11 7.10061e+10 6.99134e+09
15526080000 -3.26244e+11 7.1131e+10 7.00363e+09
15577920000 -3.26817e+11 7.12558e+10 7.01592e+09
15629846400 -3.27389e+11 7.13807e+10 7.02821e+09
15681859200 -3.27962e+11 7.15055e+10 7.0405e+09
15733958400 -3.28534e+11 7.16304e+10 7.05279e+09
15786144000 -3.29107e+11 7.17552e+10 7.06508e+09
15838416000 -3.29679e+11 7.18801e+10 7.07737e+09
15890774400 -3.30252e+11 7.2005e+10 7.08966e+09
15943219200 -3.30824e+11 7.21298e+10 7.10195e+09
15995750400 -3.31397e+11 7.22547e+10 7.11424e+09
16048368000 -3.31969e+11 7.23795e+10 7.12653e+09
16101072000 -3.32542e+11 7.25044e+10 7.13882e+09
16153862400 -3.33115e+11 7.26292e+10 7.15112e+09
16206739200 -3.33687e+11 7.27541e+10 7.16341e+09
16259702400 -3.3426e+11 7.2879e+10 7.1757e+09
16312752000 -3.34832e+11 7.30038e+10 7.18799e+09
16365888000 -3.35405e+11 7.31287e+10 7.20028e+09
16419110400 -3.35977e+11 7.32535e+10 7.21257e+09
16472419200 -3.3655e+11 7.33784e+10 7.22486e+09
16525814400 -3.37122e+11 7.35032e+10 7.23715e+09
16579296000 -3.37695e+11 7.36281e+10 7.24944e+09
16632864000 -3.38267e+11 7.3753e+10 7.26173e+09
16686518400 -3.3884e+11 7.38778e+10 7.27402e+09
16740259200 -3.39412e+11 7.40027e+10 7.28631e+09
16794086400 -3.39985e+11 7.41275e+10 7.2986e+09
16848000000 -3.40557e+11 7.42524e+10 7.3109e+09
16902000000 -3.4113e+11 7.43773e+10 7.32319e+09
16956086400 -3.41703e+11 7.45021e+10 7.33548e+09
17010259200 -3.42275e+11 7.4627e+10 7.34777e+09
17064518400 -3.42848e+11 7.47518e+10 7.36006e+09
17118864000 -3.4342e+11 7.48767e+10 7.37235e+09
17173296000 -3.43993e+11 7.50015e+10 7.38464e+09
17227814400 -3.44565e+11 7.51264e+10 7.39693e+09
17282419200 -3.45138e+11 7.52513e+10 7.40922e+09
17337110400 -3.4571e+11 7.53761e+10 7.42151e+09
17391888000 -3.46283e+11 7.5501e+10 7.4338e+09
17446752000 -3.46855e+11 7.56258e+10 7.44609e+09
17501702400 -3.47428e+11 7.57507e+10 7.45838e+09
17556739200 -3.48e+11 7.58755e+10 7.47067e+09
17611862400 -3.48573e+11 7.60004e+10 7.48297e+09
17667072000 -3.49145e+11 7.61253e+10 7.49526e+09
17722368000 -3.49718e+11 7.62501e+10 7.50755e+09
17777750400 -3.50291e+11 7.6375e+10 7.51984e+09
17833219200 -3.50863e+11 7.64998e+10 7.53213e+09
17888774400 -3.51436e+11 7.66247e+10 7.54442e+09
17944416000 -3.52008e+11 7.67495e+10 7.55671e+09
18000144000 -3.52581e+11 7.68744e+10 7.569e+09
18055958400 -3.53153e+11 7.69993e+10 7.58129e+09
18111859200 -3.53726e+11 7.71241e+10 7.59358e+09
18167846400 -3.54298e+11 7.7249e+10 7.60587e+09
18223920000 -3.54871e+11 7.73738e+10 7.61816e+09
18280080000 -3.55443e+11 7.74987e+10 7.63045e+09
18336326400 -3.56016e+11 7.76236e+10 7.64275e+09
18392659200 -3.56588e+11 7.77484e+10 7.65504e+09
18449078400 -3.57161e+11 7.78733e+10 7.66733e+09
18505584000 -3.57734e+11 7.79981e+10 7.67962e+09
18562176000 -3.58306e+11 7.8123e+10 7.69191e+09
18618854400 -3.58879e+11 7.82478e+10 7.7042e+09
18675619200 -3.59451e+11 7.83727e+10 7.71649e+09
18732470400 -3.60024e+11 7.84976e+10 7.72878e+09
18789408000 -3.60596e+11 7.86224e+10 7.74107e+09
18846432000 -3.61169e+11 7.87473e+10 7.75336e+09
18903542400 -3.61741e+11 7.88721e+10 7.76565e+09
18960739200 -3.62314e+11 7.8997e+10 7.77794e+09
19018022400 -3.62886e+11 7.91218e+10 7.79023e+09
19075392000 -3.63459e+11 7.92467e+10 7.80253e+09
19132848000 -3.64031e+11 7.93716e+10 7.81482e+09
19190390400 -3.64604e+11 7.94964e+10 7.82711e+09
19248019200 -3.65176e+11 7.96213e+10 7.8394e+09
19305734400 -3.65749e+11 7.97461e+10 7.85169e+09
19363536000 -3.66322e+11 7.9871e+10 7.86398e+09
19421424000 -3.66894e+11 7.99958e+10 7.87627e+09
19479398400 -3.67467e+11 8.01207e+10 7.88856e+09
19537459200 -3.68039e+11 8.02456e+10 7.90085e+09
19595606400 -3.68612e+11 8.03704e+10 7.91314e+09
19653840000 -3.69184e+11 8.04953e+10 7.92543e+09
19712160000 -3.69757e+11 8.06201e+10 7.93772e+09
19770566400 -3.70329e+11 8.0745e+10 7.95001e+09
19829059200 -3.70902e+11 8.08699e+10 7.9623e+09
19887638400 -3.71474e+11 8.09947e+10 7.9746e+09
19946304000 -3.72047e+11 8.11196e+10 7.98689e+09
20005056000 -3.72619e+11 8.12444e+10 7.99918e+09
20063894400 -3.73192e+11 8.13693e+10 8.01147e+09
20122819200 -3.73765e+11 8.14941e+10 8.02376e+09
20181830400 -3.74337e+11 8.1619e+10 8.03605e+09
20240928000 -3.7491e+11 8.17439e+10 8.04834e+09
20300112000 -3.75482e+11 8.18687e+10 8.06063e+09
20359382400 -3.76055e+11 8.19936e+10 8.07292e+09
20418739200 -3.76627e+11 8.21184e+10 8.08521e+09
20478182400 -3.772e+11 8.22433e+10 8.0975e+09
20537712000 -3.77772e+11 8.23681e+10 8.10979e+09
20597328000 -3.78345e+11 8.2493e+10 8.12208e+09
20657030400 -3.78917e+11 8.26179e+10 8.13438e+09
20716819200 -3.7949e+11 8.27427e+10 8.14667e+09
20776694400 -3.80062e+11 8.28676e+10 8.15896e+09
20836656000 -3.80635e+11 8.29924e+10 8.17125e+09
20896704000 -3.81207e+11 8.31173e+10 8.18354e+09
20956838400 -3.8178e+11 8.32421e+10 8.19583e+09
21017059200 -3.82353e+11 8.3367e+10 8.20812e+09
21077366400 -3.82925e+11 8.34919e+10 8.22041e+09
21137760000 -3.83498e+11 8.36167e+10 8.2327e+09
21198240000 -3.8407e+11 8.37416e+10 8.24499e+09
21258806400 -3.84643e+11 8.38664e+10 8.25728e+09
21319459200 -3.85215e+11 8.39913e+10 8.26957e+09
21380198400 -3.85788e+11 8.41162e+10 8.28186e+09
21441024000 -3.8636e+11 8.4241e+10 8.29415e+09
21501936000 -3.86933e+11 8.43659e+10 8.30645e+09
21562934400 -3.87505e+11 8.44907e+10 8.31874e+09
21624019200 -3.88078e+11 8.46156e+10 8.33103e+09
21685190400 -3.8865e+11 8.47404e+10 8.34332e+09
21746448000 -3.89223e+11 8.48653e+10 8.35561e+09
21807792000 -3.89795e+11 8.49902e+10 8.3679e+09
21869222400 -3.90368e+11 8.5115e+10 8.38019e+09
21930739200 -3.90941e+11 8.52399e+10 8.39248e+09
21992342400 -3.91513e+11 8.53647e+10 8.40477e+09
22054032000 -3.92086e+11 8.54896e+10 8.41706e+09
22115808000 -3.92658e+11 8.56144e+10 8.42935e+09
22177670400 -3.93231e+11 8.57393e+10 8.44164e+09
22239619200 -3.93803e+11 8.58642e+10 8.45393e+09
22301654400 -3.94376e+11 8.5989e+10 8.46623e+09
22363776000 -3.94948e+11 8.61139e+10 8.47852e+09
22425984000 -3.95521e+11 8.62387e+10 8.49081e+09
22488278400 -3.96093e+11 8.63636e+10 8.5031e+09
22550659200 -3.96666e+11 8.64884e+10 8.51539e+09
22613126400 -3.97238e+11 8.66133e+10 8.52768e+09
22675680000 -3.97811e+11 8.67382e+10 8.53997e+09
22738320000 -3.98383e+11 8.6863e+10 8.55226e+09
22801046400 -3.98956e+11 8.69879e+10 8.56455e+09
22863859200 -3.99529e+11 8.71127e+10 8.57684e+09
22926758400 -4.00101e+11 8.72376e+10 8.58913e+09
22989744000 -4.00674e+11 8.73625e+10 8.60142e+09
23052816000 -4.01246e+11 8.74873e+10 8.61371e+09
23115974400 -4.01819e+11 8.76122e+10 8.62601e+09
23179219200 -4.02391e+11 8.7737e+10 8.6383e+09
23242550400 -4.02964e+11 8.78619e+10 8.65059e+09
23305968000 -4.03536e+11 8.79867e+10 8.66288e+09
23369472000 -4.04109e+11 8.81116e+10 8.67517e+09
23433062400 -4.04681e+11 8.82365e+10 8.68746e+09
23496739200 -4.05254e+11 8.83613e+10 8.69975e+09
23560502400 -4.05826e+11 8.84862e+10 8.71204e+09
23624352000 -4.06399e+11 8.8611e+10 8.72433e+09
23688288000 -4.06972e+11 8.87359e+10 8.73662e+09
23752310400 -4.07544e+11 8.88607e+10 8.74891e+09
23816419200 -4.08117e+11 8.89856e+10 8.7612e+09
23880614400 -4.08689e+11 8.91105e+10 8.77349e+09
23944896000 -4.09262e+11 8.92353e+10 8.78578e+09
24009264000 -4.09834e+11 8.93602e+10 8.79808e+09
24073718400 -4.10407e+11 8.9485e+10 8.81037e+09
24138259200 -4.10979e+11 8.96099e+10 8.82266e+09
24202886400 -4.11552e+11 8.97347e+10 8.83495e+09
24267600000 -4.12124e+11 8.98596e+10 8.84724e+09
24332400000 -4.12697e+11 8.99845e+10 8.85953e+09
24397286400 -4.13269e+11 9.01093e+10 8.87182e+09
24462259200 -4.13842e+11 9.02342e+10 8.88411e+09
24527318400 -4.14414e+11 9.0359e+10 8.8964e+09
24592464000 -4.14987e+11 9.04839e+10 8.90869e+09
24657696000 -4.1556e+11 9.06087e+10 8.92098e+09
24723014400 -4.16132e+11 9.07336e+10 8.93327e+09
24788419200 -4.16705e+11 9.08585e+10 8.94556e+09
24853910400 -4.17277e+11 9.09833e+10 8.95786e+09
24919488000 -4.1785e+11 9.11082e+10 8.97015e+09
24985152000 -4.18422e+11 9.1233e+10 8.98244e+09
25050902400 -4.18995e+11 9.13579e+10 8.99473e+09
25116739200 -4.19567e+11 9.14828e+10 9.00702e+09
25182662400 -4.2014e+11 9.16076e+10 9.01931e+09
25248672000 -4.20712e+11 9.17325e+10 9.0316e+09
25314768000 -4.21285e+11 9.18573e+10 9.04389e+09
25380950400 -4.21857e+11 9.19822e+10 9.05618e+09
25447219200 -4.2243e+11 9.2107e+10 9.06847e+09
25513574400 -4.23002e+11 9.22319e+10 9.08076e+09
25580016000 -4.23575e+11 9.23568e+10 9.09305e+09
25646544000 -4.24148e+11 9.24816e+10 9.10534e+09
25713158400 -4.2472e+11 9.26065e+10 9.11763e+09
25779859200 -4.25293e+11 9.27313e+10 9.12993e+09
25846646400 -4.25865e+11 9.28562e+10 9.14222e+09
25913520000 -4.26438e+11 9.2981e+10 9.15451e+09
25980480000 -4.2701e+11 9.31059e+10 9.1668e+09
26047526400 -4.27583e+11 9.32308e+10 9.17909e+09
26114659200 -4.28155e+11 9.33556e+10 9.19138e+09
26181878400 -4.28728e+11 9.34805e+10 9.20367e+09
26249184000 -4.293e+11 9.36053e+10 9.21596e+09
26316576000 -4.29873e+11 9.37302e+10 9.22825e+09
26384054400 -4.30445e+11 9.3855e+10 9.24054e+09
26451619200 -4.31018e+11 9.39799e+10 9.25283e+09
26519270400 -4.31591e+11 9.41048e+10 9.26512e+09
26587008000 -4.32163e+11 9.42296e+10 9.27741e+09
26654832000 -4.32736e+11 9.43545e+10 9.28971e+09
26722742400 -4.33308e+11 9.44793e+10 9.302e+09
26790739200 -4.33881e+11 9.46042e+10 9.31429e+09
26858822400 -4.34453e+11 9.4729e+10 9.32658e+09
26926992000 -4.35026e+11 9.48539e+10 9.33887e+09
26995248000 -4.35598e+11 9.49788e+10 9.35116e+09
27063590400 -4.36171e+11 9.51036e+10 9.36345e+09
27132019200 -4.36743e+11 9.52285e+10 9.37574e+09
27200534400 -4.37316e+11 9.53533e+10 9.38803e+09
27269136000 -4.37888e+11 9.54782e+10 9.40032e+09
27337824000 -4.38461e+11 9.56031e+10 9.41261e+09
27406598400 -4.39033e+11 9.57279e+10 9.4249e+09
27475459200 -4.39606e+11 9.58528e+10 9.43719e+09
27544406400 -4.40179e+11 9.59776e+10 9.44948e+09
27613440000 -4.40751e+11 9.61025e+10 9.46178e+09
27682560000 -4.41324e+11 9.62273e+10 9.47407e+09
27751766400 -4.41896e+11 9.63522e+10 9.48636e+09
27821059200 -4.42469e+11 9.64771e+10 9.49865e+09
27890438400 -4.43041e+11 9.66019e+10 9.51094e+09
27959904000 -4.43614e+11 9.67268e+10 9.52323e+09
28029456000 -4.44186e+11 9.68516e+10 9.53552e+09
28099094400 -4.44759e+11 9.69765e+10 9.54781e+09
28168819200 -4.45331e+11 9.71013e+10 9.5601e+09
28238630400 -4.45904e+11 9.72262e+10 9.57239e+09
28308528000 -4.46476e+11 9.73511e+10 9.58468e+09
28378512000 -4.47049e+11 9.74759e+10 9.59697e+09
28448582400 -4.47621e+11 9.76008e+10 9.60926e+09
28518739200 -4.48194e+11 9.77256e+10 9.62156e+09
28588982400 -4.48767e+11 9.78505e+10 9.63385e+09
28659312000 -4.49339e+11 9.79753e+10 9.64614e+09
28729728000 -4.49912e+11 9.81002e+10 9.65843e+09
28800230400 -4.50484e+11 9.82251e+10 9.67072e+09
28870819200 -4.51057e+11 9.83499e+10 9.68301e+09
28941494400 -4.51629e+11 9.84748e+10 9.6953e+09
29012256000 -4.52202e+11 9.85996e+10 9.70759e+09
29083104000 -4.52774e+11 9.87245e+10 9.71988e+09
29154038400 -4.53347e+11 9.88493e+10 9.73217e+09
29225059200 -4.53919e+11 9.89742e+10 9.74446e+09
29296166400 -4.54492e+11 9.90991e+10 9.75675e+09
29367360000 -4.55064e+11 9.92239e+10 9.76904e+09
29438640000 -4.55637e+11 9.93488e+10 9.78133e+09
29510006400 -4.56209e+11 9.94736e+10 9.79363e+09
29581459200 -4.56782e+11 9.95985e+10 9.80592e+09
29652998400 -4.57355e+11 9.97234e+10 9.81821e+09
29724624000 -4.57927e+11 9.98482e+10 9.8305e+09
29796336000 -4.585e+11 9.99731e+10 9.84279e+09
29868134400 -4.59072e+11 1.00098e+11 9.85508e+09
29940019200 -4.59645e+11 1.00223e+11 9.86737e+09
30011990400 -4.60217e+11 1.00348e+11 9.87966e+09
30084048000 -4.6079e+11 1.00472e+11 9.89195e+09
30156192000 -4.61362e+11 1.00597e+11 9.90424e+09
30228422400 -4.61935e+11 1.00722e+11 9.91653e+09
30300739200 -4.62507e+11 1.00847e+11 9.92882e+09
30373142400 -4.6308e+11 1.00972e+11 9.94111e+09
30445632000 -4.63652e+11 1.01097e+11 9.9534e+09
30518208000 -4.64225e+11 1.01222e+11 9.9657e+09
30590870400 -4.64798e+11 1.01347e+11 9.97799e+09
30663619200 -4.6537e+11 1.01471e+11 9.99028e+09
30736454400 -4.65943e+11 1.01596e+11 1.00026e+10
30809376000 -4.66515e+11 1.01721e+11 1.00149e+10
30882384000 -4.67088e+11 1.01846e+11 1.00271e+10
30955478400 -4.6766e+11 1.01971e+11 1.00394e+10
31028659200 -4.68233e+11 1.02096e+11 1.00517e+10
31101926400 -4.68805e+11 1.02221e+11 1.0064e+10
31175280000 -4.69378e+11 1.02345e+11 1.00763e+10
31248720000 -4.6995e+11 1.0247e+11 1.00886e+10
31322246400 -4.70523e+11 1.02595e+11 1.01009e+10
31395859200 -4.71095e+11 1.0272e+11 1.01132e+10
31469558400 -4.71668e+11 1.02845e+11 1.01255e+10
31543344000 -4.7224e+11 1.0297e+11 1.01378e+10
31617216000 -4.72813e+11 1.03095e+11 1.01501e+10
31691174400 -4.73386e+11 1.03219e+11 1.01623e+10
31765219200 -4.73958e+11 1.03344e+11 1.01746e+10
31839350400 -4.74531e+11 1.03469e+11 1.01869e+10
31913568000 -4.75103e+11 1.03594e+11 1.01992e+10
31987872000 -4.75676e+11 1.03719e+11 1.02115e+10
32062262400 -4.76248e+11 1.03844e+11 1.02238e+10
32136739200 -4.76821e+11 1.03969e+11 1.02361e+10
32211302400 -4.77393e+11 1.04093e+11 1.02484e+10
32285952000 -4.77966e+11 1.04218e+11 1.02607e+10
32360688000 -4.78538e+11 1.04343e+11 1.0273e+10
32435510400 -4.79111e+11 1.04468e+11 1.02853e+10
32510419200 -4.79683e+11 1.04593e+11 1.02975e+10
32585414400 -4.80256e+11 1.04718e+11 1.03098e+10
32660496000 -4.80828e+11 1.04843e+11 1.03221e+10
32735664000 -4.81401e+11 1.04967e+11 1.03344e+10
32810918400 -4.81974e+11 1.05092e+11 1.03467e+10
32886259200 -4.82546e+11 1.05217e+11 1.0359e+10
32961686400 -4.83119e+11 1.05342e+11 1.03713e+10
33037200000 -4.83691e+11 1.05467e+11 1.03836e+10
33112800000 -4.84264e+11 1.05592e+11 1.03959e+10
33188486400 -4.84836e+11 1.05717e+11 1.04082e+10
33264259200 -4.85409e+11 1.05841e+11 1.04205e+10
33340118400 -4.85981e+11 1.05966e+11 1.04327e+10
33416064000 -4.86554e+11 1.06091e+11 1.0445e+10
33492096000 -4.87126e+11 1.06216e+11 1.04573e+10
33568214400 -4.87699e+11 1.06341e+11 1.04696e+10
33644419200 -4.88271e+11 1.06466e+11 1.04819e+10
33720710400 -4.88844e+11 1.06591e+11 1.04942e+10
33797088000 -4.89416e+11 1.06715e+11 1.05065e+10
33873552000 -4.89989e+11 1.0684e+11 1.05188e+10
33950102400 -4.90562e+11 1.06965e+11 1.05311e+10
34026739200 -4.91134e+11 1.0709e+11 1.05434e+10
34103462400 -4.91707e+11 1.07215e+11 1.05557e+10
34180272000 -4.92279e+11 1.0734e+11 1.05679e+10
34257168000 -4.92852e+11 1.07465e+11 1.05802e+10
34334150400 -4.93424e+11 1.07589e+11 1.05925e+10
34411219200 -4.93997e+11 1.07714e+11 1.06048e+10
34488374400 -4.94569e+11 1.07839e+11 1.06171e+10
34565616000 -4.95142e+11 1.07964e+11 1.06294e+10
34642944000 -4.95714e+11 1.08089e+11 1.06417e+10
34720358400 -4.96287e+11 1.08214e+11 1.0654e+10
34797859200 -4.96859e+11 1.08339e+11 1.06663e+10
34875446400 -4.97432e+11 1.08463e+11 1.06786e+10
34953120000 -4.98005e+11 1.08588e+11 1.06908e+10
35030880000 -4.98577e+11 1.08713e+11 1.07031e+10
35108726400 -4.9915e+11 1.08838e+11 1.07154e+10
35186659200 -4.99722e+11 1.08963e+11 1.07277e+10
35264678400 -5.00295e+11 1.09088e+11 1.074e+10
35342784000 -5.00867e+11 1.09213e+11 1.07523e+10
35420976000 -5.0144e+11 1.09337e+11 1.07646e+10
35499254400 -5.02012e+11 1.09462e+11 1.07769e+10
35577619200 -5.02585e+11 1.09587e+11 1.07892e+10
35656070400 -5.03157e+11 1.09712e+11 1.08015e+10
35734608000 -5.0373e+11 1.09837e+11 1.08138e+10
35813232000 -5.04302e+11 1.09962e+11 1.0826e+10
35891942400 -5.04875e+11 1.10087e+11 1.08383e+10
35970739200 -5.05447e+11 1.10211e+11 1.08506e+10
36049622400 -5.0602e+11 1.10336e+11 1.08629e+10
36128592000 -5.06593e+11 1.10461e+11 1.08752e+10
36207648000 -5.07165e+11 1.10586e+11 1.08875e+10
36286790400 -5.07738e+11 1.10711e+11 1.08998e+10
36366019200 -5.0831e+11 1.10836e+11 1.09121e+10
36445334400 -5.08883e+11 1.10961e+11 1.09244e+10
36524736000 -5.09455e+11 1.11085e+11 1.09367e+10
36604224000 -5.10028e+11 1.1121e+11 1.0949e+10
36683798400 -5.106e+11 1.11335e+11 1.09612e+10
36763459200 -5.11173e+11 1.1146e+11 1.09735e+10
36843206400 -5.11745e+11 1.11585e+11 1.09858e+10
36923040000 -5.12318e+11 1.1171e+11 1.09981e+10
37002960000 -5.1289e+11 1.11835e+11 1.10104e+10
37082966400 -5.13463e+11 1.11959e+11 1.10227e+10
37163059200 -5.14035e+11 1.12084e+11 1.1035e+10
37243238400 -5.14608e+11 1.12209e+11 1.10473e+10
37323504000 -5.15181e+11 1.12334e+11 1.10596e+10
37403856000 -5.15753e+11 1.12459e+11 1.10719e+10
37484294400 -5.16326e+11 1.12584e+11 1.10842e+10
37564819200 -5.16898e+11 1.12709e+11 1.10964e+10
37645430400 -5.17471e+11 1.12833e+11 1.11087e+10
37726128000 -5.18043e+11 1.12958e+11 1.1121e+10
37806912000 -5.18616e+11 1.13083e+11 1.11333e+10
37887782400 -5.19188e+11 1.13208e+11 1.11456e+10
37968739200 -5.19761e+11 1.13333e+11 1.11579e+10
38049782400 -5.20333e+11 1.13458e+11 1.11702e+10
38130912000 -5.20906e+11 1.13583e+11 1.11825e+10
38212128000 -5.21478e+11 1.13707e+11 1.11948e+10
38293430400 -5.22051e+11 1.13832e+11 1.12071e+10
38374819200 -5.22623e+11 1.13957e+11 1.12194e+10
38456294400 -5.23196e+11 1.14082e+11 1.12316e+10
38537856000 -5.23769e+11 1.14207e+11 1.12439e+10
38619504000 -5.24341e+11 1.14332e+11 1.12562e+10
38701238400 -5.24914e+11 1.14457e+11 1.12685e+10
38783059200 -5.25486e+11 1.14581e+11 1.12808e+10
38864966400 -5.26059e+11 1.14706e+11 1.12931e+10
38946960000 -5.26631e+11 1.14831e+11 1.13054e+10
39029040000 -5.27204e+11 1.14956e+11 1.13177e+10
39111206400 -5.27776e+11 1.15081e+11 1.133e+10
39193459200 -5.28349e+11 1.15206e+11 1.13423e+10
39275798400 -5.28921e+11 1.15331e+11 1.13545e+10
39358224000 -5.29494e+11 1.15455e+11 1.13668e+10
39440736000 -5.30066e+11 1.1558e+11 1.13791e+10
39523334400 -5.30639e+11 1.15705e+11 1.13914e+10
39606019200 -5.31211e+11 1.1583e+11 1.14037e+10
39688790400 -5.31784e+11 1.15955e+11 1.1416e+10
39771648000 -5.32357e+11 1.1608e+11 1.14283e+10
39854592000 -5.32929e+11 1.16205e+11 1.14406e+10
39937622400 -5.33502e+11 1.16329e+11 1.14529e+10
40020739200 -5.34074e+11 1.16454e+11 1.14652e+10
40103942400 -5.34647e+11 1.16579e+11 1.14775e+10
40187232000 -5.35219e+11 1.16704e+11 1.14897e+10
40270608000 -5.35792e+11 1.16829e+11 1.1502e+10
40354070400 -5.36364e+11 1.16954e+11 1.15143e+10
40437619200 -5.36937e+11 1.17079e+11 1.15266e+10
40521254400 -5.37509e+11 1.17203e+11 1.15389e+10
40604976000 -5.38082e+11 1.17328e+11 1.15512e+10
40688784000 -5.38654e+11 1.17453e+11 1.15635e+10
40772678400 -5.39227e+11 1.17578e+11 1.15758e+10
40856659200 -5.398e+11 1.17703e+11 1.15881e+10
40940726400 -5.40372e+11 1.17828e+11 1.16004e+10
41024880000 -5.40945e+11 1.17953e+11 1.16127e+10
41109120000 -5.41517e+11 1.18077e+11 1.16249e+10
41193446400 -5.4209e+11 1.18202e+11 1.16372e+10
41277859200 -5.42662e+11 1.18327e+11 1.16495e+10
41362358400 -5.43235e+11 1.18452e+11 1.16618e+10
41446944000 -5.43807e+11 1.18577e+11 1.16741e+10
41531616000 -5.4438e+11 1.18702e+11 1.16864e+10
41616374400 -5.44952e+11 1.18827e+11 1.16987e+10
41701219200 -5.45525e+11 1.18951e+11 1.1711e+10
41786150400 -5.46097e+11 1.19076e+11 1.17233e+10
41871168000 -5.4667e+11 1.19201e+11 1.17356e+10
41956272000 -5.47242e+11 1.19326e+11 1.17479e+10
42041462400 -5.47815e+11 1.19451e+11 1.17601e+10
42126739200 -5.48388e+11 1.19576e+11 1.17724e+10
42212102400 -5.4896e+11 1.19701e+11 1.17847e+10
42297552000 -5.49533e+11 1.19825e+11 1.1797e+10
42383088000 -5.50105e+11 1.1995e+11 1.18093e+10
42468710400 -5.50678e+11 1.20075e+11 1.18216e+10
42554419200 -5.5125e+11 1.202e+11 1.18339e+10
42640214400 -5.51823e+11 1.20325e+11 1.18462e+10
42726096000 -5.52395e+11 1.2045e+11 1.18585e+10
42812064000 -5.52968e+11 1.20575e+11 1.18708e+10
42898118400 -5.5354e+11 1.20699e+11 1.18831e+10
42984259200 -5.54113e+11 1.20824e+11 1.18953e+10
43070486400 -5.54685e+11 1.20949e+11 1.19076e+10
43156800000 -5.55258e+11 1.21074e+11 1.19199e+10
