0 -3.01216e+09 4.03027e+09 -1.49305e+09
86400 -3.01208e+09 4.0303e+09 -1.49304e+09
259200 -3.01199e+09 4.0303e+09 -1.49301e+09
518400 -3.01187e+09 4.03027e+09 -1.49297e+09
864000 -3.01173e+09 4.03022e+09 -1.49293e+09
1296000 -3.01157e+09 4.03013e+09 -1.49287e+09
1814400 -3.01139e+09 4.03002e+09 -1.4928e+09
2419200 -3.01119e+09 4.02988e+09 -1.49272e+09
3110400 -3.01096e+09 4.02972e+09 -1.49263e+09
3888000 -3.01072e+09 4.02952e+09 -1.49254e+09
4752000 -3.01046e+09 4.0293e+09 -1.49243e+09
5702400 -3.01017e+09 4.02905e+09 -1.49231e+09
6739200 -3.00987e+09 4.02877e+09 -1.49218e+09
7862400 -3.00954e+09 4.02847e+09 -1.49204e+09
9072000 -3.0092e+09 4.02814e+09 -1.49189e+09
10368000 -3.00883e+09 4.02778e+09 -1.49173e+09
11750400 -3.00844e+09 4.02739e+09 -1.49156e+09
13219200 -3.00804e+09 4.02697e+09 -1.49138e+09
14774400 -3.00761e+09 4.02653e+09 -1.49119e+09
16416000 -3.00716e+09 4.02606e+09 -1.49098e+09
18144000 -3.00669e+09 4.02556e+09 -1.49077e+09
19958400 -3.0062e+09 4.02503e+09 -1.49055e+09
21859200 -3.00569e+09 4.02448e+09 -1.49032e+09
23846400 -3.00515e+09 4.0239e+09 -1.49008e+09
25920000 -3.0046e+09 4.02329e+09 -1.48982e+09
28080000 -3.00403e+09 4.02265e+09 -1.48956e+09
30326400 -3.00343e+09 4.02198e+09 -1.48929e+09
32659200 -3.00282e+09 4.02129e+09 -1.48901e+09
35078400 -3.00218e+09 4.02057e+09 -1.48871e+09
37584000 -3.00152e+09 4.01982e+09 -1.48841e+09
40176000 -3.00085e+09 4.01905e+09 -1.48809e+09
42854400 -3.00015e+09 4.01824e+09 -1.48777e+09
45619200 -2.99943e+09 4.01741e+09 -1.48743e+09
48470400 -2.99869e+09 4.01655e+09 -1.48709e+09
51408000 -2.99793e+09 4.01566e+09 -1.48673e+09
54432000 -2.99715e+09 4.01475e+09 -1.48637e+09
57542400 -2.99635e+09 4.0138e+09 -1.48599e+09
60739200 -2.99552e+09 4.01283e+09 -1.4856e+09
64022400 -2.99468e+09 4.01183e+09 -1.48521e+09
67392000 -2.99381e+09 4.0108e+09 -1.4848e+09
70848000 -2.99293e+09 4.00975e+09 -1.48438e+09
74390400 -2.99202e+09 4.00867e+09 -1.48395e+09
78019200 -2.9911e+09 4.00755e+09 -1.48352e+09
81734400 -2.99015e+09 4.00642e+09 -1.48307e+09
85536000 -2.98918e+09 4.00525e+09 -1.48261e+09
89424000 -2.98819e+09 4.00405e+09 -1.48214e+09
93398400 -2.98718e+09 4.00283e+09 -1.48166e+09
97459200 -2.98615e+09 4.00158e+09 -1.48117e+09
101606400 -2.9851e+09 4.0003e+09 -1.48067e+09
105840000 -2.98402e+09 3.999e+09 -1.48016e+09
110160000 -2.98293e+09 3.99766e+09 -1.47964e+09
114566400 -2.98181e+09 3.9963e+09 -1.47911e+09
119059200 -2.98068e+09 3.99491e+09 -1.47857e+09
123638400 -2.97952e+09 3.99349e+09 -1.47801e+09
128304000 -2.97834e+09 3.99204e+09 -1.47745e+09
133056000 -2.97714e+09 3.99057e+09 -1.47688e+09
137894400 -2.97592e+09 3.98906e+09 -1.4763e+09
142819200 -2.97468e+09 3.98753e+09 -1.4757e+09
147830400 -2.97342e+09 3.98597e+09 -1.4751e+09
152928000 -2.97214e+09 3.98439e+09 -1.47448e+09
158112000 -2.97083e+09 3.98277e+09 -1.47386e+09
163382400 -2.96951e+09 3.98113e+09 -1.47322e+09
168739200 -2.96816e+09 3.97946e+09 -1.47258e+09
174182400 -2.96679e+09 3.97776e+09 -1.47192e+09
179712000 -2.9654e+09 3.97603e+09 -1.47126e+09
185328000 -2.96399e+09 3.97427e+09 -1.47058e+09
191030400 -2.96256e+09 3.97249e+09 -1.46989e+09
196819200 -2.96111e+09 3.97068e+09 -1.46919e+09
202694400 -2.95964e+09 3.96883e+09 -1.46849e+09
208656000 -2.95814e+09 3.96697e+09 -1.46777e+09
214704000 -2.95663e+09 3.96507e+09 -1.46704e+09
220838400 -2.95509e+09 3.96314e+09 -1.4663e+09
227059200 -2.95353e+09 3.96119e+09 -1.46555e+09
233366400 -2.95195e+09 3.9592e+09 -1.46479e+09
239760000 -2.95035e+09 3.95719e+09 -1.46402e+09
246240000 -2.94873e+09 3.95515e+09 -1.46323e+09
252806400 -2.94708e+09 3.95308e+09 -1.46244e+09
259459200 -2.94542e+09 3.95099e+09 -1.46164e+09
266198400 -2.94373e+09 3.94886e+09 -1.46083e+09
273024000 -2.94202e+09 3.94671e+09 -1.46e+09
279936000 -2.94029e+09 3.94453e+09 -1.45917e+09
286934400 -2.93854e+09 3.94231e+09 -1.45832e+09
294019200 -2.93677e+09 3.94007e+09 -1.45747e+09
301190400 -2.93498e+09 3.93781e+09 -1.4566e+09
308448000 -2.93316e+09 3.93551e+09 -1.45573e+09
315792000 -2.93132e+09 3.93318e+09 -1.45484e+09
323222400 -2.92946e+09 3.93083e+09 -1.45394e+09
330739200 -2.92758e+09 3.92844e+09 -1.45303e+09
338342400 -2.92568e+09 3.92603e+09 -1.45211e+09
346032000 -2.92376e+09 3.92359e+09 -1.45118e+09
353808000 -2.92181e+09 3.92112e+09 -1.45024e+09
361670400 -2.91984e+09 3.91862e+09 -1.44929e+09
369619200 -2.91785e+09 3.91609e+09 -1.44833e+09
377654400 -2.91584e+09 3.91354e+09 -1.44736e+09
385776000 -2.91381e+09 3.91095e+09 -1.44637e+09
393984000 -2.91175e+09 3.90834e+09 -1.44538e+09
402278400 -2.90968e+09 3.90569e+09 -1.44438e+09
410659200 -2.90758e+09 3.90302e+09 -1.44336e+09
419126400 -2.90546e+09 3.90032e+09 -1.44233e+09
427680000 -2.90332e+09 3.89759e+09 -1.4413e+09
436320000 -2.90115e+09 3.89483e+09 -1.44025e+09
445046400 -2.89896e+09 3.89204e+09 -1.43919e+09
453859200 -2.89676e+09 3.88922e+09 -1.43812e+09
462758400 -2.89453e+09 3.88637e+09 -1.43704e+09
471744000 -2.89227e+09 3.88349e+09 -1.43595e+09
480816000 -2.89e+09 3.88058e+09 -1.43485e+09
489974400 -2.8877e+09 3.87765e+09 -1.43374e+09
499219200 -2.88538e+09 3.87468e+09 -1.43261e+09
508550400 -2.88304e+09 3.87169e+09 -1.43148e+09
517968000 -2.88068e+09 3.86866e+09 -1.43033e+09
527472000 -2.87829e+09 3.86561e+09 -1.42918e+09
537062400 -2.87588e+09 3.86252e+09 -1.42801e+09
546739200 -2.87345e+09 3.85941e+09 -1.42683e+09
556502400 -2.871e+09 3.85626e+09 -1.42564e+09
566352000 -2.86852e+09 3.85309e+09 -1.42444e+09
576288000 -2.86602e+09 3.84989e+09 -1.42323e+09
586310400 -2.8635e+09 3.84665e+09 -1.42201e+09
596419200 -2.86096e+09 3.84339e+09 -1.42078e+09
606614400 -2.85839e+09 3.8401e+09 -1.41954e+09
616896000 -2.8558e+09 3.83678e+09 -1.41828e+09
627264000 -2.85319e+09 3.83342e+09 -1.41701e+09
637718400 -2.85056e+09 3.83004e+09 -1.41574e+09
648259200 -2.8479e+09 3.82663e+09 -1.41445e+09
658886400 -2.84522e+09 3.82318e+09 -1.41315e+09
669600000 -2.84252e+09 3.81971e+09 -1.41184e+09
680400000 -2.8398e+09 3.8162e+09 -1.41052e+09
691286400 -2.83705e+09 3.81267e+09 -1.40918e+09
702259200 -2.83428e+09 3.80911e+09 -1.40784e+09
713318400 -2.83148e+09 3.80551e+09 -1.40649e+09
724464000 -2.82867e+09 3.80189e+09 -1.40512e+09
735696000 -2.82582e+09 3.79823e+09 -1.40374e+09
747014400 -2.82296e+09 3.79454e+09 -1.40235e+09
758419200 -2.82007e+09 3.79082e+09 -1.40095e+09
769910400 -2.81717e+09 3.78708e+09 -1.39954e+09
781488000 -2.81423e+09 3.7833e+09 -1.39812e+09
793152000 -2.81128e+09 3.77949e+09 -1.39668e+09
804902400 -2.8083e+09 3.77565e+09 -1.39524e+09
816739200 -2.80529e+09 3.77178e+09 -1.39378e+09
828662400 -2.80227e+09 3.76787e+09 -1.39231e+09
840672000 -2.79922e+09 3.76394e+09 -1.39083e+09
852768000 -2.79614e+09 3.75998e+09 -1.38934e+09
864950400 -2.79305e+09 3.75598e+09 -1.38784e+09
877219200 -2.78992e+09 3.75195e+09 -1.38633e+09
889574400 -2.78678e+09 3.74789e+09 -1.3848e+09
902016000 -2.78361e+09 3.74381e+09 -1.38326e+09
914544000 -2.78042e+09 3.73968e+09 -1.38171e+09
927158400 -2.7772e+09 3.73553e+09 -1.38015e+09
939859200 -2.77396e+09 3.73135e+09 -1.37858e+09
952646400 -2.7707e+09 3.72713e+09 -1.377e+09
965520000 -2.76741e+09 3.72288e+09 -1.3754e+09
978480000 -2.7641e+09 3.71861e+09 -1.3738e+09
991526400 -2.76077e+09 3.71429e+09 -1.37218e+09
1004659200 -2.75741e+09 3.70995e+09 -1.37055e+09
1017878400 -2.75402e+09 3.70558e+09 -1.36891e+09
1031184000 -2.75061e+09 3.70117e+09 -1.36725e+09
1044576000 -2.74718e+09 3.69673e+09 -1.36559e+09
1058054400 -2.74372e+09 3.69226e+09 -1.36391e+09
1071619200 -2.74024e+09 3.68776e+09 -1.36222e+09
1085270400 -2.73673e+09 3.68322e+09 -1.36052e+09
1099008000 -2.7332e+09 3.67866e+09 -1.35881e+09
1112832000 -2.72965e+09 3.67406e+09 -1.35708e+09
1126742400 -2.72607e+09 3.66942e+09 -1.35534e+09
1140739200 -2.72246e+09 3.66476e+09 -1.3536e+09
1154822400 -2.71883e+09 3.66006e+09 -1.35183e+09
1168992000 -2.71518e+09 3.65533e+09 -1.35006e+09
1183248000 -2.7115e+09 3.65057e+09 -1.34828e+09
1197590400 -2.7078e+09 3.64577e+09 -1.34648e+09
1212019200 -2.70407e+09 3.64094e+09 -1.34467e+09
1226534400 -2.70031e+09 3.63608e+09 -1.34285e+09
1241136000 -2.69653e+09 3.63118e+09 -1.34102e+09
1255824000 -2.69273e+09 3.62625e+09 -1.33917e+09
1270598400 -2.6889e+09 3.62129e+09 -1.33731e+09
1285459200 -2.68504e+09 3.61629e+09 -1.33544e+09
1300406400 -2.68116e+09 3.61127e+09 -1.33356e+09
1315440000 -2.67725e+09 3.6062e+09 -1.33167e+09
1330560000 -2.67332e+09 3.60111e+09 -1.32976e+09
1345766400 -2.66936e+09 3.59598e+09 -1.32784e+09
1361059200 -2.66538e+09 3.59081e+09 -1.32591e+09
1376438400 -2.66137e+09 3.58562e+09 -1.32396e+09
1391904000 -2.65733e+09 3.58038e+09 -1.32201e+09
1407456000 -2.65327e+09 3.57512e+09 -1.32004e+09
1423094400 -2.64918e+09 3.56982e+09 -1.31805e+09
1438819200 -2.64507e+09 3.56448e+09 -1.31606e+09
1454630400 -2.64093e+09 3.55912e+09 -1.31405e+09
1470528000 -2.63677e+09 3.55371e+09 -1.31203e+09
1486512000 -2.63257e+09 3.54827e+09 -1.31e+09
1502582400 -2.62835e+09 3.5428e+09 -1.30795e+09
1518739200 -2.62411e+09 3.53729e+09 -1.3059e+09
1534982400 -2.61984e+09 3.53175e+09 -1.30383e+09
1551312000 -2.61554e+09 3.52618e+09 -1.30174e+09
1567728000 -2.61121e+09 3.52056e+09 -1.29965e+09
1584230400 -2.60686e+09 3.51492e+09 -1.29754e+09
1600819200 -2.60248e+09 3.50923e+09 -1.29541e+09
1617494400 -2.59808e+09 3.50351e+09 -1.29328e+09
1634256000 -2.59364e+09 3.49776e+09 -1.29113e+09
1651104000 -2.58918e+09 3.49197e+09 -1.28897e+09
1668038400 -2.58469e+09 3.48615e+09 -1.28679e+09
1685059200 -2.58018e+09 3.48029e+09 -1.28461e+09
1702166400 -2.57564e+09 3.47439e+09 -1.28241e+09
1719360000 -2.57107e+09 3.46846e+09 -1.28019e+09
1736640000 -2.56647e+09 3.46249e+09 -1.27796e+09
1754006400 -2.56184e+09 3.45648e+09 -1.27572e+09
1771459200 -2.55719e+09 3.45044e+09 -1.27347e+09
1788998400 -2.55251e+09 3.44436e+09 -1.2712e+09
1806624000 -2.5478e+09 3.43825e+09 -1.26892e+09
1824336000 -2.54306e+09 3.43209e+09 -1.26663e+09
1842134400 -2.5383e+09 3.42591e+09 -1.26432e+09
1860019200 -2.5335e+09 3.41968e+09 -1.262e+09
1877990400 -2.52868e+09 3.41342e+09 -1.25966e+09
1896048000 -2.52383e+09 3.40712e+09 -1.25731e+09
1914192000 -2.51895e+09 3.40078e+09 -1.25495e+09
1932422400 -2.51404e+09 3.3944e+09 -1.25258e+09
1950739200 -2.50911e+09 3.38799e+09 -1.25019e+09
1969142400 -2.50414e+09 3.38154e+09 -1.24778e+09
1987632000 -2.49915e+09 3.37505e+09 -1.24536e+09
2006208000 -2.49412e+09 3.36852e+09 -1.24293e+09
2024870400 -2.48907e+09 3.36196e+09 -1.24049e+09
2043619200 -2.48399e+09 3.35536e+09 -1.23803e+09
2062454400 -2.47888e+09 3.34871e+09 -1.23555e+09
2081376000 -2.47373e+09 3.34203e+09 -1.23306e+09
2100384000 -2.46856e+09 3.33531e+09 -1.23056e+09
2119478400 -2.46336e+09 3.32856e+09 -1.22805e+09
2138659200 -2.45813e+09 3.32176e+09 -1.22552e+09
2157926400 -2.45287e+09 3.31492e+09 -1.22297e+09
2177280000 -2.44758e+09 3.30805e+09 -1.22041e+09
2196720000 -2.44226e+09 3.30113e+09 -1.21784e+09
2216246400 -2.4369e+09 3.29418e+09 -1.21525e+09
2235859200 -2.43152e+09 3.28718e+09 -1.21264e+09
2255558400 -2.42611e+09 3.28015e+09 -1.21003e+09
2275344000 -2.42066e+09 3.27307e+09 -1.20739e+09
2295216000 -2.41519e+09 3.26595e+09 -1.20475e+09
2315174400 -2.40968e+09 3.2588e+09 -1.20209e+09
2335219200 -2.40414e+09 3.2516e+09 -1.19941e+09
2355350400 -2.39857e+09 3.24436e+09 -1.19672e+09
2375568000 -2.39297e+09 3.23708e+09 -1.19401e+09
2395872000 -2.38734e+09 3.22976e+09 -1.19129e+09
2416262400 -2.38168e+09 3.2224e+09 -1.18855e+09
2436739200 -2.37598e+09 3.215e+09 -1.1858e+09
2457302400 -2.37025e+09 3.20755e+09 -1.18303e+09
2477952000 -2.36449e+09 3.20007e+09 -1.18025e+09
2498688000 -2.3587e+09 3.19254e+09 -1.17745e+09
2519510400 -2.35288e+09 3.18497e+09 -1.17464e+09
2540419200 -2.34702e+09 3.17735e+09 -1.17181e+09
2561414400 -2.34113e+09 3.1697e+09 -1.16896e+09
2582496000 -2.3352e+09 3.162e+09 -1.1661e+09
2603664000 -2.32925e+09 3.15426e+09 -1.16322e+09
2624918400 -2.32326e+09 3.14647e+09 -1.16033e+09
2646259200 -2.31723e+09 3.13864e+09 -1.15742e+09
2667686400 -2.31118e+09 3.13077e+09 -1.1545e+09
2689200000 -2.30508e+09 3.12285e+09 -1.15156e+09
2710800000 -2.29896e+09 3.11489e+09 -1.1486e+09
2732486400 -2.2928e+09 3.10689e+09 -1.14563e+09
2754259200 -2.28661e+09 3.09884e+09 -1.14264e+09
2776118400 -2.28038e+09 3.09074e+09 -1.13964e+09
2798064000 -2.27412e+09 3.08261e+09 -1.13662e+09
2820096000 -2.26782e+09 3.07442e+09 -1.13358e+09
2842214400 -2.26149e+09 3.06619e+09 -1.13053e+09
2864419200 -2.25512e+09 3.05792e+09 -1.12745e+09
2886710400 -2.24872e+09 3.04959e+09 -1.12437e+09
2909088000 -2.24228e+09 3.04123e+09 -1.12126e+09
2931552000 -2.2358e+09 3.03281e+09 -1.11814e+09
2954102400 -2.22929e+09 3.02435e+09 -1.115e+09
2976739200 -2.22275e+09 3.01585e+09 -1.11185e+09
2999462400 -2.21617e+09 3.00729e+09 -1.10867e+09
3022272000 -2.20955e+09 2.99869e+09 -1.10548e+09
3045168000 -2.20289e+09 2.99004e+09 -1.10228e+09
3068150400 -2.1962e+09 2.98134e+09 -1.09905e+09
3091219200 -2.18947e+09 2.9726e+09 -1.09581e+09
3114374400 -2.1827e+09 2.9638e+09 -1.09255e+09
3137616000 -2.17589e+09 2.95496e+09 -1.08927e+09
3160944000 -2.16905e+09 2.94607e+09 -1.08598e+09
3184358400 -2.16217e+09 2.93713e+09 -1.08266e+09
3207859200 -2.15525e+09 2.92814e+09 -1.07933e+09
3231446400 -2.14829e+09 2.9191e+09 -1.07598e+09
3255120000 -2.14129e+09 2.91001e+09 -1.07261e+09
3278880000 -2.13426e+09 2.90087e+09 -1.06923e+09
3302726400 -2.12718e+09 2.89168e+09 -1.06582e+09
3326659200 -2.12007e+09 2.88243e+09 -1.0624e+09
3350678400 -2.11291e+09 2.87314e+09 -1.05896e+09
3374784000 -2.10572e+09 2.8638e+09 -1.05549e+09
3398976000 -2.09848e+09 2.8544e+09 -1.05201e+09
3423254400 -2.09121e+09 2.84495e+09 -1.04852e+09
3447619200 -2.08389e+09 2.83545e+09 -1.045e+09
3472070400 -2.07654e+09 2.82589e+09 -1.04146e+09
3496608000 -2.06914e+09 2.81628e+09 -1.0379e+09
3521232000 -2.0617e+09 2.80662e+09 -1.03433e+09
3545942400 -2.05422e+09 2.79691e+09 -1.03073e+09
3570739200 -2.04669e+09 2.78714e+09 -1.02712e+09
3595622400 -2.03912e+09 2.77731e+09 -1.02348e+09
3620592000 -2.03152e+09 2.76743e+09 -1.01982e+09
3645648000 -2.02386e+09 2.7575e+09 -1.01615e+09
3670790400 -2.01617e+09 2.7475e+09 -1.01245e+09
3696019200 -2.00843e+09 2.73746e+09 -1.00874e+09
3721334400 -2.00064e+09 2.72735e+09 -1.005e+09
3746736000 -1.99282e+09 2.71719e+09 -1.00124e+09
3772224000 -1.98494e+09 2.70697e+09 -9.97461e+08
3797798400 -1.97703e+09 2.6967e+09 -9.93661e+08
3823459200 -1.96906e+09 2.68636e+09 -9.8984e+08
3849206400 -1.96106e+09 2.67597e+09 -9.85998e+08
3875040000 -1.953e+09 2.66552e+09 -9.82134e+08
3900960000 -1.9449e+09 2.65501e+09 -9.78249e+08
3926966400 -1.93675e+09 2.64443e+09 -9.74342e+08
3953059200 -1.92856e+09 2.6338e+09 -9.70412e+08
3979238400 -1.92032e+09 2.62311e+09 -9.66461e+08
4005504000 -1.91203e+09 2.61235e+09 -9.62487e+08
4031856000 -1.90369e+09 2.60154e+09 -9.58491e+08
4058294400 -1.8953e+09 2.59066e+09 -9.54472e+08
4084819200 -1.88687e+09 2.57972e+09 -9.50431e+08
4111430400 -1.87838e+09 2.56871e+09 -9.46366e+08
4138128000 -1.86985e+09 2.55764e+09 -9.42279e+08
4164912000 -1.86126e+09 2.54651e+09 -9.38167e+08
4191782400 -1.85262e+09 2.53531e+09 -9.34033e+08
4218739200 -1.84394e+09 2.52405e+09 -9.29874e+08
4245782400 -1.8352e+09 2.51272e+09 -9.25692e+08
4272912000 -1.82641e+09 2.50132e+09 -9.21485e+08
4300128000 -1.81756e+09 2.48986e+09 -9.17254e+08
4327430400 -1.80867e+09 2.47833e+09 -9.12999e+08
4354819200 -1.79972e+09 2.46673e+09 -9.08718e+08
4382294400 -1.79071e+09 2.45506e+09 -9.04413e+08
4409856000 -1.78166e+09 2.44332e+09 -9.00082e+08
4437504000 -1.77254e+09 2.43152e+09 -8.95726e+08
4465238400 -1.76337e+09 2.41964e+09 -8.91345e+08
4493059200 -1.75415e+09 2.40769e+09 -8.86937e+08
4520966400 -1.74487e+09 2.39566e+09 -8.82503e+08
4548960000 -1.73553e+09 2.38357e+09 -8.78043e+08
4577040000 -1.72613e+09 2.3714e+09 -8.73556e+08
4605206400 -1.71668e+09 2.35916e+09 -8.69042e+08
4633459200 -1.70716e+09 2.34684e+09 -8.64501e+08
4661798400 -1.69759e+09 2.33444e+09 -8.59933e+08
4690224000 -1.68796e+09 2.32197e+09 -8.55336e+08
4718736000 -1.67826e+09 2.30942e+09 -8.50712e+08
4747334400 -1.66851e+09 2.2968e+09 -8.4606e+08
4776019200 -1.65869e+09 2.28409e+09 -8.41378e+08
4804790400 -1.64881e+09 2.2713e+09 -8.36668e+08
4833648000 -1.63886e+09 2.25844e+09 -8.31929e+08
4862592000 -1.62886e+09 2.24549e+09 -8.2716e+08
4891622400 -1.61878e+09 2.23246e+09 -8.22362e+08
4920739200 -1.60864e+09 2.21935e+09 -8.17533e+08
4949942400 -1.59844e+09 2.20615e+09 -8.12674e+08
4979232000 -1.58817e+09 2.19287e+09 -8.07784e+08
5008608000 -1.57783e+09 2.1795e+09 -8.02863e+08
5038070400 -1.56742e+09 2.16604e+09 -7.9791e+08
5067619200 -1.55694e+09 2.1525e+09 -7.92926e+08
5097254400 -1.54639e+09 2.13886e+09 -7.87909e+08
5126976000 -1.53577e+09 2.12514e+09 -7.8286e+08
5156784000 -1.52508e+09 2.11132e+09 -7.77777e+08
5186678400 -1.51431e+09 2.09741e+09 -7.72661e+08
5216659200 -1.50347e+09 2.08341e+09 -7.67511e+08
5246726400 -1.49255e+09 2.06931e+09 -7.62327e+08
5276880000 -1.48156e+09 2.05512e+09 -7.57108e+08
5307120000 -1.47049e+09 2.04083e+09 -7.51854e+08
5337446400 -1.45935e+09 2.02644e+09 -7.46564e+08
5367859200 -1.44812e+09 2.01195e+09 -7.41238e+08
5398358400 -1.43681e+09 1.99736e+09 -7.35876e+08
5428944000 -1.42542e+09 1.98266e+09 -7.30476e+08
5459616000 -1.41395e+09 1.96786e+09 -7.25039e+08
5490374400 -1.4024e+09 1.95296e+09 -7.19564e+08
5521219200 -1.39076e+09 1.93795e+09 -7.1405e+08
5552150400 -1.37903e+09 1.92282e+09 -7.08496e+08
5583168000 -1.36721e+09 1.90759e+09 -7.02903e+08
5614272000 -1.35531e+09 1.89225e+09 -6.97269e+08
5645462400 -1.34331e+09 1.87679e+09 -6.91595e+08
5676739200 -1.33123e+09 1.86122e+09 -6.85878e+08
5708102400 -1.31904e+09 1.84552e+09 -6.8012e+08
5739552000 -1.30677e+09 1.82971e+09 -6.74318e+08
5771088000 -1.29439e+09 1.81378e+09 -6.68472e+08
5802710400 -1.28192e+09 1.79772e+09 -6.62583e+08
5834419200 -1.26935e+09 1.78154e+09 -6.56647e+08
5866214400 -1.25668e+09 1.76523e+09 -6.50667e+08
5898096000 -1.2439e+09 1.74879e+09 -6.44639e+08
5930064000 -1.23101e+09 1.73222e+09 -6.38564e+08
5962118400 -1.21802e+09 1.71551e+09 -6.3244e+08
5994259200 -1.20492e+09 1.69867e+09 -6.26267e+08
6026486400 -1.1917e+09 1.68168e+09 -6.20044e+08
6058800000 -1.17838e+09 1.66456e+09 -6.1377e+08
6091200000 -1.16493e+09 1.64729e+09 -6.07443e+08
6123686400 -1.15137e+09 1.62987e+09 -6.01064e+08
6156259200 -1.13768e+09 1.61229e+09 -5.9463e+08
6188918400 -1.12387e+09 1.59457e+09 -5.88141e+08
6221664000 -1.10994e+09 1.57669e+09 -5.81596e+08
6254496000 -1.09587e+09 1.55864e+09 -5.74992e+08
6287414400 -1.08168e+09 1.54043e+09 -5.6833e+08
6320419200 -1.06734e+09 1.52206e+09 -5.61608e+08
6353510400 -1.05287e+09 1.50351e+09 -5.54825e+08
6386688000 -1.03826e+09 1.48478e+09 -5.47978e+08
6419952000 -1.0235e+09 1.46588e+09 -5.41067e+08
6453302400 -1.00859e+09 1.44679e+09 -5.3409e+08
6486739200 -9.93528e+08 1.42751e+09 -5.27045e+08
6520262400 -9.78309e+08 1.40804e+09 -5.19931e+08
6553872000 -9.62929e+08 1.38837e+09 -5.12746e+08
6587568000 -9.47383e+08 1.36849e+09 -5.05488e+08
6621350400 -9.31667e+08 1.3484e+09 -4.98155e+08
6655219200 -9.15775e+08 1.3281e+09 -4.90745e+08
6689174400 -8.99702e+08 1.30758e+09 -4.83256e+08
6723216000 -8.83444e+08 1.28683e+09 -4.75685e+08
6757344000 -8.66993e+08 1.26584e+09 -4.68031e+08
6791558400 -8.50344e+08 1.24461e+09 -4.6029e+08
6825859200 -8.3349e+08 1.22312e+09 -4.52459e+08
6860246400 -8.16424e+08 1.20138e+09 -4.44537e+08
6894720000 -7.99139e+08 1.17937e+09 -4.36519e+08
6929280000 -7.81627e+08 1.15709e+09 -4.28403e+08
6963926400 -7.63879e+08 1.13451e+09 -4.20185e+08
6998659200 -7.45886e+08 1.11164e+09 -4.11861e+08
7033478400 -7.27638e+08 1.08846e+09 -4.03428e+08
7068384000 -7.09125e+08 1.06495e+09 -3.9488e+08
7103376000 -6.90335e+08 1.04112e+09 -3.86214e+08
7138454400 -6.71257e+08 1.01693e+09 -3.77424e+08
7173619200 -6.51876e+08 9.92373e+08 -3.68505e+08
7208870400 -6.32178e+08 9.67437e+08 -3.5945e+08
7244208000 -6.12148e+08 9.42101e+08 -3.50255e+08
7279632000 -5.91768e+08 9.16344e+08 -3.40911e+08
7315142400 -5.71019e+08 8.90145e+08 -3.31411e+08
7350739200 -5.49881e+08 8.63479e+08 -3.21747e+08
7386422400 -5.28329e+08 8.36319e+08 -3.1191e+08
7422192000 -5.06338e+08 8.08635e+08 -3.01888e+08
7458048000 -4.8388e+08 7.80396e+08 -2.91671e+08
7493990400 -4.6092e+08 7.51562e+08 -2.81246e+08
7530019200 -4.37423e+08 7.22092e+08 -2.70598e+08
7566134400 -4.13347e+08 6.91938e+08 -2.59712e+08
7602336000 -3.88642e+08 6.61046e+08 -2.48567e+08
7638624000 -3.63253e+08 6.29351e+08 -2.37143e+08
7674998400 -3.37113e+08 5.96779e+08 -2.25415e+08
7711459200 -3.10145e+08 5.63244e+08 -2.13351e+08
7748006400 -2.82254e+08 5.28641e+08 -2.00918e+08
7784640000 -2.53326e+08 4.92842e+08 -1.88072e+08
7821360000 -2.23218e+08 4.55691e+08 -1.74761e+08
7858166400 -1.91746e+08 4.16988e+08 -1.60916e+08
7895059200 -1.58675e+08 3.76477e+08 -1.46453e+08
7932038400 -1.23679e+08 3.3381e+08 -1.31257e+08
7969104000 -8.63018e+07 2.88502e+08 -1.15167e+08
8006256000 -4.58495e+07 2.3983e+08 -9.79463e+07
8043494400 -1.17988e+06 1.86624e+08 -7.92167e+07
8080819200 4.98707e+07 1.26723e+08 -5.82907e+07
8118230400 1.12538e+08 5.51098e+07 -3.36144e+07
8155728000 2.09372e+08 -4.80328e+07 571306
8193312000 5.06329e+09 4.21874e+09 -3.20909e+09
8230982400 9.91719e+09 8.4855e+09 -6.41875e+09
8268739200 1.47711e+10 1.27523e+10 -9.6284e+09
8306582400 1.9625e+10 1.7019e+10 -1.28381e+10
8344512000 2.44789e+10 2.12858e+10 -1.60477e+10
8382528000 2.93328e+10 2.55525e+10 -1.92574e+10
8420630400 3.41867e+10 2.98193e+10 -2.2467e+10
8458819200 3.90406e+10 3.4086e+10 -2.56767e+10
8497094400 4.38945e+10 3.83528e+10 -2.88863e+10
8535456000 4.87484e+10 4.26195e+10 -3.2096e+10
8573904000 5.36022e+10 4.68863e+10 -3.53056e+10
8612438400 5.84561e+10 5.1153e+10 -3.85153e+10
8651059200 6.331e+10 5.54198e+10 -4.17249e+10
8689766400 6.81639e+10 5.96865e+10 -4.49346e+10
8728560000 7.30178e+10 6.39533e+10 -4.81442e+10
8767440000 7.78717e+10 6.822e+10 -5.13539e+10
8806406400 8.27256e+10 7.24868e+10 -5.45635e+10
8845459200 8.75795e+10 7.67535e+10 -5.77732e+10
8884598400 9.24334e+10 8.10203e+10 -6.09828e+10
8923824000 9.72873e+10 8.52871e+10 -6.41925e+10
8963136000 1.02141e+11 8.95538e+10 -6.74021e+10
9002534400 1.06995e+11 9.38206e+10 -7.06118e+10
9042019200 1.11849e+11 9.80873e+10 -7.38214e+10
9081590400 1.16703e+11 1.02354e+11 -7.70311e+10
9121248000 1.21557e+11 1.06621e+11 -8.02407e+10
9160992000 1.26411e+11 1.10888e+11 -8.34504e+10
9200822400 1.31265e+11 1.15154e+11 -8.666e+10
9240739200 1.36118e+11 1.19421e+11 -8.98697e+10
9280742400 1.40972e+11 1.23688e+11 -9.30793e+10
9320832000 1.45826e+11 1.27955e+11 -9.6289e+10
9361008000 1.5068e+11 1.32221e+11 -9.94986e+10
9401270400 1.55534e+11 1.36488e+11 -1.02708e+11
9441619200 1.60388e+11 1.40755e+11 -1.05918e+11
9482054400 1.65242e+11 1.45022e+11 -1.09128e+11
9522576000 1.70096e+11 1.49288e+11 -1.12337e+11
9563184000 1.7495e+11 1.53555e+11 -1.15547e+11
9603878400 1.79803e+11 1.57822e+11 -1.18757e+11
9644659200 1.84657e+11 1.62089e+11 -1.21966e+11
9685526400 1.89511e+11 1.66355e+11 -1.25176e+11
9726480000 1.94365e+11 1.70622e+11 -1.28385e+11
9767520000 1.99219e+11 1.74889e+11 -1.31595e+11
9808646400 2.04073e+11 1.79156e+11 -1.34805e+11
9849859200 2.08927e+11 1.83422e+11 -1.38014e+11
9891158400 2.13781e+11 1.87689e+11 -1.41224e+11
9932544000 2.18635e+11 1.91956e+11 -1.44434e+11
9974016000 2.23489e+11 1.96223e+11 -1.47643e+11
10015574400 2.28342e+11 2.00489e+11 -1.50853e+11
10057219200 2.33196e+11 2.04756e+11 -1.54063e+11
10098950400 2.3805e+11 2.09023e+11 -1.57272e+11
10140768000 2.42904e+11 2.1329e+11 -1.60482e+11
10182672000 2.47758e+11 2.17556e+11 -1.63692e+11
10224662400 2.52612e+11 2.21823e+11 -1.66901e+11
10266739200 2.57466e+11 2.2609e+11 -1.70111e+11
10308902400 2.6232e+11 2.30357e+11 -1.73321e+11
10351152000 2.67174e+11 2.34623e+11 -1.7653e+11
10393488000 2.72027e+11 2.3889e+11 -1.7974e+11
10435910400 2.76881e+11 2.43157e+11 -1.8295e+11
10478419200 2.81735e+11 2.47424e+11 -1.86159e+11
10521014400 2.86589e+11 2.5169e+11 -1.89369e+11
10563696000 2.91443e+11 2.55957e+11 -1.92578e+11
10606464000 2.96297e+11 2.60224e+11 -1.95788e+11
10649318400 3.01151e+11 2.64491e+11 -1.98998e+11
10692259200 3.06005e+11 2.68757e+11 -2.02207e+11
10735286400 3.10859e+11 2.73024e+11 -2.05417e+11
10778400000 3.15713e+11 2.77291e+11 -2.08627e+11
10821600000 3.20566e+11 2.81558e+11 -2.11836e+11
10864886400 3.2542e+11 2.85824e+11 -2.15046e+11
10908259200 3.30274e+11 2.90091e+11 -2.18256e+11
10951718400 3.35128e+11 2.94358e+11 -2.21465e+11
10995264000 3.39982e+11 2.98625e+11 -2.24675e+11
11038896000 3.44836e+11 3.02891e+11 -2.27885e+11
11082614400 3.4969e+11 3.07158e+11 -2.31094e+11
11126419200 3.54544e+11 3.11425e+11 -2.34304e+11
11170310400 3.59398e+11 3.15692e+11 -2.37514e+11
11214288000 3.64251e+11 3.19958e+11 -2.40723e+11
11258352000 3.69105e+11 3.24225e+11 -2.43933e+11
11302502400 3.73959e+11 3.28492e+11 -2.47143e+11
11346739200 3.78813e+11 3.32759e+11 -2.50352e+11
11391062400 3.83667e+11 3.37025e+11 -2.53562e+11
11435472000 3.88521e+11 3.41292e+11 -2.56771e+11
11479968000 3.93375e+11 3.45559e+11 -2.59981e+11
11524550400 3.98229e+11 3.49826e+11 -2.63191e+11
11569219200 4.03083e+11 3.54092e+11 -2.664e+11
11613974400 4.07936e+11 3.58359e+11 -2.6961e+11
11658816000 4.1279e+11 3.62626e+11 -2.7282e+11
11703744000 4.17644e+11 3.66893e+11 -2.76029e+11
11748758400 4.22498e+11 3.71159e+11 -2.79239e+11
11793859200 4.27352e+11 3.75426e+11 -2.82449e+11
11839046400 4.32206e+11 3.79693e+11 -2.85658e+11
11884320000 4.3706e+11 3.8396e+11 -2.88868e+11
11929680000 4.41914e+11 3.88226e+11 -2.92078e+11
11975126400 4.46768e+11 3.92493e+11 -2.95287e+11
12020659200 4.51622e+11 3.9676e+11 -2.98497e+11
12066278400 4.56475e+11 4.01027e+11 -3.01707e+11
12111984000 4.61329e+11 4.05293e+11 -3.04916e+11
12157776000 4.66183e+11 4.0956e+11 -3.08126e+11
12203654400 4.71037e+11 4.13827e+11 -3.11336e+11
12249619200 4.75891e+11 4.18094e+11 -3.14545e+11
12295670400 4.80745e+11 4.2236e+11 -3.17755e+11
12341808000 4.85599e+11 4.26627e+11 -3.20965e+11
12388032000 4.90453e+11 4.30894e+11 -3.24174e+11
12434342400 4.95307e+11 4.35161e+11 -3.27384e+11
12480739200 5.0016e+11 4.39427e+11 -3.30593e+11
12527222400 5.05014e+11 4.43694e+11 -3.33803e+11
12573792000 5.09868e+11 4.47961e+11 -3.37013e+11
12620448000 5.14722e+11 4.52228e+11 -3.40222e+11
12667190400 5.19576e+11 4.56494e+11 -3.43432e+11
12714019200 5.2443e+11 4.60761e+11 -3.46642e+11
12760934400 5.29284e+11 4.65028e+11 -3.49851e+11
12807936000 5.34138e+11 4.69295e+11 -3.53061e+11
12855024000 5.38992e+11 4.73561e+11 -3.56271e+11
12902198400 5.43845e+11 4.77828e+11 -3.5948e+11
12949459200 5.48699e+11 4.82095e+11 -3.6269e+11
12996806400 5.53553e+11 4.86362e+11 -3.659e+11
13044240000 5.58407e+11 4.90628e+11 -3.69109e+11
13091760000 5.63261e+11 4.94895e+11 -3.72319e+11
13139366400 5.68115e+11 4.99162e+11 -3.75529e+11
13187059200 5.72969e+11 5.03429e+11 -3.78738e+11
13234838400 5.77823e+11 5.07695e+11 -3.81948e+11
13282704000 5.82677e+11 5.11962e+11 -3.85158e+11
13330656000 5.87531e+11 5.16229e+11 -3.88367e+11
13378694400 5.92384e+11 5.20496e+11 -3.91577e+11
13426819200 5.97238e+11 5.24762e+11 -3.94786e+11
13475030400 6.02092e+11 5.29029e+11 -3.97996e+11
13523328000 6.06946e+11 5.33296e+11 -4.01206e+11
13571712000 6.118e+11 5.37563e+11 -4.04415e+11
13620182400 6.16654e+11 5.41829e+11 -4.07625e+11
13668739200 6.21508e+11 5.46096e+11 -4.10835e+11
13717382400 6.26362e+11 5.50363e+11 -4.14044e+11
13766112000 6.31216e+11 5.5463e+11 -4.17254e+11
13814928000 6.36069e+11 5.58897e+11 -4.20464e+11
13863830400 6.40923e+11 5.63163e+11 -4.23673e+11
13912819200 6.45777e+11 5.6743e+11 -4.26883e+11
13961894400 6.50631e+11 5.71697e+11 -4.30093e+11
14011056000 6.55485e+11 5.75964e+11 -4.33302e+11
14060304000 6.60339e+11 5.8023e+11 -4.36512e+11
14109638400 6.65193e+11 5.84497e+11 -4.39722e+11
14159059200 6.70047e+11 5.88764e+11 -4.42931e+11
14208566400 6.74901e+11 5.93031e+11 -4.46141e+11
14258160000 6.79755e+11 5.97297e+11 -4.49351e+11
14307840000 6.84608e+11 6.01564e+11 -4.5256e+11
14357606400 6.89462e+11 6.05831e+11 -4.5577e+11
14407459200 6.94316e+11 6.10098e+11 -4.58979e+11
14457398400 6.9917e+11 6.14364e+11 -4.62189e+11
14507424000 7.04024e+11 6.18631e+11 -4.65399e+11
14557536000 7.08878e+11 6.22898e+11 -4.68608e+11
14607734400 7.13732e+11 6.27165e+11 -4.71818e+11
14658019200 7.18586e+11 6.31431e+11 -4.75028e+11
14708390400 7.2344e+11 6.35698e+11 -4.78237e+11
14758848000 7.28293e+11 6.39965e+11 -4.81447e+11
14809392000 7.33147e+11 6.44232e+11 -4.84657e+11
14860022400 7.38001e+11 6.48498e+11 -4.87866e+11
14910739200 7.42855e+11 6.52765e+11 -4.91076e+11
14961542400 7.47709e+11 6.57032e+11 -4.94286e+11
15012432000 7.52563e+11 6.61299e+11 -4.97495e+11
15063408000 7.57417e+11 6.65565e+11 -5.00705e+11
15114470400 7.62271e+11 6.69832e+11 -5.03915e+11
15165619200 7.67125e+11 6.74099e+11 -5.07124e+11
15216854400 7.71978e+11 6.78366e+11 -5.10334e+11
15268176000 7.76832e+11 6.82632e+11 -5.13544e+11
15319584000 7.81686e+11 6.86899e+11 -5.16753e+11
15371078400 7.8654e+11 6.91166e+11 -5.19963e+11
15422659200 7.91394e+11 6.95433e+11 -5.23172e+11
15474326400 7.96248e+11 6.99699e+11 -5.26382e+11
15526080000 8.01102e+11 7.03966e+11 -5.29592e+11
15577920000 8.05956e+11 7.08233e+11 -5.32801e+11
15629846400 8.1081e+11 7.125e+11 -5.36011e+11
15681859200 8.15664e+11 7.16766e+11 -5.39221e+11
15733958400 8.20517e+11 7.21033e+11 -5.4243e+11
15786144000 8.25371e+11 7.253e+11 -5.4564e+11
15838416000 8.30225e+11 7.29567e+11 -5.4885e+11
15890774400 8.35079e+11 7.33833e+11 -5.52059e+11
15943219200 8.39933e+11 7.381e+11 -5.55269e+11
15995750400 8.44787e+11 7.42367e+11 -5.58479e+11
16048368000 8.49641e+11 7.46634e+11 -5.61688e+11
16101072000 8.54495e+11 7.509e+11 -5.64898e+11
16153862400 8.59349e+11 7.55167e+11 -5.68108e+11
16206739200 8.64202e+11 7.59434e+11 -5.71317e+11
16259702400 8.69056e+11 7.63701e+11 -5.74527e+11
16312752000 8.7391e+11 7.67967e+11 -5.77737e+11
16365888000 8.78764e+11 7.72234e+11 -5.80946e+11
16419110400 8.83618e+11 7.76501e+11 -5.84156e+11
16472419200 8.88472e+11 7.80768e+11 -5.87365e+11
16525814400 8.93326e+11 7.85034e+11 -5.90575e+11
16579296000 8.9818e+11 7.89301e+11 -5.93785e+11
16632864000 9.03034e+11 7.93568e+11 -5.96994e+11
16686518400 9.07887e+11 7.97835e+11 -6.00204e+11
16740259200 9.12741e+11 8.02101e+11 -6.03414e+11
16794086400 9.17595e+11 8.06368e+11 -6.06623e+11
16848000000 9.22449e+11 8.10635e+11 -6.09833e+11
16902000000 9.27303e+11 8.14902e+11 -6.13043e+11
16956086400 9.32157e+11 8.19168e+11 -6.16252e+11
17010259200 9.37011e+11 8.23435e+11 -6.19462e+11
17064518400 9.41865e+11 8.27702e+11 -6.22672e+11
17118864000 9.46719e+11 8.31969e+11 -6.25881e+11
17173296000 9.51573e+11 8.36235e+11 -6.29091e+11
17227814400 9.56426e+11 8.40502e+11 -6.32301e+11
17282419200 9.6128e+11 8.44769e+11 -6.3551e+11
17337110400 9.66134e+11 8.49036e+11 -6.3872e+11
17391888000 9.70988e+11 8.53302e+11 -6.4193e+11
17446752000 9.75842e+11 8.57569e+11 -6.45139e+11
17501702400 9.80696e+11 8.61836e+11 -6.48349e+11
17556739200 9.8555e+11 8.66103e+11 -6.51558e+11
17611862400 9.90404e+11 8.70369e+11 -6.54768e+11
17667072000 9.95258e+11 8.74636e+11 -6.57978e+11
17722368000 1.00011e+12 8.78903e+11 -6.61187e+11
17777750400 1.00497e+12 8.8317e+11 -6.64397e+11
17833219200 1.00982e+12 8.87436e+11 -6.67607e+11
17888774400 1.01467e+12 8.91703e+11 -6.70816e+11
17944416000 1.01953e+12 8.9597e+11 -6.74026e+11
18000144000 1.02438e+12 9.00237e+11 -6.77236e+11
18055958400 1.02923e+12 9.04503e+11 -6.80445e+11
18111859200 1.03409e+12 9.0877e+11 -6.83655e+11
18167846400 1.03894e+12 9.13037e+11 -6.86865e+11
18223920000 1.0438e+12 9.17304e+11 -6.90074e+11
18280080000 1.04865e+12 9.2157e+11 -6.93284e+11
18336326400 1.0535e+12 9.25837e+11 -6.96494e+11
18392659200 1.05836e+12 9.30104e+11 -6.99703e+11
18449078400 1.06321e+12 9.34371e+11 -7.02913e+11
18505584000 1.06807e+12 9.38637e+11 -7.06123e+11
18562176000 1.07292e+12 9.42904e+11 -7.09332e+11
18618854400 1.07777e+12 9.47171e+11 -7.12542e+11
18675619200 1.08263e+12 9.51438e+11 -7.15751e+11
18732470400 1.08748e+12 9.55704e+11 -7.18961e+11
18789408000 1.09234e+12 9.59971e+11 -7.22171e+11
18846432000 1.09719e+12 9.64238e+11 -7.2538e+11
18903542400 1.10204e+12 9.68505e+11 -7.2859e+11
18960739200 1.1069e+12 9.72771e+11 -7.318e+11
19018022400 1.11175e+12 9.77038e+11 -7.35009e+11
19075392000 1.1166e+12 9.81305e+11 -7.38219e+11
19132848000 1.12146e+12 9.85572e+11 -7.41429e+11
19190390400 1.12631e+12 9.89838e+11 -7.44638e+11
19248019200 1.13117e+12 9.94105e+11 -7.47848e+11
19305734400 1.13602e+12 9.98372e+11 -7.51058e+11
19363536000 1.14087e+12 1.00264e+12 -7.54267e+11
19421424000 1.14573e+12 1.00691e+12 -7.57477e+11
19479398400 1.15058e+12 1.01117e+12 -7.60687e+11
19537459200 1.15544e+12 1.01544e+12 -7.63896e+11
19595606400 1.16029e+12 1.01971e+12 -7.67106e+11
19653840000 1.16514e+12 1.02397e+12 -7.70316e+11
19712160000 1.17e+12 1.02824e+12 -7.73525e+11
19770566400 1.17485e+12 1.03251e+12 -7.76735e+11
19829059200 1.17971e+12 1.03677e+12 -7.79944e+11
19887638400 1.18456e+12 1.04104e+12 -7.83154e+11
19946304000 1.18941e+12 1.04531e+12 -7.86364e+11
20005056000 1.19427e+12 1.04957e+12 -7.89573e+11
20063894400 1.19912e+12 1.05384e+12 -7.92783e+11
20122819200 1.20397e+12 1.05811e+12 -7.95993e+11
20181830400 1.20883e+12 1.06237e+12 -7.99202e+11
20240928000 1.21368e+12 1.06664e+12 -8.02412e+11
20300112000 1.21854e+12 1.07091e+12 -8.05622e+11
20359382400 1.22339e+12 1.07517e+12 -8.08831e+11
20418739200 1.22824e+12 1.07944e+12 -8.12041e+11
20478182400 1.2331e+12 1.08371e+12 -8.15251e+11
20537712000 1.23795e+12 1.08797e+12 -8.1846e+11
20597328000 1.24281e+12 1.09224e+12 -8.2167e+11
20657030400 1.24766e+12 1.09651e+12 -8.2488e+11
20716819200 1.25251e+12 1.10077e+12 -8.28089e+11
20776694400 1.25737e+12 1.10504e+12 -8.31299e+11
20836656000 1.26222e+12 1.10931e+12 -8.34509e+11
20896704000 1.26708e+12 1.11357e+12 -8.37718e+11
20956838400 1.27193e+12 1.11784e+12 -8.40928e+11
21017059200 1.27678e+12 1.12211e+12 -8.44137e+11
21077366400 1.28164e+12 1.12637e+12 -8.47347e+11
21137760000 1.28649e+12 1.13064e+12 -8.50557e+11
21198240000 1.29135e+12 1.13491e+12 -8.53766e+11
21258806400 1.2962e+12 1.13917e+12 -8.56976e+11
21319459200 1.30105e+12 1.14344e+12 -8.60186e+11
21380198400 1.30591e+12 1.14771e+12 -8.63395e+11
21441024000 1.31076e+12 1.15197e+12 -8.66605e+11
21501936000 1.31561e+12 1.15624e+12 -8.69815e+11
21562934400 1.32047e+12 1.16051e+12 -8.73024e+11
21624019200 1.32532e+12 1.16478e+12 -8.76234e+11
21685190400 1.33018e+12 1.16904e+12 -8.79444e+11
21746448000 1.33503e+12 1.17331e+12 -8.82653e+11
21807792000 1.33988e+12 1.17758e+12 -8.85863e+11
21869222400 1.34474e+12 1.18184e+12 -8.89073e+11
21930739200 1.34959e+12 1.18611e+12 -8.92282e+11
21992342400 1.35445e+12 1.19038e+12 -8.95492e+11
22054032000 1.3593e+12 1.19464e+12 -8.98702e+11
22115808000 1.36415e+12 1.19891e+12 -9.01911e+11
22177670400 1.36901e+12 1.20318e+12 -9.05121e+11
22239619200 1.37386e+12 1.20744e+12 -9.0833e+11
22301654400 1.37872e+12 1.21171e+12 -9.1154e+11
22363776000 1.38357e+12 1.21598e+12 -9.1475e+11
22425984000 1.38842e+12 1.22024e+12 -9.17959e+11
22488278400 1.39328e+12 1.22451e+12 -9.21169e+11
22550659200 1.39813e+12 1.22878e+12 -9.24379e+11
22613126400 1.40298e+12 1.23304e+12 -9.27588e+11
22675680000 1.40784e+12 1.23731e+12 -9.30798e+11
22738320000 1.41269e+12 1.24158e+12 -9.34008e+11
22801046400 1.41755e+12 1.24584e+12 -9.37217e+11
22863859200 1.4224e+12 1.25011e+12 -9.40427e+11
22926758400 1.42725e+12 1.25438e+12 -9.43637e+11
22989744000 1.43211e+12 1.25864e+12 -9.46846e+11
23052816000 1.43696e+12 1.26291e+12 -9.50056e+11
23115974400 1.44182e+12 1.26718e+12 -9.53266e+11
23179219200 1.44667e+12 1.27144e+12 -9.56475e+11
23242550400 1.45152e+12 1.27571e+12 -9.59685e+11
23305968000 1.45638e+12 1.27998e+12 -9.62895e+11
23369472000 1.46123e+12 1.28424e+12 -9.66104e+11
23433062400 1.46609e+12 1.28851e+12 -9.69314e+11
23496739200 1.47094e+12 1.29278e+12 -9.72524e+11
23560502400 1.47579e+12 1.29704e+12 -9.75733e+11
23624352000 1.48065e+12 1.30131e+12 -9.78943e+11
23688288000 1.4855e+12 1.30558e+12 -9.82152e+11
23752310400 1.49035e+12 1.30984e+12 -9.85362e+11
23816419200 1.49521e+12 1.31411e+12 -9.88572e+11
23880614400 1.50006e+12 1.31838e+12 -9.91781e+11
23944896000 1.50492e+12 1.32265e+12 -9.94991e+11
24009264000 1.50977e+12 1.32691e+12 -9.98201e+11
24073718400 1.51462e+12 1.33118e+12 -1.00141e+12
24138259200 1.51948e+12 1.33545e+12 -1.00462e+12
24202886400 1.52433e+12 1.33971e+12 -1.00783e+12
24267600000 1.52919e+12 1.34398e+12 -1.01104e+12
24332400000 1.53404e+12 1.34825e+12 -1.01425e+12
24397286400 1.53889e+12 1.35251e+12 -1.01746e+12
24462259200 1.54375e+12 1.35678e+12 -1.02067e+12
24527318400 1.5486e+12 1.36105e+12 -1.02388e+12
24592464000 1.55346e+12 1.36531e+12 -1.02709e+12
24657696000 1.55831e+12 1.36958e+12 -1.0303e+12
24723014400 1.56316e+12 1.37385e+12 -1.03351e+12
24788419200 1.56802e+12 1.37811e+12 -1.03672e+12
24853910400 1.57287e+12 1.38238e+12 -1.03993e+12
24919488000 1.57772e+12 1.38665e+12 -1.04314e+12
24985152000 1.58258e+12 1.39091e+12 -1.04635e+12
25050902400 1.58743e+12 1.39518e+12 -1.04956e+12
25116739200 1.59229e+12 1.39945e+12 -1.05276e+12
25182662400 1.59714e+12 1.40371e+12 -1.05597e+12
25248672000 1.60199e+12 1.40798e+12 -1.05918e+12
25314768000 1.60685e+12 1.41225e+12 -1.06239e+12
25380950400 1.6117e+12 1.41651e+12 -1.0656e+12
25447219200 1.61656e+12 1.42078e+12 -1.06881e+12
25513574400 1.62141e+12 1.42505e+12 -1.07202e+12
25580016000 1.62626e+12 1.42931e+12 -1.07523e+12
25646544000 1.63112e+12 1.43358e+12 -1.07844e+12
25713158400 1.63597e+12 1.43785e+12 -1.08165e+12
25779859200 1.64083e+12 1.44211e+12 -1.08486e+12
25846646400 1.64568e+12 1.44638e+12 -1.08807e+12
25913520000 1.65053e+12 1.45065e+12 -1.09128e+12
25980480000 1.65539e+12 1.45491e+12 -1.09449e+12
26047526400 1.66024e+12 1.45918e+12 -1.0977e+12
26114659200 1.66509e+12 1.46345e+12 -1.10091e+12
26181878400 1.66995e+12 1.46771e+12 -1.10412e+12
26249184000 1.6748e+12 1.47198e+12 -1.10733e+12
26316576000 1.67966e+12 1.47625e+12 -1.11054e+12
26384054400 1.68451e+12 1.48051e+12 -1.11375e+12
26451619200 1.68936e+12 1.48478e+12 -1.11696e+12
26519270400 1.69422e+12 1.48905e+12 -1.12017e+12
26587008000 1.69907e+12 1.49332e+12 -1.12338e+12
26654832000 1.70393e+12 1.49758e+12 -1.12659e+12
26722742400 1.70878e+12 1.50185e+12 -1.1298e+12
26790739200 1.71363e+12 1.50612e+12 -1.13301e+12
26858822400 1.71849e+12 1.51038e+12 -1.13622e+12
26926992000 1.72334e+12 1.51465e+12 -1.13943e+12
26995248000 1.7282e+12 1.51892e+12 -1.14263e+12
27063590400 1.73305e+12 1.52318e+12 -1.14584e+12
27132019200 1.7379e+12 1.52745e+12 -1.14905e+12
27200534400 1.74276e+12 1.53172e+12 -1.15226e+12
27269136000 1.74761e+12 1.53598e+12 -1.15547e+12
27337824000 1.75246e+12 1.54025e+12 -1.15868e+12
27406598400 1.75732e+12 1.54452e+12 -1.16189e+12
27475459200 1.76217e+12 1.54878e+12 -1.1651e+12
27544406400 1.76703e+12 1.55305e+12 -1.16831e+12
27613440000 1.77188e+12 1.55732e+12 -1.17152e+12
27682560000 1.77673e+12 1.56158e+12 -1.17473e+12
27751766400 1.78159e+12 1.56585e+12 -1.17794e+12
27821059200 1.78644e+12 1.57012e+12 -1.18115e+12
27890438400 1.7913e+12 1.57438e+12 -1.18436e+12
27959904000 1.79615e+12 1.57865e+12 -1.18757e+12
28029456000 1.801e+12 1.58292e+12 -1.19078e+12
28099094400 1.80586e+12 1.58718e+12 -1.19399e+12
28168819200 1.81071e+12 1.59145e+12 -1.1972e+12
28238630400 1.81557e+12 1.59572e+12 -1.20041e+12
28308528000 1.82042e+12 1.59998e+12 -1.20362e+12
28378512000 1.82527e+12 1.60425e+12 -1.20683e+12
28448582400 1.83013e+12 1.60852e+12 -1.21004e+12
28518739200 1.83498e+12 1.61278e+12 -1.21325e+12
28588982400 1.83983e+12 1.61705e+12 -1.21646e+12
28659312000 1.84469e+12 1.62132e+12 -1.21967e+12
28729728000 1.84954e+12 1.62558e+12 -1.22288e+12
28800230400 1.8544e+12 1.62985e+12 -1.22609e+12
28870819200 1.85925e+12 1.63412e+12 -1.2293e+12
28941494400 1.8641e+12 1.63838e+12 -1.23251e+12
29012256000 1.86896e+12 1.64265e+12 -1.23571e+12
29083104000 1.87381e+12 1.64692e+12 -1.23892e+12
29154038400 1.87867e+12 1.65118e+12 -1.24213e+12
29225059200 1.88352e+12 1.65545e+12 -1.24534e+12
29296166400 1.88837e+12 1.65972e+12 -1.24855e+12
29367360000 1.89323e+12 1.66399e+12 -1.25176e+12
29438640000 1.89808e+12 1.66825e+12 -1.25497e+12
29510006400 1.90294e+12 1.67252e+12 -1.25818e+12
29581459200 1.90779e+12 1.67679e+12 -1.26139e+12
29652998400 1.91264e+12 1.68105e+12 -1.2646e+12
29724624000 1.9175e+12 1.68532e+12 -1.26781e+12
29796336000 1.92235e+12 1.68959e+12 -1.27102e+12
29868134400 1.92721e+12 1.69385e+12 -1.27423e+12
29940019200 1.93206e+12 1.69812e+12 -1.27744e+12
30011990400 1.93691e+12 1.70239e+12 -1.28065e+12
30084048000 1.94177e+12 1.70665e+12 -1.28386e+12
30156192000 1.94662e+12 1.71092e+12 -1.28707e+12
30228422400 1.95147e+12 1.71519e+12 -1.29028e+12
30300739200 1.95633e+12 1.71945e+12 -1.29349e+12
30373142400 1.96118e+12 1.72372e+12 -1.2967e+12
30445632000 1.96604e+12 1.72799e+12 -1.29991e+12
30518208000 1.97089e+12 1.73225e+12 -1.30312e+12
30590870400 1.97574e+12 1.73652e+12 -1.30633e+12
30663619200 1.9806e+12 1.74079e+12 -1.30954e+12
30736454400 1.98545e+12 1.74505e+12 -1.31275e+12
30809376000 1.99031e+12 1.74932e+12 -1.31596e+12
30882384000 1.99516e+12 1.75359e+12 -1.31917e+12
30955478400 2.00001e+12 1.75785e+12 -1.32238e+12
31028659200 2.00487e+12 1.76212e+12 -1.32559e+12
31101926400 2.00972e+12 1.76639e+12 -1.32879e+12
31175280000 2.01458e+12 1.77065e+12 -1.332e+12
31248720000 2.01943e+12 1.77492e+12 -1.33521e+12
31322246400 2.02428e+12 1.77919e+12 -1.33842e+12
31395859200 2.02914e+12 1.78345e+12 -1.34163e+12
31469558400 2.03399e+12 1.78772e+12 -1.34484e+12
31543344000 2.03884e+12 1.79199e+12 -1.34805e+12
31617216000 2.0437e+12 1.79625e+12 -1.35126e+12
31691174400 2.04855e+12 1.80052e+12 -1.35447e+12
31765219200 2.05341e+12 1.80479e+12 -1.35768e+12
31839350400 2.05826e+12 1.80905e+12 -1.36089e+12
31913568000 2.06311e+12 1.81332e+12 -1.3641e+12
31987872000 2.06797e+12 1.81759e+12 -1.36731e+12
32062262400 2.07282e+12 1.82185e+12 -1.37052e+12
32136739200 2.07768e+12 1.82612e+12 -1.37373e+12
32211302400 2.08253e+12 1.83039e+12 -1.37694e+12
32285952000 2.08738e+12 1.83466e+12 -1.38015e+12
32360688000 2.09224e+12 1.83892e+12 -1.38336e+12
32435510400 2.09709e+12 1.84319e+12 -1.38657e+12
32510419200 2.10195e+12 1.84746e+12 -1.38978e+12
32585414400 2.1068e+12 1.85172e+12 -1.39299e+12
32660496000 2.11165e+12 1.85599e+12 -1.3962e+12
32735664000 2.11651e+12 1.86026e+12 -1.39941e+12
32810918400 2.12136e+12 1.86452e+12 -1.40262e+12
32886259200 2.12621e+12 1.86879e+12 -1.40583e+12
32961686400 2.13107e+12 1.87306e+12 -1.40904e+12
33037200000 2.13592e+12 1.87732e+12 -1.41225e+12
33112800000 2.14078e+12 1.88159e+12 -1.41546e+12
33188486400 2.14563e+12 1.88586e+12 -1.41866e+12
33264259200 2.15048e+12 1.89012e+12 -1.42187e+12
33340118400 2.15534e+12 1.89439e+12 -1.42508e+12
33416064000 2.16019e+12 1.89866e+12 -1.42829e+12
33492096000 2.16505e+12 1.90292e+12 -1.4315e+12
33568214400 2.1699e+12 1.90719e+12 -1.43471e+12
33644419200 2.17475e+12 1.91146e+12 -1.43792e+12
33720710400 2.17961e+12 1.91572e+12 -1.44113e+12
33797088000 2.18446e+12 1.91999e+12 -1.44434e+12
33873552000 2.18932e+12 1.92426e+12 -1.44755e+12
33950102400 2.19417e+12 1.92852e+12 -1.45076e+12
34026739200 2.19902e+12 1.93279e+12 -1.45397e+12
34103462400 2.20388e+12 1.93706e+12 -1.45718e+12
34180272000 2.20873e+12 1.94132e+12 -1.46039e+12
34257168000 2.21358e+12 1.94559e+12 -1.4636e+12
34334150400 2.21844e+12 1.94986e+12 -1.46681e+12
34411219200 2.22329e+12 1.95412e+12 -1.47002e+12
34488374400 2.22815e+12 1.95839e+12 -1.47323e+12
34565616000 2.233e+12 1.96266e+12 -1.47644e+12
34642944000 2.23785e+12 1.96692e+12 -1.47965e+12
34720358400 2.24271e+12 1.97119e+12 -1.48286e+12
34797859200 2.24756e+12 1.97546e+12 -1.48607e+12
34875446400 2.25242e+12 1.97972e+12 -1.48928e+12
34953120000 2.25727e+12 1.98399e+12 -1.49249e+12
35030880000 2.26212e+12 1.98826e+12 -1.4957e+12
35108726400 2.26698e+12 1.99253e+12 -1.49891e+12
35186659200 2.27183e+12 1.99679e+12 -1.50212e+12
35264678400 2.27669e+12 2.00106e+12 -1.50533e+12
35342784000 2.28154e+12 2.00533e+12 -1.50854e+12
35420976000 2.28639e+12 2.00959e+12 -1.51174e+12
35499254400 2.29125e+12 2.01386e+12 -1.51495e+12
35577619200 2.2961e+12 2.01813e+12 -1.51816e+12
35656070400 2.30095e+12 2.02239e+12 -1.52137e+12
35734608000 2.30581e+12 2.02666e+12 -1.52458e+12
35813232000 2.31066e+12 2.03093e+12 -1.52779e+12
35891942400 2.31552e+12 2.03519e+12 -1.531e+12
35970739200 2.32037e+12 2.03946e+12 -1.53421e+12
36049622400 2.32522e+12 2.04373e+12 -1.53742e+12
36128592000 2.33008e+12 2.04799e+12 -1.54063e+12
36207648000 2.33493e+12 2.05226e+12 -1.54384e+12
36286790400 2.33979e+12 2.05653e+12 -1.54705e+12
36366019200 2.34464e+12 2.06079e+12 -1.55026e+12
36445334400 2.34949e+12 2.06506e+12 -1.55347e+12
36524736000 2.35435e+12 2.06933e+12 -1.55668e+12
36604224000 2.3592e+12 2.07359e+12 -1.55989e+12
36683798400 2.36406e+12 2.07786e+12 -1.5631e+12
36763459200 2.36891e+12 2.08213e+12 -1.56631e+12
36843206400 2.37376e+12 2.08639e+12 -1.56952e+12
36923040000 2.37862e+12 2.09066e+12 -1.57273e+12
37002960000 2.38347e+12 2.09493e+12 -1.57594e+12
37082966400 2.38832e+12 2.09919e+12 -1.57915e+12
37163059200 2.39318e+12 2.10346e+12 -1.58236e+12
37243238400 2.39803e+12 2.10773e+12 -1.58557e+12
37323504000 2.40289e+12 2.11199e+12 -1.58878e+12
37403856000 2.40774e+12 2.11626e+12 -1.59199e+12
37484294400 2.41259e+12 2.12053e+12 -1.5952e+12
37564819200 2.41745e+12 2.12479e+12 -1.59841e+12
37645430400 2.4223e+12 2.12906e+12 -1.60161e+12
37726128000 2.42716e+12 2.13333e+12 -1.60482e+12
37806912000 2.43201e+12 2.13759e+12 -1.60803e+12
37887782400 2.43686e+12 2.14186e+12 -1.61124e+12
37968739200 2.44172e+12 2.14613e+12 -1.61445e+12
38049782400 2.44657e+12 2.15039e+12 -1.61766e+12
38130912000 2.45143e+12 2.15466e+12 -1.62087e+12
38212128000 2.45628e+12 2.15893e+12 -1.62408e+12
38293430400 2.46113e+12 2.1632e+12 -1.62729e+12
38374819200 2.46599e+12 2.16746e+12 -1.6305e+12
38456294400 2.47084e+12 2.17173e+12 -1.63371e+12
38537856000 2.47569e+12 2.176e+12 -1.63692e+12
38619504000 2.48055e+12 2.18026e+12 -1.64013e+12
38701238400 2.4854e+12 2.18453e+12 -1.64334e+12
38783059200 2.49026e+12 2.1888e+12 -1.64655e+12
38864966400 2.49511e+12 2.19306e+12 -1.64976e+12
38946960000 2.49996e+12 2.19733e+12 -1.65297e+12
39029040000 2.50482e+12 2.2016e+12 -1.65618e+12
39111206400 2.50967e+12 2.20586e+12 -1.65939e+12
39193459200 2.51453e+12 2.21013e+12 -1.6626e+12
39275798400 2.51938e+12 2.2144e+12 -1.66581e+12
39358224000 2.52423e+12 2.21866e+12 -1.66902e+12
39440736000 2.52909e+12 2.22293e+12 -1.67223e+12
39523334400 2.53394e+12 2.2272e+12 -1.67544e+12
39606019200 2.5388e+12 2.23146e+12 -1.67865e+12
39688790400 2.54365e+12 2.23573e+12 -1.68186e+12
39771648000 2.5485e+12 2.24e+12 -1.68507e+12
39854592000 2.55336e+12 2.24426e+12 -1.68828e+12
39937622400 2.55821e+12 2.24853e+12 -1.69149e+12
40020739200 2.56307e+12 2.2528e+12 -1.69469e+12
40103942400 2.56792e+12 2.25706e+12 -1.6979e+12
40187232000 2.57277e+12 2.26133e+12 -1.70111e+12
40270608000 2.57763e+12 2.2656e+12 -1.70432e+12
40354070400 2.58248e+12 2.26986e+12 -1.70753e+12
40437619200 2.58733e+12 2.27413e+12 -1.71074e+12
40521254400 2.59219e+12 2.2784e+12 -1.71395e+12
40604976000 2.59704e+12 2.28266e+12 -1.71716e+12
40688784000 2.6019e+12 2.28693e+12 -1.72037e+12
40772678400 2.60675e+12 2.2912e+12 -1.72358e+12
40856659200 2.6116e+12 2.29546e+12 -1.72679e+12
40940726400 2.61646e+12 2.29973e+12 -1.73e+12
41024880000 2.62131e+12 2.304e+12 -1.73321e+12
41109120000 2.62617e+12 2.30826e+12 -1.73642e+12
41193446400 2.63102e+12 2.31253e+12 -1.73963e+12
41277859200 2.63587e+12 2.3168e+12 -1.74284e+12
41362358400 2.64073e+12 2.32106e+12 -1.74605e+12
41446944000 2.64558e+12 2.32533e+12 -1.74926e+12
41531616000 2.65044e+12 2.3296e+12 -1.75247e+12
41616374400 2.65529e+12 2.33387e+12 -1.75568e+12
41701219200 2.66014e+12 2.33813e+12 -1.75889e+12
41786150400 2.665e+12 2.3424e+12 -1.7621e+12
41871168000 2.66985e+12 2.34667e+12 -1.76531e+12
41956272000 2.6747e+12 2.35093e+12 -1.76852e+12
42041462400 2.67956e+12 2.3552e+12 -1.77173e+12
42126739200 2.68441e+12 2.35947e+12 -1.77494e+12
42212102400 2.68927e+12 2.36373e+12 -1.77815e+12
42297552000 2.69412e+12 2.368e+12 -1.78136e+12
42383088000 2.69897e+12 2.37227e+12 -1.78457e+12
42468710400 2.70383e+12 2.37653e+12 -1.78777e+12
42554419200 2.70868e+12 2.3808e+12 -1.79098e+12
42640214400 2.71354e+12 2.38507e+12 -1.79419e+12
42726096000 2.71839e+12 2.38933e+12 -1.7974e+12
42812064000 2.72324e+12 2.3936e+12 -1.80061e+12
42898118400 2.7281e+12 2.39787e+12 -1.80382e+12
42984259200 2.73295e+12 2.40213e+12 -1.80703e+12
43070486400 2.73781e+12 2.4064e+12 -1.81024e+12
43156800000 2.74266e+12 2.41067e+12 -1.81345e+12
