0 1.00406e+09 -1.09318e+09 -2.09675e+07
86400 1.00432e+09 -1.09228e+09 -2.09936e+07
259200 1.00443e+09 -1.09122e+09 -2.10164e+07
518400 1.00439e+09 -1.09e+09 -2.10361e+07
864000 1.0042e+09 -1.0886e+09 -2.10526e+07
1296000 1.00385e+09 -1.08705e+09 -2.10658e+07
1814400 1.00335e+09 -1.08532e+09 -2.10759e+07
2419200 1.0027e+09 -1.08343e+09 -2.10826e+07
3110400 1.00189e+09 -1.08137e+09 -2.10861e+07
3888000 1.00092e+09 -1.07915e+09 -2.10864e+07
4752000 9.998e+08 -1.07675e+09 -2.10834e+07
5702400 9.98522e+08 -1.07419e+09 -2.1077e+07
6739200 9.97086e+08 -1.07146e+09 -2.10673e+07
7862400 9.95493e+08 -1.06855e+09 -2.10543e+07
9072000 9.9374e+08 -1.06548e+09 -2.10379e+07
10368000 9.91827e+08 -1.06224e+09 -2.10181e+07
11750400 9.89754e+08 -1.05882e+09 -2.09949e+07
13219200 9.87518e+08 -1.05523e+09 -2.09683e+07
14774400 9.8512e+08 -1.05146e+09 -2.09382e+07
16416000 9.82557e+08 -1.04753e+09 -2.09046e+07
18144000 9.79829e+08 -1.04341e+09 -2.08675e+07
19958400 9.76934e+08 -1.03912e+09 -2.08269e+07
21859200 9.73872e+08 -1.03465e+09 -2.07826e+07
23846400 9.7064e+08 -1.03e+09 -2.07348e+07
25920000 9.67237e+08 -1.02517e+09 -2.06832e+07
28080000 9.63661e+08 -1.02015e+09 -2.0628e+07
30326400 9.59911e+08 -1.01495e+09 -2.05691e+07
32659200 9.55986e+08 -1.00957e+09 -2.05064e+07
35078400 9.51882e+08 -1.004e+09 -2.04398e+07
37584000 9.47598e+08 -9.98235e+08 -2.03694e+07
40176000 9.43133e+08 -9.92282e+08 -2.02951e+07
42854400 9.38484e+08 -9.86136e+08 -2.02168e+07
45619200 9.33648e+08 -9.79795e+08 -2.01345e+07
48470400 9.28623e+08 -9.73254e+08 -2.00481e+07
51408000 9.23407e+08 -9.66514e+08 -1.99576e+07
54432000 9.17997e+08 -9.59569e+08 -1.98629e+07
57542400 9.12389e+08 -9.52419e+08 -1.97639e+07
60739200 9.06581e+08 -9.45058e+08 -1.96606e+07
64022400 9.0057e+08 -9.37486e+08 -1.95528e+07
67392000 8.94352e+08 -9.29697e+08 -1.94406e+07
70848000 8.87924e+08 -9.21689e+08 -1.93238e+07
74390400 8.81281e+08 -9.13458e+08 -1.92023e+07
78019200 8.7442e+08 -9.04999e+08 -1.9076e+07
81734400 8.67337e+08 -8.96309e+08 -1.89449e+07
85536000 8.60028e+08 -8.87384e+08 -1.88089e+07
89424000 8.52486e+08 -8.78218e+08 -1.86677e+07
93398400 8.44708e+08 -8.68807e+08 -1.85214e+07
97459200 8.36689e+08 -8.59146e+08 -1.83698e+07
101606400 8.28422e+08 -8.49228e+08 -1.82127e+07
105840000 8.19901e+08 -8.39048e+08 -1.80501e+07
110160000 8.11121e+08 -8.286e+08 -1.78817e+07
114566400 8.02074e+08 -8.17878e+08 -1.77074e+07
119059200 7.92753e+08 -8.06873e+08 -1.75271e+07
123638400 7.83151e+08 -7.95578e+08 -1.73406e+07
128304000 7.73259e+08 -7.83985e+08 -1.71476e+07
133056000 7.63068e+08 -7.72086e+08 -1.6948e+07
137894400 7.52568e+08 -7.5987e+08 -1.67415e+07
142819200 7.4175e+08 -7.47328e+08 -1.65279e+07
147830400 7.30602e+08 -7.34449e+08 -1.63069e+07
152928000 7.19112e+08 -7.21221e+08 -1.60783e+07
158112000 7.07267e+08 -7.07631e+08 -1.58417e+07
163382400 6.95053e+08 -6.93665e+08 -1.55969e+07
168739200 6.82453e+08 -6.79308e+08 -1.53434e+07
174182400 6.69451e+08 -6.64543e+08 -1.50808e+07
179712000 6.56029e+08 -6.49352e+08 -1.48087e+07
185328000 6.42165e+08 -6.33714e+08 -1.45265e+07
191030400 6.27836e+08 -6.17608e+08 -1.42339e+07
196819200 6.13017e+08 -6.01007e+08 -1.39301e+07
202694400 5.97679e+08 -5.83886e+08 -1.36144e+07
208656000 5.81789e+08 -5.66212e+08 -1.32861e+07
214704000 5.65311e+08 -5.47949e+08 -1.29444e+07
220838400 5.48202e+08 -5.29058e+08 -1.25881e+07
227059200 5.30415e+08 -5.09491e+08 -1.22162e+07
233366400 5.11893e+08 -4.89196e+08 -1.18272e+07
239760000 4.9257e+08 -4.68108e+08 -1.14196e+07
246240000 4.72367e+08 -4.46154e+08 -1.09915e+07
252806400 4.51189e+08 -4.23243e+08 -1.05405e+07
259459200 4.28919e+08 -3.99264e+08 -1.00638e+07
266198400 4.05411e+08 -3.74082e+08 -9.55778e+06
273024000 3.80479e+08 -3.47519e+08 -9.01782e+06
279936000 3.53872e+08 -3.19348e+08 -8.43773e+06
286934400 3.25251e+08 -2.89251e+08 -7.80896e+06
294019200 2.94121e+08 -2.56779e+08 -7.11902e+06
301190400 2.59717e+08 -2.21237e+08 -6.34836e+06
308448000 2.20725e+08 -1.81455e+08 -5.46303e+06
315792000 1.74503e+08 -1.35112e+08 -4.39354e+06
323222400 1.1392e+08 -7.61224e+07 -2.94778e+06
330739200 -1.57541e+06 2.8086e+07 22195
338342400 2.08905e+08 -2.07176e+08 -4.11723e+06
346032000 2.6342e+08 -2.75832e+08 -4.96929e+06
353808000 3.17387e+08 -3.43703e+08 -5.81532e+06
361670400 3.70632e+08 -4.10668e+08 -6.64977e+06
369619200 4.23226e+08 -4.76832e+08 -7.47337e+06
377654400 4.7527e+08 -5.42321e+08 -8.28774e+06
385776000 5.26852e+08 -6.07244e+08 -9.09439e+06
393984000 5.78046e+08 -6.7169e+08 -9.89456e+06
402278400 6.2891e+08 -7.3573e+08 -1.06892e+07
410659200 6.7949e+08 -7.9942e+08 -1.14792e+07
419126400 7.29825e+08 -8.62806e+08 -1.22652e+07
427680000 7.79946e+08 -9.25926e+08 -1.30476e+07
436320000 8.29877e+08 -9.88812e+08 -1.38269e+07
445046400 8.79639e+08 -1.05149e+09 -1.46034e+07
453859200 9.29252e+08 -1.11398e+09 -1.53775e+07
462758400 9.78729e+08 -1.1763e+09 -1.61495e+07
471744000 1.02808e+09 -1.23847e+09 -1.69194e+07
480816000 1.07733e+09 -1.3005e+09 -1.76875e+07
489974400 1.12647e+09 -1.36241e+09 -1.8454e+07
499219200 1.17552e+09 -1.4242e+09 -1.9219e+07
508550400 1.22449e+09 -1.48588e+09 -1.99826e+07
517968000 1.27337e+09 -1.54746e+09 -2.07449e+07
527472000 1.32219e+09 -1.60896e+09 -2.15061e+07
537062400 1.37093e+09 -1.67036e+09 -2.22662e+07
546739200 1.41961e+09 -1.73169e+09 -2.30253e+07
556502400 1.46824e+09 -1.79295e+09 -2.37834e+07
566352000 1.51681e+09 -1.85413e+09 -2.45407e+07
576288000 1.56532e+09 -1.91526e+09 -2.52971e+07
586310400 1.61379e+09 -1.97632e+09 -2.60527e+07
596419200 1.66221e+09 -2.03732e+09 -2.68077e+07
606614400 1.71059e+09 -2.09827e+09 -2.75619e+07
616896000 1.75893e+09 -2.15917e+09 -2.83155e+07
627264000 1.80723e+09 -2.22002e+09 -2.90685e+07
637718400 1.8555e+09 -2.28082e+09 -2.98209e+07
648259200 1.90373e+09 -2.34158e+09 -3.05727e+07
658886400 1.95193e+09 -2.4023e+09 -3.1324e+07
669600000 2.00009e+09 -2.46298e+09 -3.20749e+07
680400000 2.04823e+09 -2.52362e+09 -3.28252e+07
691286400 2.09633e+09 -2.58423e+09 -3.35751e+07
702259200 2.14441e+09 -2.6448e+09 -3.43246e+07
713318400 2.19247e+09 -2.70534e+09 -3.50737e+07
724464000 2.2405e+09 -2.76585e+09 -3.58223e+07
735696000 2.2885e+09 -2.82633e+09 -3.65706e+07
747014400 2.33649e+09 -2.88678e+09 -3.73186e+07
758419200 2.38445e+09 -2.9472e+09 -3.80662e+07
769910400 2.43239e+09 -3.0076e+09 -3.88134e+07
781488000 2.48031e+09 -3.06797e+09 -3.95604e+07
793152000 2.52821e+09 -3.12832e+09 -4.0307e+07
804902400 2.57609e+09 -3.18864e+09 -4.10533e+07
816739200 2.62396e+09 -3.24894e+09 -4.17994e+07
828662400 2.6718e+09 -3.30922e+09 -4.25452e+07
840672000 2.71963e+09 -3.36948e+09 -4.32907e+07
852768000 2.76745e+09 -3.42971e+09 -4.40359e+07
864950400 2.81525e+09 -3.48993e+09 -4.4781e+07
877219200 2.86303e+09 -3.55013e+09 -4.55257e+07
889574400 2.9108e+09 -3.61031e+09 -4.62703e+07
902016000 2.95855e+09 -3.67047e+09 -4.70146e+07
914544000 3.00629e+09 -3.73061e+09 -4.77587e+07
927158400 3.05402e+09 -3.79074e+09 -4.85026e+07
939859200 3.10174e+09 -3.85085e+09 -4.92463e+07
952646400 3.14944e+09 -3.91095e+09 -4.99898e+07
965520000 3.19713e+09 -3.97103e+09 -5.07331e+07
978480000 3.24481e+09 -4.0311e+09 -5.14763e+07
991526400 3.29248e+09 -4.09115e+09 -5.22192e+07
1004659200 3.34013e+09 -4.15119e+09 -5.2962e+07
1017878400 3.38778e+09 -4.21121e+09 -5.37046e+07
1031184000 3.43541e+09 -4.27122e+09 -5.44471e+07
1044576000 3.48304e+09 -4.33122e+09 -5.51893e+07
1058054400 3.53066e+09 -4.39121e+09 -5.59315e+07
1071619200 3.57826e+09 -4.45118e+09 -5.66735e+07
1085270400 3.62586e+09 -4.51114e+09 -5.74153e+07
1099008000 3.67345e+09 -4.57109e+09 -5.8157e+07
1112832000 3.72102e+09 -4.63103e+09 -5.88985e+07
1126742400 3.76859e+09 -4.69096e+09 -5.964e+07
1140739200 3.81616e+09 -4.75088e+09 -6.03812e+07
1154822400 3.86371e+09 -4.81079e+09 -6.11224e+07
1168992000 3.91125e+09 -4.87068e+09 -6.18634e+07
1183248000 3.95879e+09 -4.93057e+09 -6.26043e+07
1197590400 4.00632e+09 -4.99045e+09 -6.33451e+07
1212019200 4.05384e+09 -5.05032e+09 -6.40858e+07
1226534400 4.10136e+09 -5.11018e+09 -6.48264e+07
1241136000 4.14887e+09 -5.17003e+09 -6.55668e+07
1255824000 4.19637e+09 -5.22987e+09 -6.63071e+07
1270598400 4.24386e+09 -5.2897e+09 -6.70474e+07
1285459200 4.29135e+09 -5.34952e+09 -6.77875e+07
1300406400 4.33883e+09 -5.40934e+09 -6.85275e+07
1315440000 4.38631e+09 -5.46915e+09 -6.92674e+07
1330560000 4.43378e+09 -5.52895e+09 -7.00073e+07
1345766400 4.48124e+09 -5.58874e+09 -7.0747e+07
1361059200 4.52869e+09 -5.64853e+09 -7.14866e+07
1376438400 4.57615e+09 -5.7083e+09 -7.22262e+07
1391904000 4.62359e+09 -5.76807e+09 -7.29656e+07
1407456000 4.67103e+09 -5.82784e+09 -7.3705e+07
1423094400 4.71846e+09 -5.88759e+09 -7.44443e+07
1438819200 4.76589e+09 -5.94734e+09 -7.51835e+07
1454630400 4.81332e+09 -6.00709e+09 -7.59226e+07
1470528000 4.86073e+09 -6.06682e+09 -7.66617e+07
1486512000 4.90815e+09 -6.12655e+09 -7.74006e+07
1502582400 4.95556e+09 -6.18628e+09 -7.81395e+07
1518739200 5.00296e+09 -6.24599e+09 -7.88783e+07
1534982400 5.05036e+09 -6.30571e+09 -7.9617e+07
1551312000 5.09775e+09 -6.36541e+09 -8.03557e+07
1567728000 5.14514e+09 -6.42511e+09 -8.10943e+07
1584230400 5.19253e+09 -6.4848e+09 -8.18328e+07
1600819200 5.23991e+09 -6.54449e+09 -8.25712e+07
1617494400 5.28728e+09 -6.60418e+09 -8.33096e+07
1634256000 5.33465e+09 -6.66385e+09 -8.40479e+07
1651104000 5.38202e+09 -6.72353e+09 -8.47861e+07
1668038400 5.42939e+09 -6.78319e+09 -8.55243e+07
1685059200 5.47674e+09 -6.84285e+09 -8.62624e+07
1702166400 5.5241e+09 -6.90251e+09 -8.70005e+07
1719360000 5.57145e+09 -6.96216e+09 -8.77385e+07
1736640000 5.6188e+09 -7.02181e+09 -8.84764e+07
1754006400 5.66614e+09 -7.08145e+09 -8.92143e+07
1771459200 5.71348e+09 -7.14109e+09 -8.99521e+07
1788998400 5.76082e+09 -7.20072e+09 -9.06899e+07
1806624000 5.80815e+09 -7.26035e+09 -9.14276e+07
1824336000 5.85548e+09 -7.31997e+09 -9.21652e+07
1842134400 5.90281e+09 -7.37959e+09 -9.29028e+07
1860019200 5.95013e+09 -7.43921e+09 -9.36403e+07
1877990400 5.99745e+09 -7.49882e+09 -9.43778e+07
1896048000 6.04476e+09 -7.55842e+09 -9.51152e+07
1914192000 6.09208e+09 -7.61803e+09 -9.58526e+07
1932422400 6.13939e+09 -7.67763e+09 -9.65899e+07
1950739200 6.18669e+09 -7.73722e+09 -9.73272e+07
1969142400 6.234e+09 -7.79681e+09 -9.80645e+07
1987632000 6.28129e+09 -7.8564e+09 -9.88016e+07
2006208000 6.32859e+09 -7.91598e+09 -9.95388e+07
2024870400 6.37589e+09 -7.97556e+09 -1.00276e+08
2043619200 6.42318e+09 -8.03513e+09 -1.01013e+08
2062454400 6.47046e+09 -8.0947e+09 -1.0175e+08
2081376000 6.51775e+09 -8.15427e+09 -1.02487e+08
2100384000 6.56503e+09 -8.21383e+09 -1.03224e+08
2119478400 6.61231e+09 -8.2734e+09 -1.03961e+08
2138659200 6.65959e+09 -8.33295e+09 -1.04697e+08
2157926400 6.70686e+09 -8.39251e+09 -1.05434e+08
2177280000 6.75413e+09 -8.45206e+09 -1.06171e+08
2196720000 6.8014e+09 -8.5116e+09 -1.06908e+08
2216246400 6.84867e+09 -8.57115e+09 -1.07644e+08
2235859200 6.89593e+09 -8.63069e+09 -1.08381e+08
2255558400 6.94319e+09 -8.69022e+09 -1.09118e+08
2275344000 6.99045e+09 -8.74976e+09 -1.09854e+08
2295216000 7.03771e+09 -8.80929e+09 -1.10591e+08
2315174400 7.08496e+09 -8.86882e+09 -1.11327e+08
2335219200 7.13221e+09 -8.92834e+09 -1.12063e+08
2355350400 7.17946e+09 -8.98786e+09 -1.128e+08
2375568000 7.22671e+09 -9.04738e+09 -1.13536e+08
2395872000 7.27395e+09 -9.1069e+09 -1.14273e+08
2416262400 7.3212e+09 -9.16641e+09 -1.15009e+08
2436739200 7.36844e+09 -9.22592e+09 -1.15745e+08
2457302400 7.41567e+09 -9.28543e+09 -1.16481e+08
2477952000 7.46291e+09 -9.34494e+09 -1.17217e+08
2498688000 7.51014e+09 -9.40444e+09 -1.17954e+08
2519510400 7.55737e+09 -9.46394e+09 -1.1869e+08
2540419200 7.6046e+09 -9.52343e+09 -1.19426e+08
2561414400 7.65183e+09 -9.58293e+09 -1.20162e+08
2582496000 7.69906e+09 -9.64242e+09 -1.20898e+08
2603664000 7.74628e+09 -9.70191e+09 -1.21634e+08
2624918400 7.7935e+09 -9.7614e+09 -1.2237e+08
2646259200 7.84072e+09 -9.82088e+09 -1.23106e+08
2667686400 7.88794e+09 -9.88036e+09 -1.23842e+08
2689200000 7.93515e+09 -9.93984e+09 -1.24577e+08
2710800000 7.98237e+09 -9.99932e+09 -1.25313e+08
2732486400 8.02958e+09 -1.00588e+10 -1.26049e+08
2754259200 8.07679e+09 -1.01183e+10 -1.26785e+08
2776118400 8.12399e+09 -1.01777e+10 -1.27521e+08
2798064000 8.1712e+09 -1.02372e+10 -1.28256e+08
2820096000 8.2184e+09 -1.02967e+10 -1.28992e+08
2842214400 8.26561e+09 -1.03561e+10 -1.29728e+08
2864419200 8.31281e+09 -1.04156e+10 -1.30463e+08
2886710400 8.36001e+09 -1.0475e+10 -1.31199e+08
2909088000 8.4072e+09 -1.05345e+10 -1.31935e+08
2931552000 8.4544e+09 -1.0594e+10 -1.3267e+08
2954102400 8.50159e+09 -1.06534e+10 -1.33406e+08
2976739200 8.54879e+09 -1.07129e+10 -1.34141e+08
2999462400 8.59598e+09 -1.07723e+10 -1.34877e+08
3022272000 8.64317e+09 -1.08318e+10 -1.35612e+08
3045168000 8.69035e+09 -1.08912e+10 -1.36347e+08
3068150400 8.73754e+09 -1.09506e+10 -1.37083e+08
3091219200 8.78472e+09 -1.10101e+10 -1.37818e+08
3114374400 8.83191e+09 -1.10695e+10 -1.38554e+08
3137616000 8.87909e+09 -1.1129e+10 -1.39289e+08
3160944000 8.92627e+09 -1.11884e+10 -1.40024e+08
3184358400 8.97344e+09 -1.12478e+10 -1.4076e+08
3207859200 9.02062e+09 -1.13072e+10 -1.41495e+08
3231446400 9.0678e+09 -1.13667e+10 -1.4223e+08
3255120000 9.11497e+09 -1.14261e+10 -1.42965e+08
3278880000 9.16214e+09 -1.14855e+10 -1.437e+08
3302726400 9.20931e+09 -1.15449e+10 -1.44436e+08
3326659200 9.25648e+09 -1.16044e+10 -1.45171e+08
3350678400 9.30365e+09 -1.16638e+10 -1.45906e+08
3374784000 9.35082e+09 -1.17232e+10 -1.46641e+08
3398976000 9.39798e+09 -1.17826e+10 -1.47376e+08
3423254400 9.44515e+09 -1.1842e+10 -1.48111e+08
3447619200 9.49231e+09 -1.19014e+10 -1.48846e+08
3472070400 9.53947e+09 -1.19609e+10 -1.49581e+08
3496608000 9.58663e+09 -1.20203e+10 -1.50316e+08
3521232000 9.63379e+09 -1.20797e+10 -1.51051e+08
3545942400 9.68095e+09 -1.21391e+10 -1.51786e+08
3570739200 9.7281e+09 -1.21985e+10 -1.52521e+08
3595622400 9.77526e+09 -1.22579e+10 -1.53256e+08
3620592000 9.82241e+09 -1.23173e+10 -1.53991e+08
3645648000 9.86956e+09 -1.23767e+10 -1.54726e+08
3670790400 9.91671e+09 -1.24361e+10 -1.55461e+08
3696019200 9.96386e+09 -1.24955e+10 -1.56195e+08
3721334400 1.0011e+10 -1.25549e+10 -1.5693e+08
3746736000 1.00582e+10 -1.26143e+10 -1.57665e+08
3772224000 1.01053e+10 -1.26737e+10 -1.584e+08
3797798400 1.01525e+10 -1.27331e+10 -1.59135e+08
3823459200 1.01996e+10 -1.27924e+10 -1.59869e+08
3849206400 1.02467e+10 -1.28518e+10 -1.60604e+08
3875040000 1.02939e+10 -1.29112e+10 -1.61339e+08
3900960000 1.0341e+10 -1.29706e+10 -1.62074e+08
3926966400 1.03882e+10 -1.303e+10 -1.62808e+08
3953059200 1.04353e+10 -1.30894e+10 -1.63543e+08
3979238400 1.04824e+10 -1.31487e+10 -1.64278e+08
4005504000 1.05296e+10 -1.32081e+10 -1.65012e+08
4031856000 1.05767e+10 -1.32675e+10 -1.65747e+08
4058294400 1.06238e+10 -1.33269e+10 -1.66481e+08
4084819200 1.0671e+10 -1.33862e+10 -1.67216e+08
4111430400 1.07181e+10 -1.34456e+10 -1.67951e+08
4138128000 1.07652e+10 -1.3505e+10 -1.68685e+08
4164912000 1.08124e+10 -1.35644e+10 -1.6942e+08
4191782400 1.08595e+10 -1.36237e+10 -1.70154e+08
4218739200 1.09066e+10 -1.36831e+10 -1.70889e+08
4245782400 1.09538e+10 -1.37425e+10 -1.71623e+08
4272912000 1.10009e+10 -1.38018e+10 -1.72358e+08
4300128000 1.1048e+10 -1.38612e+10 -1.73092e+08
4327430400 1.10951e+10 -1.39206e+10 -1.73826e+08
4354819200 1.11422e+10 -1.39799e+10 -1.74561e+08
4382294400 1.11894e+10 -1.40393e+10 -1.75295e+08
4409856000 1.12365e+10 -1.40986e+10 -1.7603e+08
4437504000 1.12836e+10 -1.4158e+10 -1.76764e+08
4465238400 1.13307e+10 -1.42174e+10 -1.77498e+08
4493059200 1.13778e+10 -1.42767e+10 -1.78233e+08
4520966400 1.1425e+10 -1.43361e+10 -1.78967e+08
4548960000 1.14721e+10 -1.43954e+10 -1.79701e+08
4577040000 1.15192e+10 -1.44548e+10 -1.80436e+08
4605206400 1.15663e+10 -1.45141e+10 -1.8117e+08
4633459200 1.16134e+10 -1.45735e+10 -1.81904e+08
4661798400 1.16605e+10 -1.46328e+10 -1.82639e+08
4690224000 1.17077e+10 -1.46922e+10 -1.83373e+08
4718736000 1.17548e+10 -1.47515e+10 -1.84107e+08
4747334400 1.18019e+10 -1.48109e+10 -1.84841e+08
4776019200 1.1849e+10 -1.48702e+10 -1.85575e+08
4804790400 1.18961e+10 -1.49296e+10 -1.8631e+08
4833648000 1.19432e+10 -1.49889e+10 -1.87044e+08
4862592000 1.19903e+10 -1.50482e+10 -1.87778e+08
4891622400 1.20374e+10 -1.51076e+10 -1.88512e+08
4920739200 1.20845e+10 -1.51669e+10 -1.89246e+08
4949942400 1.21316e+10 -1.52263e+10 -1.8998e+08
4979232000 1.21787e+10 -1.52856e+10 -1.90715e+08
5008608000 1.22258e+10 -1.53449e+10 -1.91449e+08
5038070400 1.22729e+10 -1.54043e+10 -1.92183e+08
5067619200 1.232e+10 -1.54636e+10 -1.92917e+08
5097254400 1.23671e+10 -1.55229e+10 -1.93651e+08
5126976000 1.24142e+10 -1.55823e+10 -1.94385e+08
5156784000 1.24613e+10 -1.56416e+10 -1.95119e+08
5186678400 1.25084e+10 -1.57009e+10 -1.95853e+08
5216659200 1.25555e+10 -1.57603e+10 -1.96587e+08
5246726400 1.26026e+10 -1.58196e+10 -1.97321e+08
5276880000 1.26497e+10 -1.58789e+10 -1.98055e+08
5307120000 1.26968e+10 -1.59382e+10 -1.98789e+08
5337446400 1.27439e+10 -1.59976e+10 -1.99523e+08
5367859200 1.2791e+10 -1.60569e+10 -2.00257e+08
5398358400 1.28381e+10 -1.61162e+10 -2.00991e+08
5428944000 1.28852e+10 -1.61755e+10 -2.01725e+08
5459616000 1.29323e+10 -1.62349e+10 -2.02459e+08
5490374400 1.29794e+10 -1.62942e+10 -2.03193e+08
5521219200 1.30265e+10 -1.63535e+10 -2.03927e+08
5552150400 1.30735e+10 -1.64128e+10 -2.0466e+08
5583168000 1.31206e+10 -1.64721e+10 -2.05394e+08
5614272000 1.31677e+10 -1.65314e+10 -2.06128e+08
5645462400 1.32148e+10 -1.65908e+10 -2.06862e+08
5676739200 1.32619e+10 -1.66501e+10 -2.07596e+08
5708102400 1.3309e+10 -1.67094e+10 -2.0833e+08
5739552000 1.33561e+10 -1.67687e+10 -2.09064e+08
5771088000 1.34031e+10 -1.6828e+10 -2.09797e+08
5802710400 1.34502e+10 -1.68873e+10 -2.10531e+08
5834419200 1.34973e+10 -1.69466e+10 -2.11265e+08
5866214400 1.35444e+10 -1.7006e+10 -2.11999e+08
5898096000 1.35915e+10 -1.70653e+10 -2.12733e+08
5930064000 1.36386e+10 -1.71246e+10 -2.13466e+08
5962118400 1.36856e+10 -1.71839e+10 -2.142e+08
5994259200 1.37327e+10 -1.72432e+10 -2.14934e+08
6026486400 1.37798e+10 -1.73025e+10 -2.15668e+08
6058800000 1.38269e+10 -1.73618e+10 -2.16401e+08
6091200000 1.3874e+10 -1.74211e+10 -2.17135e+08
6123686400 1.3921e+10 -1.74804e+10 -2.17869e+08
6156259200 1.39681e+10 -1.75397e+10 -2.18603e+08
6188918400 1.40152e+10 -1.7599e+10 -2.19336e+08
6221664000 1.40623e+10 -1.76583e+10 -2.2007e+08
6254496000 1.41093e+10 -1.77176e+10 -2.20804e+08
6287414400 1.41564e+10 -1.77769e+10 -2.21537e+08
6320419200 1.42035e+10 -1.78362e+10 -2.22271e+08
6353510400 1.42506e+10 -1.78955e+10 -2.23005e+08
6386688000 1.42976e+10 -1.79548e+10 -2.23738e+08
6419952000 1.43447e+10 -1.80141e+10 -2.24472e+08
6453302400 1.43918e+10 -1.80734e+10 -2.25205e+08
6486739200 1.44388e+10 -1.81327e+10 -2.25939e+08
6520262400 1.44859e+10 -1.8192e+10 -2.26673e+08
6553872000 1.4533e+10 -1.82513e+10 -2.27406e+08
6587568000 1.458e+10 -1.83106e+10 -2.2814e+08
6621350400 1.46271e+10 -1.83699e+10 -2.28873e+08
6655219200 1.46742e+10 -1.84292e+10 -2.29607e+08
6689174400 1.47213e+10 -1.84885e+10 -2.3034e+08
6723216000 1.47683e+10 -1.85477e+10 -2.31074e+08
6757344000 1.48154e+10 -1.8607e+10 -2.31808e+08
6791558400 1.48624e+10 -1.86663e+10 -2.32541e+08
6825859200 1.49095e+10 -1.87256e+10 -2.33275e+08
6860246400 1.49566e+10 -1.87849e+10 -2.34008e+08
6894720000 1.50036e+10 -1.88442e+10 -2.34742e+08
6929280000 1.50507e+10 -1.89035e+10 -2.35475e+08
6963926400 1.50978e+10 -1.89628e+10 -2.36209e+08
6998659200 1.51448e+10 -1.9022e+10 -2.36942e+08
7033478400 1.51919e+10 -1.90813e+10 -2.37676e+08
7068384000 1.5239e+10 -1.91406e+10 -2.38409e+08
7103376000 1.5286e+10 -1.91999e+10 -2.39142e+08
7138454400 1.53331e+10 -1.92592e+10 -2.39876e+08
7173619200 1.53801e+10 -1.93185e+10 -2.40609e+08
7208870400 1.54272e+10 -1.93777e+10 -2.41343e+08
7244208000 1.54743e+10 -1.9437e+10 -2.42076e+08
7279632000 1.55213e+10 -1.94963e+10 -2.4281e+08
7315142400 1.55684e+10 -1.95556e+10 -2.43543e+08
7350739200 1.56154e+10 -1.96149e+10 -2.44276e+08
7386422400 1.56625e+10 -1.96741e+10 -2.4501e+08
7422192000 1.57095e+10 -1.97334e+10 -2.45743e+08
7458048000 1.57566e+10 -1.97927e+10 -2.46477e+08
7493990400 1.58037e+10 -1.9852e+10 -2.4721e+08
7530019200 1.58507e+10 -1.99112e+10 -2.47943e+08
7566134400 1.58978e+10 -1.99705e+10 -2.48677e+08
7602336000 1.59448e+10 -2.00298e+10 -2.4941e+08
7638624000 1.59919e+10 -2.00891e+10 -2.50143e+08
7674998400 1.60389e+10 -2.01483e+10 -2.50877e+08
7711459200 1.6086e+10 -2.02076e+10 -2.5161e+08
7748006400 1.6133e+10 -2.02669e+10 -2.52343e+08
7784640000 1.61801e+10 -2.03262e+10 -2.53077e+08
7821360000 1.62271e+10 -2.03854e+10 -2.5381e+08
7858166400 1.62742e+10 -2.04447e+10 -2.54543e+08
7895059200 1.63212e+10 -2.0504e+10 -2.55277e+08
7932038400 1.63683e+10 -2.05632e+10 -2.5601e+08
7969104000 1.64153e+10 -2.06225e+10 -2.56743e+08
8006256000 1.64624e+10 -2.06818e+10 -2.57476e+08
8043494400 1.65094e+10 -2.0741e+10 -2.5821e+08
8080819200 1.65565e+10 -2.08003e+10 -2.58943e+08
8118230400 1.66035e+10 -2.08596e+10 -2.59676e+08
8155728000 1.66506e+10 -2.09188e+10 -2.60409e+08
8193312000 1.66976e+10 -2.09781e+10 -2.61143e+08
8230982400 1.67447e+10 -2.10374e+10 -2.61876e+08
8268739200 1.67917e+10 -2.10966e+10 -2.62609e+08
8306582400 1.68388e+10 -2.11559e+10 -2.63342e+08
8344512000 1.68858e+10 -2.12152e+10 -2.64076e+08
8382528000 1.69328e+10 -2.12744e+10 -2.64809e+08
8420630400 1.69799e+10 -2.13337e+10 -2.65542e+08
8458819200 1.70269e+10 -2.13929e+10 -2.66275e+08
8497094400 1.7074e+10 -2.14522e+10 -2.67008e+08
8535456000 1.7121e+10 -2.15115e+10 -2.67741e+08
8573904000 1.71681e+10 -2.15707e+10 -2.68475e+08
8612438400 1.72151e+10 -2.163e+10 -2.69208e+08
8651059200 1.72621e+10 -2.16892e+10 -2.69941e+08
8689766400 1.73092e+10 -2.17485e+10 -2.70674e+08
8728560000 1.73562e+10 -2.18078e+10 -2.71407e+08
8767440000 1.74033e+10 -2.1867e+10 -2.7214e+08
8806406400 1.74503e+10 -2.19263e+10 -2.72874e+08
8845459200 1.74973e+10 -2.19855e+10 -2.73607e+08
8884598400 1.75444e+10 -2.20448e+10 -2.7434e+08
8923824000 1.75914e+10 -2.2104e+10 -2.75073e+08
8963136000 1.76385e+10 -2.21633e+10 -2.75806e+08
9002534400 1.76855e+10 -2.22226e+10 -2.76539e+08
9042019200 1.77325e+10 -2.22818e+10 -2.77272e+08
9081590400 1.77796e+10 -2.23411e+10 -2.78005e+08
9121248000 1.78266e+10 -2.24003e+10 -2.78738e+08
9160992000 1.78737e+10 -2.24596e+10 -2.79471e+08
9200822400 1.79207e+10 -2.25188e+10 -2.80205e+08
9240739200 1.79677e+10 -2.25781e+10 -2.80938e+08
9280742400 1.80148e+10 -2.26373e+10 -2.81671e+08
9320832000 1.80618e+10 -2.26966e+10 -2.82404e+08
9361008000 1.81088e+10 -2.27558e+10 -2.83137e+08
9401270400 1.81559e+10 -2.28151e+10 -2.8387e+08
9441619200 1.82029e+10 -2.28743e+10 -2.84603e+08
9482054400 1.82499e+10 -2.29336e+10 -2.85336e+08
9522576000 1.8297e+10 -2.29928e+10 -2.86069e+08
9563184000 1.8344e+10 -2.30521e+10 -2.86802e+08
9603878400 1.8391e+10 -2.31113e+10 -2.87535e+08
9644659200 1.84381e+10 -2.31706e+10 -2.88268e+08
9685526400 1.84851e+10 -2.32298e+10 -2.89001e+08
9726480000 1.85321e+10 -2.32891e+10 -2.89734e+08
9767520000 1.85792e+10 -2.33483e+10 -2.90467e+08
9808646400 1.86262e+10 -2.34075e+10 -2.912e+08
9849859200 1.86732e+10 -2.34668e+10 -2.91933e+08
9891158400 1.87203e+10 -2.3526e+10 -2.92666e+08
9932544000 1.87673e+10 -2.35853e+10 -2.93399e+08
9974016000 1.88143e+10 -2.36445e+10 -2.94132e+08
10015574400 1.88613e+10 -2.37038e+10 -2.94865e+08
10057219200 1.89084e+10 -2.3763e+10 -2.95598e+08
10098950400 1.89554e+10 -2.38222e+10 -2.96331e+08
10140768000 1.90024e+10 -2.38815e+10 -2.97064e+08
10182672000 1.90495e+10 -2.39407e+10 -2.97797e+08
10224662400 1.90965e+10 -2.4e+10 -2.9853e+08
10266739200 1.91435e+10 -2.40592e+10 -2.99263e+08
10308902400 1.91905e+10 -2.41184e+10 -2.99995e+08
10351152000 1.92376e+10 -2.41777e+10 -3.00728e+08
10393488000 1.92846e+10 -2.42369e+10 -3.01461e+08
10435910400 1.93316e+10 -2.42962e+10 -3.02194e+08
10478419200 1.93786e+10 -2.43554e+10 -3.02927e+08
10521014400 1.94257e+10 -2.44146e+10 -3.0366e+08
10563696000 1.94727e+10 -2.44739e+10 -3.04393e+08
10606464000 1.95197e+10 -2.45331e+10 -3.05126e+08
10649318400 1.95667e+10 -2.45924e+10 -3.05859e+08
10692259200 1.96138e+10 -2.46516e+10 -3.06592e+08
10735286400 1.96608e+10 -2.47108e+10 -3.07324e+08
10778400000 1.97078e+10 -2.47701e+10 -3.08057e+08
10821600000 1.97548e+10 -2.48293e+10 -3.0879e+08
10864886400 1.98019e+10 -2.48885e+10 -3.09523e+08
10908259200 1.98489e+10 -2.49478e+10 -3.10256e+08
10951718400 1.98959e+10 -2.5007e+10 -3.10989e+08
10995264000 1.99429e+10 -2.50662e+10 -3.11722e+08
11038896000 1.99899e+10 -2.51255e+10 -3.12454e+08
11082614400 2.0037e+10 -2.51847e+10 -3.13187e+08
11126419200 2.0084e+10 -2.52439e+10 -3.1392e+08
11170310400 2.0131e+10 -2.53032e+10 -3.14653e+08
11214288000 2.0178e+10 -2.53624e+10 -3.15386e+08
11258352000 2.02251e+10 -2.54216e+10 -3.16119e+08
11302502400 2.02721e+10 -2.54809e+10 -3.16851e+08
11346739200 2.03191e+10 -2.55401e+10 -3.17584e+08
11391062400 2.03661e+10 -2.55993e+10 -3.18317e+08
11435472000 2.04131e+10 -2.56586e+10 -3.1905e+08
11479968000 2.04601e+10 -2.57178e+10 -3.19783e+08
11524550400 2.05072e+10 -2.5777e+10 -3.20515e+08
11569219200 2.05542e+10 -2.58362e+10 -3.21248e+08
11613974400 2.06012e+10 -2.58955e+10 -3.21981e+08
11658816000 2.06482e+10 -2.59547e+10 -3.22714e+08
11703744000 2.06952e+10 -2.60139e+10 -3.23447e+08
11748758400 2.07423e+10 -2.60731e+10 -3.24179e+08
11793859200 2.07893e+10 -2.61324e+10 -3.24912e+08
11839046400 2.08363e+10 -2.61916e+10 -3.25645e+08
11884320000 2.08833e+10 -2.62508e+10 -3.26378e+08
11929680000 2.09303e+10 -2.63101e+10 -3.2711e+08
11975126400 2.09773e+10 -2.63693e+10 -3.27843e+08
12020659200 2.10244e+10 -2.64285e+10 -3.28576e+08
12066278400 2.10714e+10 -2.64877e+10 -3.29309e+08
12111984000 2.11184e+10 -2.6547e+10 -3.30041e+08
12157776000 2.11654e+10 -2.66062e+10 -3.30774e+08
12203654400 2.12124e+10 -2.66654e+10 -3.31507e+08
12249619200 2.12594e+10 -2.67246e+10 -3.3224e+08
12295670400 2.13064e+10 -2.67839e+10 -3.32972e+08
12341808000 2.13535e+10 -2.68431e+10 -3.33705e+08
12388032000 2.14005e+10 -2.69023e+10 -3.34438e+08
12434342400 2.14475e+10 -2.69615e+10 -3.3517e+08
12480739200 2.14945e+10 -2.70207e+10 -3.35903e+08
12527222400 2.15415e+10 -2.708e+10 -3.36636e+08
12573792000 2.15885e+10 -2.71392e+10 -3.37369e+08
12620448000 2.16355e+10 -2.71984e+10 -3.38101e+08
12667190400 2.16825e+10 -2.72576e+10 -3.38834e+08
12714019200 2.17295e+10 -2.73168e+10 -3.39567e+08
12760934400 2.17766e+10 -2.73761e+10 -3.40299e+08
12807936000 2.18236e+10 -2.74353e+10 -3.41032e+08
12855024000 2.18706e+10 -2.74945e+10 -3.41765e+08
12902198400 2.19176e+10 -2.75537e+10 -3.42497e+08
12949459200 2.19646e+10 -2.76129e+10 -3.4323e+08
12996806400 2.20116e+10 -2.76722e+10 -3.43963e+08
13044240000 2.20586e+10 -2.77314e+10 -3.44695e+08
13091760000 2.21056e+10 -2.77906e+10 -3.45428e+08
13139366400 2.21526e+10 -2.78498e+10 -3.46161e+08
13187059200 2.21997e+10 -2.7909e+10 -3.46893e+08
13234838400 2.22467e+10 -2.79682e+10 -3.47626e+08
13282704000 2.22937e+10 -2.80275e+10 -3.48359e+08
13330656000 2.23407e+10 -2.80867e+10 -3.49091e+08
13378694400 2.23877e+10 -2.81459e+10 -3.49824e+08
13426819200 2.24347e+10 -2.82051e+10 -3.50556e+08
13475030400 2.24817e+10 -2.82643e+10 -3.51289e+08
13523328000 2.25287e+10 -2.83235e+10 -3.52022e+08
13571712000 2.25757e+10 -2.83828e+10 -3.52754e+08
13620182400 2.26227e+10 -2.8442e+10 -3.53487e+08
13668739200 2.26697e+10 -2.85012e+10 -3.5422e+08
13717382400 2.27167e+10 -2.85604e+10 -3.54952e+08
13766112000 2.27637e+10 -2.86196e+10 -3.55685e+08
13814928000 2.28107e+10 -2.86788e+10 -3.56417e+08
13863830400 2.28578e+10 -2.8738e+10 -3.5715e+08
13912819200 2.29048e+10 -2.87973e+10 -3.57883e+08
13961894400 2.29518e+10 -2.88565e+10 -3.58615e+08
14011056000 2.29988e+10 -2.89157e+10 -3.59348e+08
14060304000 2.30458e+10 -2.89749e+10 -3.6008e+08
14109638400 2.30928e+10 -2.90341e+10 -3.60813e+08
14159059200 2.31398e+10 -2.90933e+10 -3.61545e+08
14208566400 2.31868e+10 -2.91525e+10 -3.62278e+08
14258160000 2.32338e+10 -2.92117e+10 -3.63011e+08
14307840000 2.32808e+10 -2.92709e+10 -3.63743e+08
14357606400 2.33278e+10 -2.93302e+10 -3.64476e+08
14407459200 2.33748e+10 -2.93894e+10 -3.65208e+08
14457398400 2.34218e+10 -2.94486e+10 -3.65941e+08
14507424000 2.34688e+10 -2.95078e+10 -3.66673e+08
14557536000 2.35158e+10 -2.9567e+10 -3.67406e+08
14607734400 2.35628e+10 -2.96262e+10 -3.68139e+08
14658019200 2.36098e+10 -2.96854e+10 -3.68871e+08
14708390400 2.36568e+10 -2.97446e+10 -3.69604e+08
14758848000 2.37038e+10 -2.98038e+10 -3.70336e+08
14809392000 2.37508e+10 -2.9863e+10 -3.71069e+08
14860022400 2.37978e+10 -2.99222e+10 -3.71801e+08
14910739200 2.38448e+10 -2.99814e+10 -3.72534e+08
14961542400 2.38918e+10 -3.00407e+10 -3.73266e+08
15012432000 2.39388e+10 -3.00999e+10 -3.73999e+08
15063408000 2.39858e+10 -3.01591e+10 -3.74731e+08
15114470400 2.40328e+10 -3.02183e+10 -3.75464e+08
15165619200 2.40798e+10 -3.02775e+10 -3.76196e+08
15216854400 2.41268e+10 -3.03367e+10 -3.76929e+08
15268176000 2.41738e+10 -3.03959e+10 -3.77661e+08
15319584000 2.42208e+10 -3.04551e+10 -3.78394e+08
15371078400 2.42678e+10 -3.05143e+10 -3.79126e+08
15422659200 2.43148e+10 -3.05735e+10 -3.79859e+08
15474326400 2.43618e+10 -3.06327e+10 -3.80591e+08
15526080000 2.44088e+10 -3.06919e+10 -3.81324e+08
15577920000 2.44558e+10 -3.07511e+10 -3.82056e+08
15629846400 2.45028e+10 -3.08103e+10 -3.82789e+08
15681859200 2.45498e+10 -3.08695e+10 -3.83521e+08
15733958400 2.45968e+10 -3.09287e+10 -3.84254e+08
15786144000 2.46438e+10 -3.09879e+10 -3.84986e+08
15838416000 2.46908e+10 -3.10471e+10 -3.85719e+08
15890774400 2.47378e+10 -3.11063e+10 -3.86451e+08
15943219200 2.47848e+10 -3.11655e+10 -3.87184e+08
15995750400 2.48318e+10 -3.12247e+10 -3.87916e+08
16048368000 2.48788e+10 -3.12839e+10 -3.88648e+08
16101072000 2.49258e+10 -3.13431e+10 -3.89381e+08
16153862400 2.49728e+10 -3.14023e+10 -3.90113e+08
16206739200 2.50198e+10 -3.14615e+10 -3.90846e+08
16259702400 2.50668e+10 -3.15207e+10 -3.91578e+08
16312752000 2.51138e+10 -3.15799e+10 -3.92311e+08
16365888000 2.51608e+10 -3.16391e+10 -3.93043e+08
16419110400 2.52078e+10 -3.16983e+10 -3.93776e+08
16472419200 2.52548e+10 -3.17575e+10 -3.94508e+08
16525814400 2.53017e+10 -3.18167e+10 -3.9524e+08
16579296000 2.53487e+10 -3.18759e+10 -3.95973e+08
16632864000 2.53957e+10 -3.19351e+10 -3.96705e+08
16686518400 2.54427e+10 -3.19943e+10 -3.97438e+08
16740259200 2.54897e+10 -3.20535e+10 -3.9817e+08
16794086400 2.55367e+10 -3.21127e+10 -3.98903e+08
16848000000 2.55837e+10 -3.21719e+10 -3.99635e+08
16902000000 2.56307e+10 -3.22311e+10 -4.00367e+08
16956086400 2.56777e+10 -3.22903e+10 -4.011e+08
17010259200 2.57247e+10 -3.23495e+10 -4.01832e+08
17064518400 2.57717e+10 -3.24087e+10 -4.02565e+08
17118864000 2.58187e+10 -3.24679e+10 -4.03297e+08
17173296000 2.58657e+10 -3.25271e+10 -4.04029e+08
17227814400 2.59127e+10 -3.25863e+10 -4.04762e+08
17282419200 2.59597e+10 -3.26455e+10 -4.05494e+08
17337110400 2.60067e+10 -3.27047e+10 -4.06227e+08
17391888000 2.60536e+10 -3.27639e+10 -4.06959e+08
17446752000 2.61006e+10 -3.28231e+10 -4.07691e+08
17501702400 2.61476e+10 -3.28823e+10 -4.08424e+08
17556739200 2.61946e+10 -3.29415e+10 -4.09156e+08
17611862400 2.62416e+10 -3.30007e+10 -4.09888e+08
17667072000 2.62886e+10 -3.30599e+10 -4.10621e+08
17722368000 2.63356e+10 -3.31191e+10 -4.11353e+08
17777750400 2.63826e+10 -3.31783e+10 -4.12086e+08
17833219200 2.64296e+10 -3.32374e+10 -4.12818e+08
17888774400 2.64766e+10 -3.32966e+10 -4.1355e+08
17944416000 2.65236e+10 -3.33558e+10 -4.14283e+08
18000144000 2.65705e+10 -3.3415e+10 -4.15015e+08
18055958400 2.66175e+10 -3.34742e+10 -4.15747e+08
18111859200 2.66645e+10 -3.35334e+10 -4.1648e+08
18167846400 2.67115e+10 -3.35926e+10 -4.17212e+08
18223920000 2.67585e+10 -3.36518e+10 -4.17944e+08
18280080000 2.68055e+10 -3.3711e+10 -4.18677e+08
18336326400 2.68525e+10 -3.37702e+10 -4.19409e+08
18392659200 2.68995e+10 -3.38294e+10 -4.20141e+08
18449078400 2.69465e+10 -3.38886e+10 -4.20874e+08
18505584000 2.69934e+10 -3.39478e+10 -4.21606e+08
18562176000 2.70404e+10 -3.40069e+10 -4.22338e+08
18618854400 2.70874e+10 -3.40661e+10 -4.23071e+08
18675619200 2.71344e+10 -3.41253e+10 -4.23803e+08
18732470400 2.71814e+10 -3.41845e+10 -4.24535e+08
18789408000 2.72284e+10 -3.42437e+10 -4.25268e+08
18846432000 2.72754e+10 -3.43029e+10 -4.26e+08
18903542400 2.73224e+10 -3.43621e+10 -4.26732e+08
18960739200 2.73693e+10 -3.44213e+10 -4.27465e+08
19018022400 2.74163e+10 -3.44805e+10 -4.28197e+08
19075392000 2.74633e+10 -3.45397e+10 -4.28929e+08
19132848000 2.75103e+10 -3.45988e+10 -4.29661e+08
19190390400 2.75573e+10 -3.4658e+10 -4.30394e+08
19248019200 2.76043e+10 -3.47172e+10 -4.31126e+08
19305734400 2.76513e+10 -3.47764e+10 -4.31858e+08
19363536000 2.76983e+10 -3.48356e+10 -4.32591e+08
19421424000 2.77452e+10 -3.48948e+10 -4.33323e+08
19479398400 2.77922e+10 -3.4954e+10 -4.34055e+08
19537459200 2.78392e+10 -3.50132e+10 -4.34788e+08
19595606400 2.78862e+10 -3.50724e+10 -4.3552e+08
19653840000 2.79332e+10 -3.51315e+10 -4.36252e+08
19712160000 2.79802e+10 -3.51907e+10 -4.36984e+08
19770566400 2.80272e+10 -3.52499e+10 -4.37717e+08
19829059200 2.80741e+10 -3.53091e+10 -4.38449e+08
19887638400 2.81211e+10 -3.53683e+10 -4.39181e+08
19946304000 2.81681e+10 -3.54275e+10 -4.39913e+08
20005056000 2.82151e+10 -3.54867e+10 -4.40646e+08
20063894400 2.82621e+10 -3.55458e+10 -4.41378e+08
20122819200 2.83091e+10 -3.5605e+10 -4.4211e+08
20181830400 2.8356e+10 -3.56642e+10 -4.42843e+08
20240928000 2.8403e+10 -3.57234e+10 -4.43575e+08
20300112000 2.845e+10 -3.57826e+10 -4.44307e+08
20359382400 2.8497e+10 -3.58418e+10 -4.45039e+08
20418739200 2.8544e+10 -3.5901e+10 -4.45772e+08
20478182400 2.8591e+10 -3.59601e+10 -4.46504e+08
20537712000 2.86379e+10 -3.60193e+10 -4.47236e+08
20597328000 2.86849e+10 -3.60785e+10 -4.47968e+08
20657030400 2.87319e+10 -3.61377e+10 -4.48701e+08
20716819200 2.87789e+10 -3.61969e+10 -4.49433e+08
20776694400 2.88259e+10 -3.62561e+10 -4.50165e+08
20836656000 2.88729e+10 -3.63152e+10 -4.50897e+08
20896704000 2.89198e+10 -3.63744e+10 -4.51629e+08
20956838400 2.89668e+10 -3.64336e+10 -4.52362e+08
21017059200 2.90138e+10 -3.64928e+10 -4.53094e+08
21077366400 2.90608e+10 -3.6552e+10 -4.53826e+08
21137760000 2.91078e+10 -3.66112e+10 -4.54558e+08
21198240000 2.91548e+10 -3.66703e+10 -4.55291e+08
21258806400 2.92017e+10 -3.67295e+10 -4.56023e+08
21319459200 2.92487e+10 -3.67887e+10 -4.56755e+08
21380198400 2.92957e+10 -3.68479e+10 -4.57487e+08
21441024000 2.93427e+10 -3.69071e+10 -4.58219e+08
21501936000 2.93897e+10 -3.69662e+10 -4.58952e+08
21562934400 2.94366e+10 -3.70254e+10 -4.59684e+08
21624019200 2.94836e+10 -3.70846e+10 -4.60416e+08
21685190400 2.95306e+10 -3.71438e+10 -4.61148e+08
21746448000 2.95776e+10 -3.7203e+10 -4.61881e+08
21807792000 2.96246e+10 -3.72622e+10 -4.62613e+08
21869222400 2.96715e+10 -3.73213e+10 -4.63345e+08
21930739200 2.97185e+10 -3.73805e+10 -4.64077e+08
21992342400 2.97655e+10 -3.74397e+10 -4.64809e+08
22054032000 2.98125e+10 -3.74989e+10 -4.65541e+08
22115808000 2.98595e+10 -3.75581e+10 -4.66274e+08
22177670400 2.99064e+10 -3.76172e+10 -4.67006e+08
22239619200 2.99534e+10 -3.76764e+10 -4.67738e+08
22301654400 3.00004e+10 -3.77356e+10 -4.6847e+08
22363776000 3.00474e+10 -3.77948e+10 -4.69202e+08
22425984000 3.00944e+10 -3.78539e+10 -4.69935e+08
22488278400 3.01413e+10 -3.79131e+10 -4.70667e+08
22550659200 3.01883e+10 -3.79723e+10 -4.71399e+08
22613126400 3.02353e+10 -3.80315e+10 -4.72131e+08
22675680000 3.02823e+10 -3.80907e+10 -4.72863e+08
22738320000 3.03292e+10 -3.81498e+10 -4.73595e+08
22801046400 3.03762e+10 -3.8209e+10 -4.74328e+08
22863859200 3.04232e+10 -3.82682e+10 -4.7506e+08
22926758400 3.04702e+10 -3.83274e+10 -4.75792e+08
22989744000 3.05172e+10 -3.83866e+10 -4.76524e+08
23052816000 3.05641e+10 -3.84457e+10 -4.77256e+08
23115974400 3.06111e+10 -3.85049e+10 -4.77988e+08
23179219200 3.06581e+10 -3.85641e+10 -4.78721e+08
23242550400 3.07051e+10 -3.86233e+10 -4.79453e+08
23305968000 3.0752e+10 -3.86824e+10 -4.80185e+08
23369472000 3.0799e+10 -3.87416e+10 -4.80917e+08
23433062400 3.0846e+10 -3.88008e+10 -4.81649e+08
23496739200 3.0893e+10 -3.886e+10 -4.82381e+08
23560502400 3.094e+10 -3.89191e+10 -4.83113e+08
23624352000 3.09869e+10 -3.89783e+10 -4.83846e+08
23688288000 3.10339e+10 -3.90375e+10 -4.84578e+08
23752310400 3.10809e+10 -3.90967e+10 -4.8531e+08
23816419200 3.11279e+10 -3.91558e+10 -4.86042e+08
23880614400 3.11748e+10 -3.9215e+10 -4.86774e+08
23944896000 3.12218e+10 -3.92742e+10 -4.87506e+08
24009264000 3.12688e+10 -3.93334e+10 -4.88238e+08
24073718400 3.13158e+10 -3.93925e+10 -4.88971e+08
24138259200 3.13627e+10 -3.94517e+10 -4.89703e+08
24202886400 3.14097e+10 -3.95109e+10 -4.90435e+08
24267600000 3.14567e+10 -3.95701e+10 -4.91167e+08
24332400000 3.15037e+10 -3.96292e+10 -4.91899e+08
24397286400 3.15506e+10 -3.96884e+10 -4.92631e+08
24462259200 3.15976e+10 -3.97476e+10 -4.93363e+08
24527318400 3.16446e+10 -3.98068e+10 -4.94095e+08
24592464000 3.16916e+10 -3.98659e+10 -4.94828e+08
24657696000 3.17385e+10 -3.99251e+10 -4.9556e+08
24723014400 3.17855e+10 -3.99843e+10 -4.96292e+08
24788419200 3.18325e+10 -4.00435e+10 -4.97024e+08
24853910400 3.18795e+10 -4.01026e+10 -4.97756e+08
24919488000 3.19264e+10 -4.01618e+10 -4.98488e+08
24985152000 3.19734e+10 -4.0221e+10 -4.9922e+08
25050902400 3.20204e+10 -4.02801e+10 -4.99952e+08
25116739200 3.20674e+10 -4.03393e+10 -5.00684e+08
25182662400 3.21143e+10 -4.03985e+10 -5.01416e+08
25248672000 3.21613e+10 -4.04577e+10 -5.02149e+08
25314768000 3.22083e+10 -4.05168e+10 -5.02881e+08
25380950400 3.22552e+10 -4.0576e+10 -5.03613e+08
25447219200 3.23022e+10 -4.06352e+10 -5.04345e+08
25513574400 3.23492e+10 -4.06943e+10 -5.05077e+08
25580016000 3.23962e+10 -4.07535e+10 -5.05809e+08
25646544000 3.24431e+10 -4.08127e+10 -5.06541e+08
25713158400 3.24901e+10 -4.08719e+10 -5.07273e+08
25779859200 3.25371e+10 -4.0931e+10 -5.08005e+08
25846646400 3.25841e+10 -4.09902e+10 -5.08737e+08
25913520000 3.2631e+10 -4.10494e+10 -5.09469e+08
25980480000 3.2678e+10 -4.11085e+10 -5.10201e+08
26047526400 3.2725e+10 -4.11677e+10 -5.10934e+08
26114659200 3.27719e+10 -4.12269e+10 -5.11666e+08
26181878400 3.28189e+10 -4.12861e+10 -5.12398e+08
26249184000 3.28659e+10 -4.13452e+10 -5.1313e+08
26316576000 3.29129e+10 -4.14044e+10 -5.13862e+08
26384054400 3.29598e+10 -4.14636e+10 -5.14594e+08
26451619200 3.30068e+10 -4.15227e+10 -5.15326e+08
26519270400 3.30538e+10 -4.15819e+10 -5.16058e+08
26587008000 3.31007e+10 -4.16411e+10 -5.1679e+08
26654832000 3.31477e+10 -4.17002e+10 -5.17522e+08
26722742400 3.31947e+10 -4.17594e+10 -5.18254e+08
26790739200 3.32417e+10 -4.18186e+10 -5.18986e+08
26858822400 3.32886e+10 -4.18777e+10 -5.19718e+08
26926992000 3.33356e+10 -4.19369e+10 -5.2045e+08
26995248000 3.33826e+10 -4.19961e+10 -5.21182e+08
27063590400 3.34295e+10 -4.20552e+10 -5.21914e+08
27132019200 3.34765e+10 -4.21144e+10 -5.22647e+08
27200534400 3.35235e+10 -4.21736e+10 -5.23379e+08
27269136000 3.35704e+10 -4.22328e+10 -5.24111e+08
27337824000 3.36174e+10 -4.22919e+10 -5.24843e+08
27406598400 3.36644e+10 -4.23511e+10 -5.25575e+08
27475459200 3.37114e+10 -4.24103e+10 -5.26307e+08
27544406400 3.37583e+10 -4.24694e+10 -5.27039e+08
27613440000 3.38053e+10 -4.25286e+10 -5.27771e+08
27682560000 3.38523e+10 -4.25878e+10 -5.28503e+08
27751766400 3.38992e+10 -4.26469e+10 -5.29235e+08
27821059200 3.39462e+10 -4.27061e+10 -5.29967e+08
27890438400 3.39932e+10 -4.27653e+10 -5.30699e+08
27959904000 3.40401e+10 -4.28244e+10 -5.31431e+08
28029456000 3.40871e+10 -4.28836e+10 -5.32163e+08
28099094400 3.41341e+10 -4.29428e+10 -5.32895e+08
28168819200 3.4181e+10 -4.30019e+10 -5.33627e+08
28238630400 3.4228e+10 -4.30611e+10 -5.34359e+08
28308528000 3.4275e+10 -4.31203e+10 -5.35091e+08
28378512000 3.4322e+10 -4.31794e+10 -5.35823e+08
28448582400 3.43689e+10 -4.32386e+10 -5.36555e+08
28518739200 3.44159e+10 -4.32977e+10 -5.37287e+08
28588982400 3.44629e+10 -4.33569e+10 -5.38019e+08
28659312000 3.45098e+10 -4.34161e+10 -5.38751e+08
28729728000 3.45568e+10 -4.34752e+10 -5.39483e+08
28800230400 3.46038e+10 -4.35344e+10 -5.40215e+08
28870819200 3.46507e+10 -4.35936e+10 -5.40947e+08
28941494400 3.46977e+10 -4.36527e+10 -5.41679e+08
29012256000 3.47447e+10 -4.37119e+10 -5.42411e+08
29083104000 3.47916e+10 -4.37711e+10 -5.43143e+08
29154038400 3.48386e+10 -4.38302e+10 -5.43875e+08
29225059200 3.48856e+10 -4.38894e+10 -5.44607e+08
29296166400 3.49325e+10 -4.39486e+10 -5.45339e+08
29367360000 3.49795e+10 -4.40077e+10 -5.46071e+08
29438640000 3.50265e+10 -4.40669e+10 -5.46803e+08
29510006400 3.50734e+10 -4.4126e+10 -5.47535e+08
29581459200 3.51204e+10 -4.41852e+10 -5.48267e+08
29652998400 3.51674e+10 -4.42444e+10 -5.48999e+08
29724624000 3.52143e+10 -4.43035e+10 -5.49731e+08
29796336000 3.52613e+10 -4.43627e+10 -5.50463e+08
29868134400 3.53083e+10 -4.44219e+10 -5.51195e+08
29940019200 3.53552e+10 -4.4481e+10 -5.51927e+08
30011990400 3.54022e+10 -4.45402e+10 -5.52659e+08
30084048000 3.54492e+10 -4.45994e+10 -5.53391e+08
30156192000 3.54961e+10 -4.46585e+10 -5.54123e+08
30228422400 3.55431e+10 -4.47177e+10 -5.54855e+08
30300739200 3.55901e+10 -4.47768e+10 -5.55587e+08
30373142400 3.5637e+10 -4.4836e+10 -5.56319e+08
30445632000 3.5684e+10 -4.48952e+10 -5.57051e+08
30518208000 3.5731e+10 -4.49543e+10 -5.57783e+08
30590870400 3.57779e+10 -4.50135e+10 -5.58515e+08
30663619200 3.58249e+10 -4.50726e+10 -5.59247e+08
30736454400 3.58719e+10 -4.51318e+10 -5.59979e+08
30809376000 3.59188e+10 -4.5191e+10 -5.60711e+08
30882384000 3.59658e+10 -4.52501e+10 -5.61443e+08
30955478400 3.60128e+10 -4.53093e+10 -5.62175e+08
31028659200 3.60597e+10 -4.53685e+10 -5.62907e+08
31101926400 3.61067e+10 -4.54276e+10 -5.63639e+08
31175280000 3.61536e+10 -4.54868e+10 -5.64371e+08
31248720000 3.62006e+10 -4.55459e+10 -5.65103e+08
31322246400 3.62476e+10 -4.56051e+10 -5.65834e+08
31395859200 3.62945e+10 -4.56643e+10 -5.66566e+08
31469558400 3.63415e+10 -4.57234e+10 -5.67298e+08
31543344000 3.63885e+10 -4.57826e+10 -5.6803e+08
31617216000 3.64354e+10 -4.58417e+10 -5.68762e+08
31691174400 3.64824e+10 -4.59009e+10 -5.69494e+08
31765219200 3.65294e+10 -4.59601e+10 -5.70226e+08
31839350400 3.65763e+10 -4.60192e+10 -5.70958e+08
31913568000 3.66233e+10 -4.60784e+10 -5.7169e+08
31987872000 3.66703e+10 -4.61375e+10 -5.72422e+08
32062262400 3.67172e+10 -4.61967e+10 -5.73154e+08
32136739200 3.67642e+10 -4.62559e+10 -5.73886e+08
32211302400 3.68111e+10 -4.6315e+10 -5.74618e+08
32285952000 3.68581e+10 -4.63742e+10 -5.7535e+08
32360688000 3.69051e+10 -4.64333e+10 -5.76082e+08
32435510400 3.6952e+10 -4.64925e+10 -5.76814e+08
32510419200 3.6999e+10 -4.65517e+10 -5.77546e+08
32585414400 3.7046e+10 -4.66108e+10 -5.78278e+08
32660496000 3.70929e+10 -4.667e+10 -5.79009e+08
32735664000 3.71399e+10 -4.67291e+10 -5.79741e+08
32810918400 3.71868e+10 -4.67883e+10 -5.80473e+08
32886259200 3.72338e+10 -4.68474e+10 -5.81205e+08
32961686400 3.72808e+10 -4.69066e+10 -5.81937e+08
33037200000 3.73277e+10 -4.69658e+10 -5.82669e+08
33112800000 3.73747e+10 -4.70249e+10 -5.83401e+08
33188486400 3.74217e+10 -4.70841e+10 -5.84133e+08
33264259200 3.74686e+10 -4.71432e+10 -5.84865e+08
33340118400 3.75156e+10 -4.72024e+10 -5.85597e+08
33416064000 3.75625e+10 -4.72615e+10 -5.86329e+08
33492096000 3.76095e+10 -4.73207e+10 -5.87061e+08
33568214400 3.76565e+10 -4.73799e+10 -5.87793e+08
33644419200 3.77034e+10 -4.7439e+10 -5.88524e+08
33720710400 3.77504e+10 -4.74982e+10 -5.89256e+08
33797088000 3.77974e+10 -4.75573e+10 -5.89988e+08
33873552000 3.78443e+10 -4.76165e+10 -5.9072e+08
33950102400 3.78913e+10 -4.76756e+10 -5.91452e+08
34026739200 3.79382e+10 -4.77348e+10 -5.92184e+08
34103462400 3.79852e+10 -4.7794e+10 -5.92916e+08
34180272000 3.80322e+10 -4.78531e+10 -5.93648e+08
34257168000 3.80791e+10 -4.79123e+10 -5.9438e+08
34334150400 3.81261e+10 -4.79714e+10 -5.95112e+08
34411219200 3.8173e+10 -4.80306e+10 -5.95844e+08
34488374400 3.822e+10 -4.80897e+10 -5.96575e+08
34565616000 3.8267e+10 -4.81489e+10 -5.97307e+08
34642944000 3.83139e+10 -4.82081e+10 -5.98039e+08
34720358400 3.83609e+10 -4.82672e+10 -5.98771e+08
34797859200 3.84078e+10 -4.83264e+10 -5.99503e+08
34875446400 3.84548e+10 -4.83855e+10 -6.00235e+08
34953120000 3.85018e+10 -4.84447e+10 -6.00967e+08
35030880000 3.85487e+10 -4.85038e+10 -6.01699e+08
35108726400 3.85957e+10 -4.8563e+10 -6.02431e+08
35186659200 3.86426e+10 -4.86221e+10 -6.03162e+08
35264678400 3.86896e+10 -4.86813e+10 -6.03894e+08
35342784000 3.87366e+10 -4.87405e+10 -6.04626e+08
35420976000 3.87835e+10 -4.87996e+10 -6.05358e+08
35499254400 3.88305e+10 -4.88588e+10 -6.0609e+08
35577619200 3.88774e+10 -4.89179e+10 -6.06822e+08
35656070400 3.89244e+10 -4.89771e+10 -6.07554e+08
35734608000 3.89714e+10 -4.90362e+10 -6.08286e+08
35813232000 3.90183e+10 -4.90954e+10 -6.09018e+08
35891942400 3.90653e+10 -4.91545e+10 -6.09749e+08
35970739200 3.91122e+10 -4.92137e+10 -6.10481e+08
36049622400 3.91592e+10 -4.92728e+10 -6.11213e+08
36128592000 3.92062e+10 -4.9332e+10 -6.11945e+08
36207648000 3.92531e+10 -4.93911e+10 -6.12677e+08
36286790400 3.93001e+10 -4.94503e+10 -6.13409e+08
36366019200 3.9347e+10 -4.95095e+10 -6.14141e+08
36445334400 3.9394e+10 -4.95686e+10 -6.14873e+08
36524736000 3.9441e+10 -4.96278e+10 -6.15604e+08
36604224000 3.94879e+10 -4.96869e+10 -6.16336e+08
36683798400 3.95349e+10 -4.97461e+10 -6.17068e+08
36763459200 3.95818e+10 -4.98052e+10 -6.178e+08
36843206400 3.96288e+10 -4.98644e+10 -6.18532e+08
36923040000 3.96757e+10 -4.99235e+10 -6.19264e+08
37002960000 3.97227e+10 -4.99827e+10 -6.19996e+08
37082966400 3.97697e+10 -5.00418e+10 -6.20727e+08
37163059200 3.98166e+10 -5.0101e+10 -6.21459e+08
37243238400 3.98636e+10 -5.01601e+10 -6.22191e+08
37323504000 3.99105e+10 -5.02193e+10 -6.22923e+08
37403856000 3.99575e+10 -5.02784e+10 -6.23655e+08
37484294400 4.00045e+10 -5.03376e+10 -6.24387e+08
37564819200 4.00514e+10 -5.03967e+10 -6.25119e+08
37645430400 4.00984e+10 -5.04559e+10 -6.2585e+08
37726128000 4.01453e+10 -5.0515e+10 -6.26582e+08
37806912000 4.01923e+10 -5.05742e+10 -6.27314e+08
37887782400 4.02392e+10 -5.06334e+10 -6.28046e+08
37968739200 4.02862e+10 -5.06925e+10 -6.28778e+08
38049782400 4.03332e+10 -5.07517e+10 -6.2951e+08
38130912000 4.03801e+10 -5.08108e+10 -6.30241e+08
38212128000 4.04271e+10 -5.087e+10 -6.30973e+08
38293430400 4.0474e+10 -5.09291e+10 -6.31705e+08
38374819200 4.0521e+10 -5.09883e+10 -6.32437e+08
38456294400 4.05679e+10 -5.10474e+10 -6.33169e+08
38537856000 4.06149e+10 -5.11066e+10 -6.33901e+08
38619504000 4.06619e+10 -5.11657e+10 -6.34633e+08
38701238400 4.07088e+10 -5.12249e+10 -6.35364e+08
38783059200 4.07558e+10 -5.1284e+10 -6.36096e+08
38864966400 4.08027e+10 -5.13432e+10 -6.36828e+08
38946960000 4.08497e+10 -5.14023e+10 -6.3756e+08
39029040000 4.08966e+10 -5.14615e+10 -6.38292e+08
39111206400 4.09436e+10 -5.15206e+10 -6.39024e+08
39193459200 4.09906e+10 -5.15798e+10 -6.39755e+08
39275798400 4.10375e+10 -5.16389e+10 -6.40487e+08
39358224000 4.10845e+10 -5.16981e+10 -6.41219e+08
39440736000 4.11314e+10 -5.17572e+10 -6.41951e+08
39523334400 4.11784e+10 -5.18164e+10 -6.42683e+08
39606019200 4.12253e+10 -5.18755e+10 -6.43415e+08
39688790400 4.12723e+10 -5.19347e+10 -6.44146e+08
39771648000 4.13192e+10 -5.19938e+10 -6.44878e+08
39854592000 4.13662e+10 -5.2053e+10 -6.4561e+08
39937622400 4.14132e+10 -5.21121e+10 -6.46342e+08
40020739200 4.14601e+10 -5.21713e+10 -6.47074e+08
40103942400 4.15071e+10 -5.22304e+10 -6.47805e+08
40187232000 4.1554e+10 -5.22896e+10 -6.48537e+08
40270608000 4.1601e+10 -5.23487e+10 -6.49269e+08
40354070400 4.16479e+10 -5.24079e+10 -6.50001e+08
40437619200 4.16949e+10 -5.2467e+10 -6.50733e+08
40521254400 4.17418e+10 -5.25262e+10 -6.51464e+08
40604976000 4.17888e+10 -5.25853e+10 -6.52196e+08
40688784000 4.18358e+10 -5.26445e+10 -6.52928e+08
40772678400 4.18827e+10 -5.27036e+10 -6.5366e+08
40856659200 4.19297e+10 -5.27628e+10 -6.54392e+08
40940726400 4.19766e+10 -5.28219e+10 -6.55124e+08
41024880000 4.20236e+10 -5.2881e+10 -6.55855e+08
41109120000 4.20705e+10 -5.29402e+10 -6.56587e+08
41193446400 4.21175e+10 -5.29993e+10 -6.57319e+08
41277859200 4.21644e+10 -5.30585e+10 -6.58051e+08
41362358400 4.22114e+10 -5.31176e+10 -6.58783e+08
41446944000 4.22583e+10 -5.31768e+10 -6.59514e+08
41531616000 4.23053e+10 -5.32359e+10 -6.60246e+08
41616374400 4.23523e+10 -5.32951e+10 -6.60978e+08
41701219200 4.23992e+10 -5.33542e+10 -6.6171e+08
41786150400 4.24462e+10 -5.34134e+10 -6.62442e+08
41871168000 4.24931e+10 -5.34725e+10 -6.63173e+08
41956272000 4.25401e+10 -5.35317e+10 -6.63905e+08
42041462400 4.2587e+10 -5.35908e+10 -6.64637e+08
42126739200 4.2634e+10 -5.365e+10 -6.65369e+08
42212102400 4.26809e+10 -5.37091e+10 -6.66101e+08
42297552000 4.27279e+10 -5.37683e+10 -6.66832e+08
42383088000 4.27748e+10 -5.38274e+10 -6.67564e+08
42468710400 4.28218e+10 -5.38866e+10 -6.68296e+08
42554419200 4.28688e+10 -5.39457e+10 -6.69028e+08
42640214400 4.29157e+10 -5.40049e+10 -6.69759e+08
42726096000 4.29627e+10 -5.4064e+10 -6.70491e+08
42812064000 4.30096e+10 -5.41231e+10 -6.71223e+08
42898118400 4.30566e+10 -5.41823e+10 -6.71955e+08
42984259200 4.31035e+10 -5.42414e+10 -6.72687e+08
43070486400 4.31505e+10 -5.43006e+10 -6.73418e+08
43156800000 4.31974e+10 -5.43597e+10 -6.7415e+08
