0 8.74528e+07 -1.28989e+08 -1.86999e+07
86400 6.09974e+07 -9.88671e+07 -1.38113e+07
259200 8.26416e+06 -2.52396e+07 -2.95713e+06
518400 -4.70012e+08 1.22483e+09 1.43059e+08
864000 -7.25969e+08 1.87122e+09 2.19355e+08
1296000 -9.81939e+08 2.51765e+09 2.95655e+08
1814400 -1.23791e+09 3.16407e+09 3.71954e+08
2419200 -1.49386e+09 3.81046e+09 4.48251e+08
3110400 -1.74982e+09 4.45685e+09 5.24546e+08
3888000 -2.00577e+09 5.10322e+09 6.0084e+08
4752000 -2.26171e+09 5.74958e+09 6.77132e+08
5702400 -2.51765e+09 6.39594e+09 7.53424e+08
6739200 -2.77359e+09 7.04228e+09 8.29714e+08
7862400 -3.02953e+09 7.68862e+09 9.06004e+08
9072000 -3.28546e+09 8.33496e+09 9.82293e+08
10368000 -3.54139e+09 8.98129e+09 1.05858e+09
11750400 -3.79732e+09 9.62762e+09 1.13487e+09
13219200 -4.05325e+09 1.02739e+10 1.21116e+09
14774400 -4.30918e+09 1.09203e+10 1.28745e+09
16416000 -4.56511e+09 1.15666e+10 1.36373e+09
18144000 -4.82103e+09 1.22129e+10 1.44002e+09
19958400 -5.07696e+09 1.28592e+10 1.51631e+09
21859200 -5.33288e+09 1.35055e+10 1.59259e+09
23846400 -5.5888e+09 1.41518e+10 1.66888e+09
25920000 -5.84472e+09 1.47981e+10 1.74516e+09
28080000 -6.10065e+09 1.54444e+10 1.82145e+09
30326400 -6.35657e+09 1.60907e+10 1.89774e+09
32659200 -6.61249e+09 1.6737e+10 1.97402e+09
35078400 -6.86841e+09 1.73833e+10 2.05031e+09
37584000 -7.12433e+09 1.80296e+10 2.12659e+09
40176000 -7.38025e+09 1.86759e+10 2.20288e+09
42854400 -7.63616e+09 1.93222e+10 2.27916e+09
45619200 -7.89208e+09 1.99685e+10 2.35545e+09
48470400 -8.148e+09 2.06148e+10 2.43173e+09
51408000 -8.40392e+09 2.12611e+10 2.50801e+09
54432000 -8.65984e+09 2.19074e+10 2.5843e+09
57542400 -8.91575e+09 2.25537e+10 2.66058e+09
60739200 -9.17167e+09 2.32e+10 2.73687e+09
64022400 -9.42759e+09 2.38463e+10 2.81315e+09
67392000 -9.6835e+09 2.44926e+10 2.88943e+09
70848000 -9.93942e+09 2.51389e+10 2.96572e+09
74390400 -1.01953e+10 2.57851e+10 3.042e+09
78019200 -1.04512e+10 2.64314e+10 3.11829e+09
81734400 -1.07072e+10 2.70777e+10 3.19457e+09
85536000 -1.09631e+10 2.7724e+10 3.27085e+09
89424000 -1.1219e+10 2.83703e+10 3.34714e+09
93398400 -1.14749e+10 2.90166e+10 3.42342e+09
97459200 -1.17308e+10 2.96629e+10 3.4997e+09
101606400 -1.19867e+10 3.03091e+10 3.57599e+09
105840000 -1.22427e+10 3.09554e+10 3.65227e+09
110160000 -1.24986e+10 3.16017e+10 3.72855e+09
114566400 -1.27545e+10 3.2248e+10 3.80484e+09
119059200 -1.30104e+10 3.28943e+10 3.88112e+09
123638400 -1.32663e+10 3.35406e+10 3.9574e+09
128304000 -1.35222e+10 3.41869e+10 4.03369e+09
133056000 -1.37781e+10 3.48331e+10 4.10997e+09
137894400 -1.4034e+10 3.54794e+10 4.18625e+09
142819200 -1.429e+10 3.61257e+10 4.26254e+09
147830400 -1.45459e+10 3.6772e+10 4.33882e+09
152928000 -1.48018e+10 3.74183e+10 4.4151e+09
158112000 -1.50577e+10 3.80645e+10 4.49139e+09
163382400 -1.53136e+10 3.87108e+10 4.56767e+09
168739200 -1.55695e+10 3.93571e+10 4.64395e+09
174182400 -1.58254e+10 4.00034e+10 4.72023e+09
179712000 -1.60813e+10 4.06497e+10 4.79652e+09
185328000 -1.63373e+10 4.12959e+10 4.8728e+09
191030400 -1.65932e+10 4.19422e+10 4.94908e+09
196819200 -1.68491e+10 4.25885e+10 5.02537e+09
202694400 -1.7105e+10 4.32348e+10 5.10165e+09
208656000 -1.73609e+10 4.38811e+10 5.17793e+09
214704000 -1.76168e+10 4.45273e+10 5.25421e+09
220838400 -1.78727e+10 4.51736e+10 5.3305e+09
227059200 -1.81286e+10 4.58199e+10 5.40678e+09
233366400 -1.83846e+10 4.64662e+10 5.48306e+09
239760000 -1.86405e+10 4.71125e+10 5.55935e+09
246240000 -1.88964e+10 4.77587e+10 5.63563e+09
252806400 -1.91523e+10 4.8405e+10 5.71191e+09
259459200 -1.94082e+10 4.90513e+10 5.78819e+09
266198400 -1.96641e+10 4.96976e+10 5.86448e+09
273024000 -1.992e+10 5.03439e+10 5.94076e+09
279936000 -2.01759e+10 5.09901e+10 6.01704e+09
286934400 -2.04318e+10 5.16364e+10 6.09332e+09
294019200 -2.06878e+10 5.22827e+10 6.16961e+09
301190400 -2.09437e+10 5.2929e+10 6.24589e+09
308448000 -2.11996e+10 5.35752e+10 6.32217e+09
315792000 -2.14555e+10 5.42215e+10 6.39845e+09
323222400 -2.17114e+10 5.48678e+10 6.47474e+09
330739200 -2.19673e+10 5.55141e+10 6.55102e+09
338342400 -2.22232e+10 5.61603e+10 6.6273e+09
346032000 -2.24791e+10 5.68066e+10 6.70358e+09
353808000 -2.2735e+10 5.74529e+10 6.77986e+09
361670400 -2.2991e+10 5.80992e+10 6.85615e+09
369619200 -2.32469e+10 5.87455e+10 6.93243e+09
377654400 -2.35028e+10 5.93917e+10 7.00871e+09
385776000 -2.37587e+10 6.0038e+10 7.08499e+09
393984000 -2.40146e+10 6.06843e+10 7.16128e+09
402278400 -2.42705e+10 6.13306e+10 7.23756e+09
410659200 -2.45264e+10 6.19768e+10 7.31384e+09
419126400 -2.47823e+10 6.26231e+10 7.39012e+09
427680000 -2.50382e+10 6.32694e+10 7.46641e+09
436320000 -2.52941e+10 6.39157e+10 7.54269e+09
445046400 -2.55501e+10 6.45619e+10 7.61897e+09
453859200 -2.5806e+10 6.52082e+10 7.69525e+09
462758400 -2.60619e+10 6.58545e+10 7.77153e+09
471744000 -2.63178e+10 6.65008e+10 7.84782e+09
480816000 -2.65737e+10 6.7147e+10 7.9241e+09
489974400 -2.68296e+10 6.77933e+10 8.00038e+09
499219200 -2.70855e+10 6.84396e+10 8.07666e+09
508550400 -2.73414e+10 6.90859e+10 8.15295e+09
517968000 -2.75973e+10 6.97321e+10 8.22923e+09
527472000 -2.78532e+10 7.03784e+10 8.30551e+09
537062400 -2.81092e+10 7.10247e+10 8.38179e+09
546739200 -2.83651e+10 7.16709e+10 8.45807e+09
556502400 -2.8621e+10 7.23172e+10 8.53436e+09
566352000 -2.88769e+10 7.29635e+10 8.61064e+09
576288000 -2.91328e+10 7.36098e+10 8.68692e+09
586310400 -2.93887e+10 7.4256e+10 8.7632e+09
596419200 -2.96446e+10 7.49023e+10 8.83948e+09
606614400 -2.99005e+10 7.55486e+10 8.91577e+09
616896000 -3.01564e+10 7.61949e+10 8.99205e+09
627264000 -3.04123e+10 7.68411e+10 9.06833e+09
637718400 -3.06683e+10 7.74874e+10 9.14461e+09
648259200 -3.09242e+10 7.81337e+10 9.22089e+09
658886400 -3.11801e+10 7.878e+10 9.29718e+09
669600000 -3.1436e+10 7.94262e+10 9.37346e+09
680400000 -3.16919e+10 8.00725e+10 9.44974e+09
691286400 -3.19478e+10 8.07188e+10 9.52602e+09
702259200 -3.22037e+10 8.13651e+10 9.6023e+09
713318400 -3.24596e+10 8.20113e+10 9.67859e+09
724464000 -3.27155e+10 8.26576e+10 9.75487e+09
735696000 -3.29714e+10 8.33039e+10 9.83115e+09
747014400 -3.32273e+10 8.39501e+10 9.90743e+09
758419200 -3.34833e+10 8.45964e+10 9.98371e+09
769910400 -3.37392e+10 8.52427e+10 1.006e+10
781488000 -3.39951e+10 8.5889e+10 1.01363e+10
793152000 -3.4251e+10 8.65352e+10 1.02126e+10
804902400 -3.45069e+10 8.71815e+10 1.02888e+10
816739200 -3.47628e+10 8.78278e+10 1.03651e+10
828662400 -3.50187e+10 8.84741e+10 1.04414e+10
840672000 -3.52746e+10 8.91203e+10 1.05177e+10
852768000 -3.55305e+10 8.97666e+10 1.0594e+10
864950400 -3.57864e+10 9.04129e+10 1.06703e+10
877219200 -3.60423e+10 9.10591e+10 1.07465e+10
889574400 -3.62983e+10 9.17054e+10 1.08228e+10
902016000 -3.65542e+10 9.23517e+10 1.08991e+10
914544000 -3.68101e+10 9.2998e+10 1.09754e+10
927158400 -3.7066e+10 9.36442e+10 1.10517e+10
939859200 -3.73219e+10 9.42905e+10 1.11279e+10
952646400 -3.75778e+10 9.49368e+10 1.12042e+10
965520000 -3.78337e+10 9.5583e+10 1.12805e+10
978480000 -3.80896e+10 9.62293e+10 1.13568e+10
991526400 -3.83455e+10 9.68756e+10 1.14331e+10
1004659200 -3.86014e+10 9.75219e+10 1.15094e+10
1017878400 -3.88573e+10 9.81681e+10 1.15856e+10
1031184000 -3.91133e+10 9.88144e+10 1.16619e+10
1044576000 -3.93692e+10 9.94607e+10 1.17382e+10
1058054400 -3.96251e+10 1.00107e+11 1.18145e+10
1071619200 -3.9881e+10 1.00753e+11 1.18908e+10
1085270400 -4.01369e+10 1.01399e+11 1.1967e+10
1099008000 -4.03928e+10 1.02046e+11 1.20433e+10
1112832000 -4.06487e+10 1.02692e+11 1.21196e+10
1126742400 -4.09046e+10 1.03338e+11 1.21959e+10
1140739200 -4.11605e+10 1.03985e+11 1.22722e+10
1154822400 -4.14164e+10 1.04631e+11 1.23485e+10
1168992000 -4.16723e+10 1.05277e+11 1.24247e+10
1183248000 -4.19283e+10 1.05923e+11 1.2501e+10
1197590400 -4.21842e+10 1.0657e+11 1.25773e+10
1212019200 -4.24401e+10 1.07216e+11 1.26536e+10
1226534400 -4.2696e+10 1.07862e+11 1.27299e+10
1241136000 -4.29519e+10 1.08508e+11 1.28061e+10
1255824000 -4.32078e+10 1.09155e+11 1.28824e+10
1270598400 -4.34637e+10 1.09801e+11 1.29587e+10
1285459200 -4.37196e+10 1.10447e+11 1.3035e+10
1300406400 -4.39755e+10 1.11094e+11 1.31113e+10
1315440000 -4.42314e+10 1.1174e+11 1.31876e+10
1330560000 -4.44873e+10 1.12386e+11 1.32638e+10
1345766400 -4.47432e+10 1.13032e+11 1.33401e+10
1361059200 -4.49992e+10 1.13679e+11 1.34164e+10
1376438400 -4.52551e+10 1.14325e+11 1.34927e+10
1391904000 -4.5511e+10 1.14971e+11 1.3569e+10
1407456000 -4.57669e+10 1.15617e+11 1.36452e+10
1423094400 -4.60228e+10 1.16264e+11 1.37215e+10
1438819200 -4.62787e+10 1.1691e+11 1.37978e+10
1454630400 -4.65346e+10 1.17556e+11 1.38741e+10
1470528000 -4.67905e+10 1.18203e+11 1.39504e+10
1486512000 -4.70464e+10 1.18849e+11 1.40267e+10
1502582400 -4.73023e+10 1.19495e+11 1.41029e+10
1518739200 -4.75582e+10 1.20141e+11 1.41792e+10
1534982400 -4.78141e+10 1.20788e+11 1.42555e+10
1551312000 -4.80701e+10 1.21434e+11 1.43318e+10
1567728000 -4.8326e+10 1.2208e+11 1.44081e+10
1584230400 -4.85819e+10 1.22726e+11 1.44843e+10
1600819200 -4.88378e+10 1.23373e+11 1.45606e+10
1617494400 -4.90937e+10 1.24019e+11 1.46369e+10
1634256000 -4.93496e+10 1.24665e+11 1.47132e+10
1651104000 -4.96055e+10 1.25312e+11 1.47895e+10
1668038400 -4.98614e+10 1.25958e+11 1.48658e+10
1685059200 -5.01173e+10 1.26604e+11 1.4942e+10
1702166400 -5.03732e+10 1.2725e+11 1.50183e+10
1719360000 -5.06291e+10 1.27897e+11 1.50946e+10
1736640000 -5.0885e+10 1.28543e+11 1.51709e+10
1754006400 -5.1141e+10 1.29189e+11 1.52472e+10
1771459200 -5.13969e+10 1.29835e+11 1.53234e+10
1788998400 -5.16528e+10 1.30482e+11 1.53997e+10
1806624000 -5.19087e+10 1.31128e+11 1.5476e+10
1824336000 -5.21646e+10 1.31774e+11 1.55523e+10
1842134400 -5.24205e+10 1.3242e+11 1.56286e+10
1860019200 -5.26764e+10 1.33067e+11 1.57048e+10
1877990400 -5.29323e+10 1.33713e+11 1.57811e+10
1896048000 -5.31882e+10 1.34359e+11 1.58574e+10
1914192000 -5.34441e+10 1.35006e+11 1.59337e+10
1932422400 -5.37e+10 1.35652e+11 1.601e+10
1950739200 -5.39559e+10 1.36298e+11 1.60863e+10
1969142400 -5.42119e+10 1.36944e+11 1.61625e+10
1987632000 -5.44678e+10 1.37591e+11 1.62388e+10
2006208000 -5.47237e+10 1.38237e+11 1.63151e+10
2024870400 -5.49796e+10 1.38883e+11 1.63914e+10
2043619200 -5.52355e+10 1.39529e+11 1.64677e+10
2062454400 -5.54914e+10 1.40176e+11 1.65439e+10
2081376000 -5.57473e+10 1.40822e+11 1.66202e+10
2100384000 -5.60032e+10 1.41468e+11 1.66965e+10
2119478400 -5.62591e+10 1.42115e+11 1.67728e+10
2138659200 -5.6515e+10 1.42761e+11 1.68491e+10
2157926400 -5.67709e+10 1.43407e+11 1.69254e+10
2177280000 -5.70268e+10 1.44053e+11 1.70016e+10
2196720000 -5.72828e+10 1.447e+11 1.70779e+10
2216246400 -5.75387e+10 1.45346e+11 1.71542e+10
2235859200 -5.77946e+10 1.45992e+11 1.72305e+10
2255558400 -5.80505e+10 1.46638e+11 1.73068e+10
2275344000 -5.83064e+10 1.47285e+11 1.7383e+10
2295216000 -5.85623e+10 1.47931e+11 1.74593e+10
2315174400 -5.88182e+10 1.48577e+11 1.75356e+10
2335219200 -5.90741e+10 1.49224e+11 1.76119e+10
2355350400 -5.933e+10 1.4987e+11 1.76882e+10
2375568000 -5.95859e+10 1.50516e+11 1.77645e+10
2395872000 -5.98418e+10 1.51162e+11 1.78407e+10
2416262400 -6.00977e+10 1.51809e+11 1.7917e+10
2436739200 -6.03537e+10 1.52455e+11 1.79933e+10
2457302400 -6.06096e+10 1.53101e+11 1.80696e+10
2477952000 -6.08655e+10 1.53747e+11 1.81459e+10
2498688000 -6.11214e+10 1.54394e+11 1.82221e+10
2519510400 -6.13773e+10 1.5504e+11 1.82984e+10
2540419200 -6.16332e+10 1.55686e+11 1.83747e+10
2561414400 -6.18891e+10 1.56332e+11 1.8451e+10
2582496000 -6.2145e+10 1.56979e+11 1.85273e+10
2603664000 -6.24009e+10 1.57625e+11 1.86036e+10
2624918400 -6.26568e+10 1.58271e+11 1.86798e+10
2646259200 -6.29127e+10 1.58918e+11 1.87561e+10
2667686400 -6.31686e+10 1.59564e+11 1.88324e+10
2689200000 -6.34245e+10 1.6021e+11 1.89087e+10
2710800000 -6.36805e+10 1.60856e+11 1.8985e+10
2732486400 -6.39364e+10 1.61503e+11 1.90612e+10
2754259200 -6.41923e+10 1.62149e+11 1.91375e+10
2776118400 -6.44482e+10 1.62795e+11 1.92138e+10
2798064000 -6.47041e+10 1.63441e+11 1.92901e+10
2820096000 -6.496e+10 1.64088e+11 1.93664e+10
2842214400 -6.52159e+10 1.64734e+11 1.94426e+10
2864419200 -6.54718e+10 1.6538e+11 1.95189e+10
2886710400 -6.57277e+10 1.66027e+11 1.95952e+10
2909088000 -6.59836e+10 1.66673e+11 1.96715e+10
2931552000 -6.62395e+10 1.67319e+11 1.97478e+10
2954102400 -6.64954e+10 1.67965e+11 1.98241e+10
2976739200 -6.67514e+10 1.68612e+11 1.99003e+10
2999462400 -6.70073e+10 1.69258e+11 1.99766e+10
3022272000 -6.72632e+10 1.69904e+11 2.00529e+10
3045168000 -6.75191e+10 1.7055e+11 2.01292e+10
3068150400 -6.7775e+10 1.71197e+11 2.02055e+10
3091219200 -6.80309e+10 1.71843e+11 2.02817e+10
3114374400 -6.82868e+10 1.72489e+11 2.0358e+10
3137616000 -6.85427e+10 1.73135e+11 2.04343e+10
3160944000 -6.87986e+10 1.73782e+11 2.05106e+10
3184358400 -6.90545e+10 1.74428e+11 2.05869e+10
3207859200 -6.93104e+10 1.75074e+11 2.06632e+10
3231446400 -6.95663e+10 1.75721e+11 2.07394e+10
3255120000 -6.98222e+10 1.76367e+11 2.08157e+10
3278880000 -7.00782e+10 1.77013e+11 2.0892e+10
3302726400 -7.03341e+10 1.77659e+11 2.09683e+10
3326659200 -7.059e+10 1.78306e+11 2.10446e+10
3350678400 -7.08459e+10 1.78952e+11 2.11208e+10
3374784000 -7.11018e+10 1.79598e+11 2.11971e+10
3398976000 -7.13577e+10 1.80244e+11 2.12734e+10
3423254400 -7.16136e+10 1.80891e+11 2.13497e+10
3447619200 -7.18695e+10 1.81537e+11 2.1426e+10
3472070400 -7.21254e+10 1.82183e+11 2.15022e+10
3496608000 -7.23813e+10 1.8283e+11 2.15785e+10
3521232000 -7.26372e+10 1.83476e+11 2.16548e+10
3545942400 -7.28931e+10 1.84122e+11 2.17311e+10
3570739200 -7.3149e+10 1.84768e+11 2.18074e+10
3595622400 -7.3405e+10 1.85415e+11 2.18837e+10
3620592000 -7.36609e+10 1.86061e+11 2.19599e+10
3645648000 -7.39168e+10 1.86707e+11 2.20362e+10
3670790400 -7.41727e+10 1.87353e+11 2.21125e+10
3696019200 -7.44286e+10 1.88e+11 2.21888e+10
3721334400 -7.46845e+10 1.88646e+11 2.22651e+10
3746736000 -7.49404e+10 1.89292e+11 2.23413e+10
3772224000 -7.51963e+10 1.89938e+11 2.24176e+10
3797798400 -7.54522e+10 1.90585e+11 2.24939e+10
3823459200 -7.57081e+10 1.91231e+11 2.25702e+10
3849206400 -7.5964e+10 1.91877e+11 2.26465e+10
3875040000 -7.62199e+10 1.92524e+11 2.27228e+10
3900960000 -7.64758e+10 1.9317e+11 2.2799e+10
3926966400 -7.67318e+10 1.93816e+11 2.28753e+10
3953059200 -7.69877e+10 1.94462e+11 2.29516e+10
3979238400 -7.72436e+10 1.95109e+11 2.30279e+10
4005504000 -7.74995e+10 1.95755e+11 2.31042e+10
4031856000 -7.77554e+10 1.96401e+11 2.31804e+10
4058294400 -7.80113e+10 1.97047e+11 2.32567e+10
4084819200 -7.82672e+10 1.97694e+11 2.3333e+10
4111430400 -7.85231e+10 1.9834e+11 2.34093e+10
4138128000 -7.8779e+10 1.98986e+11 2.34856e+10
4164912000 -7.90349e+10 1.99633e+11 2.35618e+10
4191782400 -7.92908e+10 2.00279e+11 2.36381e+10
4218739200 -7.95467e+10 2.00925e+11 2.37144e+10
4245782400 -7.98026e+10 2.01571e+11 2.37907e+10
4272912000 -8.00586e+10 2.02218e+11 2.3867e+10
4300128000 -8.03145e+10 2.02864e+11 2.39433e+10
4327430400 -8.05704e+10 2.0351e+11 2.40195e+10
4354819200 -8.08263e+10 2.04156e+11 2.40958e+10
4382294400 -8.10822e+10 2.04803e+11 2.41721e+10
4409856000 -8.13381e+10 2.05449e+11 2.42484e+10
4437504000 -8.1594e+10 2.06095e+11 2.43247e+10
4465238400 -8.18499e+10 2.06741e+11 2.44009e+10
4493059200 -8.21058e+10 2.07388e+11 2.44772e+10
4520966400 -8.23617e+10 2.08034e+11 2.45535e+10
4548960000 -8.26176e+10 2.0868e+11 2.46298e+10
4577040000 -8.28735e+10 2.09327e+11 2.47061e+10
4605206400 -8.31294e+10 2.09973e+11 2.47824e+10
4633459200 -8.33854e+10 2.10619e+11 2.48586e+10
4661798400 -8.36413e+10 2.11265e+11 2.49349e+10
4690224000 -8.38972e+10 2.11912e+11 2.50112e+10
4718736000 -8.41531e+10 2.12558e+11 2.50875e+10
4747334400 -8.4409e+10 2.13204e+11 2.51638e+10
4776019200 -8.46649e+10 2.1385e+11 2.524e+10
4804790400 -8.49208e+10 2.14497e+11 2.53163e+10
4833648000 -8.51767e+10 2.15143e+11 2.53926e+10
4862592000 -8.54326e+10 2.15789e+11 2.54689e+10
4891622400 -8.56885e+10 2.16436e+11 2.55452e+10
4920739200 -8.59444e+10 2.17082e+11 2.56214e+10
4949942400 -8.62003e+10 2.17728e+11 2.56977e+10
4979232000 -8.64562e+10 2.18374e+11 2.5774e+10
5008608000 -8.67122e+10 2.19021e+11 2.58503e+10
5038070400 -8.69681e+10 2.19667e+11 2.59266e+10
5067619200 -8.7224e+10 2.20313e+11 2.60029e+10
5097254400 -8.74799e+10 2.20959e+11 2.60791e+10
5126976000 -8.77358e+10 2.21606e+11 2.61554e+10
5156784000 -8.79917e+10 2.22252e+11 2.62317e+10
5186678400 -8.82476e+10 2.22898e+11 2.6308e+10
5216659200 -8.85035e+10 2.23544e+11 2.63843e+10
5246726400 -8.87594e+10 2.24191e+11 2.64605e+10
5276880000 -8.90153e+10 2.24837e+11 2.65368e+10
5307120000 -8.92712e+10 2.25483e+11 2.66131e+10
5337446400 -8.95271e+10 2.2613e+11 2.66894e+10
5367859200 -8.9783e+10 2.26776e+11 2.67657e+10
5398358400 -9.00389e+10 2.27422e+11 2.6842e+10
5428944000 -9.02949e+10 2.28068e+11 2.69182e+10
5459616000 -9.05508e+10 2.28715e+11 2.69945e+10
5490374400 -9.08067e+10 2.29361e+11 2.70708e+10
5521219200 -9.10626e+10 2.30007e+11 2.71471e+10
5552150400 -9.13185e+10 2.30653e+11 2.72234e+10
5583168000 -9.15744e+10 2.313e+11 2.72996e+10
5614272000 -9.18303e+10 2.31946e+11 2.73759e+10
5645462400 -9.20862e+10 2.32592e+11 2.74522e+10
5676739200 -9.23421e+10 2.33238e+11 2.75285e+10
5708102400 -9.2598e+10 2.33885e+11 2.76048e+10
5739552000 -9.28539e+10 2.34531e+11 2.7681e+10
5771088000 -9.31098e+10 2.35177e+11 2.77573e+10
5802710400 -9.33657e+10 2.35824e+11 2.78336e+10
5834419200 -9.36217e+10 2.3647e+11 2.79099e+10
5866214400 -9.38776e+10 2.37116e+11 2.79862e+10
5898096000 -9.41335e+10 2.37762e+11 2.80625e+10
5930064000 -9.43894e+10 2.38409e+11 2.81387e+10
5962118400 -9.46453e+10 2.39055e+11 2.8215e+10
5994259200 -9.49012e+10 2.39701e+11 2.82913e+10
6026486400 -9.51571e+10 2.40347e+11 2.83676e+10
6058800000 -9.5413e+10 2.40994e+11 2.84439e+10
6091200000 -9.56689e+10 2.4164e+11 2.85201e+10
6123686400 -9.59248e+10 2.42286e+11 2.85964e+10
6156259200 -9.61807e+10 2.42933e+11 2.86727e+10
6188918400 -9.64366e+10 2.43579e+11 2.8749e+10
6221664000 -9.66925e+10 2.44225e+11 2.88253e+10
6254496000 -9.69485e+10 2.44871e+11 2.89016e+10
6287414400 -9.72044e+10 2.45518e+11 2.89778e+10
6320419200 -9.74603e+10 2.46164e+11 2.90541e+10
6353510400 -9.77162e+10 2.4681e+11 2.91304e+10
6386688000 -9.79721e+10 2.47456e+11 2.92067e+10
6419952000 -9.8228e+10 2.48103e+11 2.9283e+10
6453302400 -9.84839e+10 2.48749e+11 2.93592e+10
6486739200 -9.87398e+10 2.49395e+11 2.94355e+10
6520262400 -9.89957e+10 2.50041e+11 2.95118e+10
6553872000 -9.92516e+10 2.50688e+11 2.95881e+10
6587568000 -9.95075e+10 2.51334e+11 2.96644e+10
6621350400 -9.97634e+10 2.5198e+11 2.97406e+10
6655219200 -1.00019e+11 2.52627e+11 2.98169e+10
6689174400 -1.00275e+11 2.53273e+11 2.98932e+10
6723216000 -1.00531e+11 2.53919e+11 2.99695e+10
6757344000 -1.00787e+11 2.54565e+11 3.00458e+10
6791558400 -1.01043e+11 2.55212e+11 3.01221e+10
6825859200 -1.01299e+11 2.55858e+11 3.01983e+10
6860246400 -1.01555e+11 2.56504e+11 3.02746e+10
6894720000 -1.01811e+11 2.5715e+11 3.03509e+10
6929280000 -1.02067e+11 2.57797e+11 3.04272e+10
6963926400 -1.02323e+11 2.58443e+11 3.05035e+10
6998659200 -1.02578e+11 2.59089e+11 3.05797e+10
7033478400 -1.02834e+11 2.59735e+11 3.0656e+10
7068384000 -1.0309e+11 2.60382e+11 3.07323e+10
7103376000 -1.03346e+11 2.61028e+11 3.08086e+10
7138454400 -1.03602e+11 2.61674e+11 3.08849e+10
7173619200 -1.03858e+11 2.62321e+11 3.09611e+10
7208870400 -1.04114e+11 2.62967e+11 3.10374e+10
7244208000 -1.0437e+11 2.63613e+11 3.11137e+10
7279632000 -1.04626e+11 2.64259e+11 3.119e+10
7315142400 -1.04882e+11 2.64906e+11 3.12663e+10
7350739200 -1.05137e+11 2.65552e+11 3.13426e+10
7386422400 -1.05393e+11 2.66198e+11 3.14188e+10
7422192000 -1.05649e+11 2.66844e+11 3.14951e+10
7458048000 -1.05905e+11 2.67491e+11 3.15714e+10
7493990400 -1.06161e+11 2.68137e+11 3.16477e+10
7530019200 -1.06417e+11 2.68783e+11 3.1724e+10
7566134400 -1.06673e+11 2.69429e+11 3.18002e+10
7602336000 -1.06929e+11 2.70076e+11 3.18765e+10
7638624000 -1.07185e+11 2.70722e+11 3.19528e+10
7674998400 -1.07441e+11 2.71368e+11 3.20291e+10
7711459200 -1.07697e+11 2.72015e+11 3.21054e+10
7748006400 -1.07952e+11 2.72661e+11 3.21817e+10
7784640000 -1.08208e+11 2.73307e+11 3.22579e+10
7821360000 -1.08464e+11 2.73953e+11 3.23342e+10
7858166400 -1.0872e+11 2.746e+11 3.24105e+10
7895059200 -1.08976e+11 2.75246e+11 3.24868e+10
7932038400 -1.09232e+11 2.75892e+11 3.25631e+10
7969104000 -1.09488e+11 2.76538e+11 3.26393e+10
8006256000 -1.09744e+11 2.77185e+11 3.27156e+10
8043494400 -1.1e+11 2.77831e+11 3.27919e+10
8080819200 -1.10256e+11 2.78477e+11 3.28682e+10
8118230400 -1.10512e+11 2.79124e+11 3.29445e+10
8155728000 -1.10767e+11 2.7977e+11 3.30207e+10
8193312000 -1.11023e+11 2.80416e+11 3.3097e+10
8230982400 -1.11279e+11 2.81062e+11 3.31733e+10
8268739200 -1.11535e+11 2.81709e+11 3.32496e+10
8306582400 -1.11791e+11 2.82355e+11 3.33259e+10
8344512000 -1.12047e+11 2.83001e+11 3.34022e+10
8382528000 -1.12303e+11 2.83647e+11 3.34784e+10
8420630400 -1.12559e+11 2.84294e+11 3.35547e+10
8458819200 -1.12815e+11 2.8494e+11 3.3631e+10
8497094400 -1.13071e+11 2.85586e+11 3.37073e+10
8535456000 -1.13327e+11 2.86232e+11 3.37836e+10
8573904000 -1.13582e+11 2.86879e+11 3.38598e+10
8612438400 -1.13838e+11 2.87525e+11 3.39361e+10
8651059200 -1.14094e+11 2.88171e+11 3.40124e+10
8689766400 -1.1435e+11 2.88818e+11 3.40887e+10
8728560000 -1.14606e+11 2.89464e+11 3.4165e+10
8767440000 -1.14862e+11 2.9011e+11 3.42412e+10
8806406400 -1.15118e+11 2.90756e+11 3.43175e+10
8845459200 -1.15374e+11 2.91403e+11 3.43938e+10
8884598400 -1.1563e+11 2.92049e+11 3.44701e+10
8923824000 -1.15886e+11 2.92695e+11 3.45464e+10
8963136000 -1.16142e+11 2.93341e+11 3.46227e+10
9002534400 -1.16397e+11 2.93988e+11 3.46989e+10
9042019200 -1.16653e+11 2.94634e+11 3.47752e+10
9081590400 -1.16909e+11 2.9528e+11 3.48515e+10
9121248000 -1.17165e+11 2.95926e+11 3.49278e+10
9160992000 -1.17421e+11 2.96573e+11 3.50041e+10
9200822400 -1.17677e+11 2.97219e+11 3.50803e+10
9240739200 -1.17933e+11 2.97865e+11 3.51566e+10
9280742400 -1.18189e+11 2.98512e+11 3.52329e+10
9320832000 -1.18445e+11 2.99158e+11 3.53092e+10
9361008000 -1.18701e+11 2.99804e+11 3.53855e+10
9401270400 -1.18956e+11 3.0045e+11 3.54618e+10
9441619200 -1.19212e+11 3.01097e+11 3.5538e+10
9482054400 -1.19468e+11 3.01743e+11 3.56143e+10
9522576000 -1.19724e+11 3.02389e+11 3.56906e+10
9563184000 -1.1998e+11 3.03035e+11 3.57669e+10
9603878400 -1.20236e+11 3.03682e+11 3.58432e+10
9644659200 -1.20492e+11 3.04328e+11 3.59194e+10
9685526400 -1.20748e+11 3.04974e+11 3.59957e+10
9726480000 -1.21004e+11 3.0562e+11 3.6072e+10
9767520000 -1.2126e+11 3.06267e+11 3.61483e+10
9808646400 -1.21516e+11 3.06913e+11 3.62246e+10
9849859200 -1.21771e+11 3.07559e+11 3.63008e+10
9891158400 -1.22027e+11 3.08206e+11 3.63771e+10
9932544000 -1.22283e+11 3.08852e+11 3.64534e+10
9974016000 -1.22539e+11 3.09498e+11 3.65297e+10
10015574400 -1.22795e+11 3.10144e+11 3.6606e+10
10057219200 -1.23051e+11 3.10791e+11 3.66823e+10
10098950400 -1.23307e+11 3.11437e+11 3.67585e+10
10140768000 -1.23563e+11 3.12083e+11 3.68348e+10
10182672000 -1.23819e+11 3.12729e+11 3.69111e+10
10224662400 -1.24075e+11 3.13376e+11 3.69874e+10
10266739200 -1.24331e+11 3.14022e+11 3.70637e+10
10308902400 -1.24586e+11 3.14668e+11 3.71399e+10
10351152000 -1.24842e+11 3.15315e+11 3.72162e+10
10393488000 -1.25098e+11 3.15961e+11 3.72925e+10
10435910400 -1.25354e+11 3.16607e+11 3.73688e+10
10478419200 -1.2561e+11 3.17253e+11 3.74451e+10
10521014400 -1.25866e+11 3.179e+11 3.75213e+10
10563696000 -1.26122e+11 3.18546e+11 3.75976e+10
10606464000 -1.26378e+11 3.19192e+11 3.76739e+10
10649318400 -1.26634e+11 3.19838e+11 3.77502e+10
10692259200 -1.2689e+11 3.20485e+11 3.78265e+10
10735286400 -1.27146e+11 3.21131e+11 3.79028e+10
10778400000 -1.27401e+11 3.21777e+11 3.7979e+10
10821600000 -1.27657e+11 3.22423e+11 3.80553e+10
10864886400 -1.27913e+11 3.2307e+11 3.81316e+10
10908259200 -1.28169e+11 3.23716e+11 3.82079e+10
10951718400 -1.28425e+11 3.24362e+11 3.82842e+10
10995264000 -1.28681e+11 3.25009e+11 3.83604e+10
11038896000 -1.28937e+11 3.25655e+11 3.84367e+10
11082614400 -1.29193e+11 3.26301e+11 3.8513e+10
11126419200 -1.29449e+11 3.26947e+11 3.85893e+10
11170310400 -1.29705e+11 3.27594e+11 3.86656e+10
11214288000 -1.2996e+11 3.2824e+11 3.87418e+10
11258352000 -1.30216e+11 3.28886e+11 3.88181e+10
11302502400 -1.30472e+11 3.29532e+11 3.88944e+10
11346739200 -1.30728e+11 3.30179e+11 3.89707e+10
11391062400 -1.30984e+11 3.30825e+11 3.9047e+10
11435472000 -1.3124e+11 3.31471e+11 3.91233e+10
11479968000 -1.31496e+11 3.32117e+11 3.91995e+10
11524550400 -1.31752e+11 3.32764e+11 3.92758e+10
11569219200 -1.32008e+11 3.3341e+11 3.93521e+10
11613974400 -1.32264e+11 3.34056e+11 3.94284e+10
11658816000 -1.3252e+11 3.34703e+11 3.95047e+10
11703744000 -1.32775e+11 3.35349e+11 3.95809e+10
11748758400 -1.33031e+11 3.35995e+11 3.96572e+10
11793859200 -1.33287e+11 3.36641e+11 3.97335e+10
11839046400 -1.33543e+11 3.37288e+11 3.98098e+10
11884320000 -1.33799e+11 3.37934e+11 3.98861e+10
11929680000 -1.34055e+11 3.3858e+11 3.99624e+10
11975126400 -1.34311e+11 3.39226e+11 4.00386e+10
12020659200 -1.34567e+11 3.39873e+11 4.01149e+10
12066278400 -1.34823e+11 3.40519e+11 4.01912e+10
12111984000 -1.35079e+11 3.41165e+11 4.02675e+10
12157776000 -1.35335e+11 3.41811e+11 4.03438e+10
12203654400 -1.3559e+11 3.42458e+11 4.042e+10
12249619200 -1.35846e+11 3.43104e+11 4.04963e+10
12295670400 -1.36102e+11 3.4375e+11 4.05726e+10
12341808000 -1.36358e+11 3.44397e+11 4.06489e+10
12388032000 -1.36614e+11 3.45043e+11 4.07252e+10
12434342400 -1.3687e+11 3.45689e+11 4.08014e+10
12480739200 -1.37126e+11 3.46335e+11 4.08777e+10
12527222400 -1.37382e+11 3.46982e+11 4.0954e+10
12573792000 -1.37638e+11 3.47628e+11 4.10303e+10
12620448000 -1.37894e+11 3.48274e+11 4.11066e+10
12667190400 -1.3815e+11 3.4892e+11 4.11829e+10
12714019200 -1.38405e+11 3.49567e+11 4.12591e+10
12760934400 -1.38661e+11 3.50213e+11 4.13354e+10
12807936000 -1.38917e+11 3.50859e+11 4.14117e+10
12855024000 -1.39173e+11 3.51505e+11 4.1488e+10
12902198400 -1.39429e+11 3.52152e+11 4.15643e+10
12949459200 -1.39685e+11 3.52798e+11 4.16405e+10
12996806400 -1.39941e+11 3.53444e+11 4.17168e+10
13044240000 -1.40197e+11 3.54091e+11 4.17931e+10
13091760000 -1.40453e+11 3.54737e+11 4.18694e+10
13139366400 -1.40709e+11 3.55383e+11 4.19457e+10
13187059200 -1.40965e+11 3.56029e+11 4.20219e+10
13234838400 -1.4122e+11 3.56676e+11 4.20982e+10
13282704000 -1.41476e+11 3.57322e+11 4.21745e+10
13330656000 -1.41732e+11 3.57968e+11 4.22508e+10
13378694400 -1.41988e+11 3.58614e+11 4.23271e+10
13426819200 -1.42244e+11 3.59261e+11 4.24034e+10
13475030400 -1.425e+11 3.59907e+11 4.24796e+10
13523328000 -1.42756e+11 3.60553e+11 4.25559e+10
13571712000 -1.43012e+11 3.612e+11 4.26322e+10
13620182400 -1.43268e+11 3.61846e+11 4.27085e+10
13668739200 -1.43524e+11 3.62492e+11 4.27848e+10
13717382400 -1.43779e+11 3.63138e+11 4.2861e+10
13766112000 -1.44035e+11 3.63785e+11 4.29373e+10
13814928000 -1.44291e+11 3.64431e+11 4.30136e+10
13863830400 -1.44547e+11 3.65077e+11 4.30899e+10
13912819200 -1.44803e+11 3.65723e+11 4.31662e+10
13961894400 -1.45059e+11 3.6637e+11 4.32424e+10
14011056000 -1.45315e+11 3.67016e+11 4.33187e+10
14060304000 -1.45571e+11 3.67662e+11 4.3395e+10
14109638400 -1.45827e+11 3.68308e+11 4.34713e+10
14159059200 -1.46083e+11 3.68955e+11 4.35476e+10
14208566400 -1.46339e+11 3.69601e+11 4.36239e+10
14258160000 -1.46594e+11 3.70247e+11 4.37001e+10
14307840000 -1.4685e+11 3.70894e+11 4.37764e+10
14357606400 -1.47106e+11 3.7154e+11 4.38527e+10
14407459200 -1.47362e+11 3.72186e+11 4.3929e+10
14457398400 -1.47618e+11 3.72832e+11 4.40053e+10
14507424000 -1.47874e+11 3.73479e+11 4.40815e+10
14557536000 -1.4813e+11 3.74125e+11 4.41578e+10
14607734400 -1.48386e+11 3.74771e+11 4.42341e+10
14658019200 -1.48642e+11 3.75417e+11 4.43104e+10
14708390400 -1.48898e+11 3.76064e+11 4.43867e+10
14758848000 -1.49154e+11 3.7671e+11 4.44629e+10
14809392000 -1.49409e+11 3.77356e+11 4.45392e+10
14860022400 -1.49665e+11 3.78002e+11 4.46155e+10
14910739200 -1.49921e+11 3.78649e+11 4.46918e+10
14961542400 -1.50177e+11 3.79295e+11 4.47681e+10
15012432000 -1.50433e+11 3.79941e+11 4.48444e+10
15063408000 -1.50689e+11 3.80588e+11 4.49206e+10
15114470400 -1.50945e+11 3.81234e+11 4.49969e+10
15165619200 -1.51201e+11 3.8188e+11 4.50732e+10
15216854400 -1.51457e+11 3.82526e+11 4.51495e+10
15268176000 -1.51713e+11 3.83173e+11 4.52258e+10
15319584000 -1.51969e+11 3.83819e+11 4.5302e+10
15371078400 -1.52224e+11 3.84465e+11 4.53783e+10
15422659200 -1.5248e+11 3.85111e+11 4.54546e+10
15474326400 -1.52736e+11 3.85758e+11 4.55309e+10
15526080000 -1.52992e+11 3.86404e+11 4.56072e+10
15577920000 -1.53248e+11 3.8705e+11 4.56834e+10
15629846400 -1.53504e+11 3.87696e+11 4.57597e+10
15681859200 -1.5376e+11 3.88343e+11 4.5836e+10
15733958400 -1.54016e+11 3.88989e+11 4.59123e+10
15786144000 -1.54272e+11 3.89635e+11 4.59886e+10
15838416000 -1.54528e+11 3.90282e+11 4.60649e+10
15890774400 -1.54783e+11 3.90928e+11 4.61411e+10
15943219200 -1.55039e+11 3.91574e+11 4.62174e+10
15995750400 -1.55295e+11 3.9222e+11 4.62937e+10
16048368000 -1.55551e+11 3.92867e+11 4.637e+10
16101072000 -1.55807e+11 3.93513e+11 4.64463e+10
16153862400 -1.56063e+11 3.94159e+11 4.65225e+10
16206739200 -1.56319e+11 3.94805e+11 4.65988e+10
16259702400 -1.56575e+11 3.95452e+11 4.66751e+10
16312752000 -1.56831e+11 3.96098e+11 4.67514e+10
16365888000 -1.57087e+11 3.96744e+11 4.68277e+10
16419110400 -1.57343e+11 3.9739e+11 4.6904e+10
16472419200 -1.57598e+11 3.98037e+11 4.69802e+10
16525814400 -1.57854e+11 3.98683e+11 4.70565e+10
16579296000 -1.5811e+11 3.99329e+11 4.71328e+10
16632864000 -1.58366e+11 3.99976e+11 4.72091e+10
16686518400 -1.58622e+11 4.00622e+11 4.72854e+10
16740259200 -1.58878e+11 4.01268e+11 4.73616e+10
16794086400 -1.59134e+11 4.01914e+11 4.74379e+10
16848000000 -1.5939e+11 4.02561e+11 4.75142e+10
16902000000 -1.59646e+11 4.03207e+11 4.75905e+10
16956086400 -1.59902e+11 4.03853e+11 4.76668e+10
17010259200 -1.60158e+11 4.04499e+11 4.7743e+10
17064518400 -1.60413e+11 4.05146e+11 4.78193e+10
17118864000 -1.60669e+11 4.05792e+11 4.78956e+10
17173296000 -1.60925e+11 4.06438e+11 4.79719e+10
17227814400 -1.61181e+11 4.07084e+11 4.80482e+10
17282419200 -1.61437e+11 4.07731e+11 4.81245e+10
17337110400 -1.61693e+11 4.08377e+11 4.82007e+10
17391888000 -1.61949e+11 4.09023e+11 4.8277e+10
17446752000 -1.62205e+11 4.0967e+11 4.83533e+10
17501702400 -1.62461e+11 4.10316e+11 4.84296e+10
17556739200 -1.62717e+11 4.10962e+11 4.85059e+10
17611862400 -1.62973e+11 4.11608e+11 4.85821e+10
17667072000 -1.63228e+11 4.12255e+11 4.86584e+10
17722368000 -1.63484e+11 4.12901e+11 4.87347e+10
17777750400 -1.6374e+11 4.13547e+11 4.8811e+10
17833219200 -1.63996e+11 4.14193e+11 4.88873e+10
17888774400 -1.64252e+11 4.1484e+11 4.89635e+10
17944416000 -1.64508e+11 4.15486e+11 4.90398e+10
18000144000 -1.64764e+11 4.16132e+11 4.91161e+10
18055958400 -1.6502e+11 4.16778e+11 4.91924e+10
18111859200 -1.65276e+11 4.17425e+11 4.92687e+10
18167846400 -1.65532e+11 4.18071e+11 4.9345e+10
18223920000 -1.65787e+11 4.18717e+11 4.94212e+10
18280080000 -1.66043e+11 4.19364e+11 4.94975e+10
18336326400 -1.66299e+11 4.2001e+11 4.95738e+10
18392659200 -1.66555e+11 4.20656e+11 4.96501e+10
18449078400 -1.66811e+11 4.21302e+11 4.97264e+10
18505584000 -1.67067e+11 4.21949e+11 4.98026e+10
18562176000 -1.67323e+11 4.22595e+11 4.98789e+10
18618854400 -1.67579e+11 4.23241e+11 4.99552e+10
18675619200 -1.67835e+11 4.23887e+11 5.00315e+10
18732470400 -1.68091e+11 4.24534e+11 5.01078e+10
18789408000 -1.68347e+11 4.2518e+11 5.0184e+10
18846432000 -1.68602e+11 4.25826e+11 5.02603e+10
18903542400 -1.68858e+11 4.26472e+11 5.03366e+10
18960739200 -1.69114e+11 4.27119e+11 5.04129e+10
19018022400 -1.6937e+11 4.27765e+11 5.04892e+10
19075392000 -1.69626e+11 4.28411e+11 5.05655e+10
19132848000 -1.69882e+11 4.29058e+11 5.06417e+10
19190390400 -1.70138e+11 4.29704e+11 5.0718e+10
19248019200 -1.70394e+11 4.3035e+11 5.07943e+10
19305734400 -1.7065e+11 4.30996e+11 5.08706e+10
19363536000 -1.70906e+11 4.31643e+11 5.09469e+10
19421424000 -1.71162e+11 4.32289e+11 5.10231e+10
19479398400 -1.71417e+11 4.32935e+11 5.10994e+10
19537459200 -1.71673e+11 4.33581e+11 5.11757e+10
19595606400 -1.71929e+11 4.34228e+11 5.1252e+10
19653840000 -1.72185e+11 4.34874e+11 5.13283e+10
19712160000 -1.72441e+11 4.3552e+11 5.14045e+10
19770566400 -1.72697e+11 4.36167e+11 5.14808e+10
19829059200 -1.72953e+11 4.36813e+11 5.15571e+10
19887638400 -1.73209e+11 4.37459e+11 5.16334e+10
19946304000 -1.73465e+11 4.38105e+11 5.17097e+10
20005056000 -1.73721e+11 4.38752e+11 5.1786e+10
20063894400 -1.73977e+11 4.39398e+11 5.18622e+10
20122819200 -1.74232e+11 4.40044e+11 5.19385e+10
20181830400 -1.74488e+11 4.4069e+11 5.20148e+10
20240928000 -1.74744e+11 4.41337e+11 5.20911e+10
20300112000 -1.75e+11 4.41983e+11 5.21674e+10
20359382400 -1.75256e+11 4.42629e+11 5.22436e+10
20418739200 -1.75512e+11 4.43275e+11 5.23199e+10
20478182400 -1.75768e+11 4.43922e+11 5.23962e+10
20537712000 -1.76024e+11 4.44568e+11 5.24725e+10
20597328000 -1.7628e+11 4.45214e+11 5.25488e+10
20657030400 -1.76536e+11 4.45861e+11 5.2625e+10
20716819200 -1.76791e+11 4.46507e+11 5.27013e+10
20776694400 -1.77047e+11 4.47153e+11 5.27776e+10
20836656000 -1.77303e+11 4.47799e+11 5.28539e+10
20896704000 -1.77559e+11 4.48446e+11 5.29302e+10
20956838400 -1.77815e+11 4.49092e+11 5.30065e+10
21017059200 -1.78071e+11 4.49738e+11 5.30827e+10
21077366400 -1.78327e+11 4.50384e+11 5.3159e+10
21137760000 -1.78583e+11 4.51031e+11 5.32353e+10
21198240000 -1.78839e+11 4.51677e+11 5.33116e+10
21258806400 -1.79095e+11 4.52323e+11 5.33879e+10
21319459200 -1.79351e+11 4.52969e+11 5.34641e+10
21380198400 -1.79606e+11 4.53616e+11 5.35404e+10
21441024000 -1.79862e+11 4.54262e+11 5.36167e+10
21501936000 -1.80118e+11 4.54908e+11 5.3693e+10
21562934400 -1.80374e+11 4.55555e+11 5.37693e+10
21624019200 -1.8063e+11 4.56201e+11 5.38455e+10
21685190400 -1.80886e+11 4.56847e+11 5.39218e+10
21746448000 -1.81142e+11 4.57493e+11 5.39981e+10
21807792000 -1.81398e+11 4.5814e+11 5.40744e+10
21869222400 -1.81654e+11 4.58786e+11 5.41507e+10
21930739200 -1.8191e+11 4.59432e+11 5.4227e+10
21992342400 -1.82166e+11 4.60078e+11 5.43032e+10
22054032000 -1.82421e+11 4.60725e+11 5.43795e+10
22115808000 -1.82677e+11 4.61371e+11 5.44558e+10
22177670400 -1.82933e+11 4.62017e+11 5.45321e+10
22239619200 -1.83189e+11 4.62663e+11 5.46084e+10
22301654400 -1.83445e+11 4.6331e+11 5.46846e+10
22363776000 -1.83701e+11 4.63956e+11 5.47609e+10
22425984000 -1.83957e+11 4.64602e+11 5.48372e+10
22488278400 -1.84213e+11 4.65249e+11 5.49135e+10
22550659200 -1.84469e+11 4.65895e+11 5.49898e+10
22613126400 -1.84725e+11 4.66541e+11 5.5066e+10
22675680000 -1.84981e+11 4.67187e+11 5.51423e+10
22738320000 -1.85236e+11 4.67834e+11 5.52186e+10
22801046400 -1.85492e+11 4.6848e+11 5.52949e+10
22863859200 -1.85748e+11 4.69126e+11 5.53712e+10
22926758400 -1.86004e+11 4.69772e+11 5.54475e+10
22989744000 -1.8626e+11 4.70419e+11 5.55237e+10
23052816000 -1.86516e+11 4.71065e+11 5.56e+10
23115974400 -1.86772e+11 4.71711e+11 5.56763e+10
23179219200 -1.87028e+11 4.72357e+11 5.57526e+10
23242550400 -1.87284e+11 4.73004e+11 5.58289e+10
23305968000 -1.8754e+11 4.7365e+11 5.59051e+10
23369472000 -1.87795e+11 4.74296e+11 5.59814e+10
23433062400 -1.88051e+11 4.74943e+11 5.60577e+10
23496739200 -1.88307e+11 4.75589e+11 5.6134e+10
23560502400 -1.88563e+11 4.76235e+11 5.62103e+10
23624352000 -1.88819e+11 4.76881e+11 5.62865e+10
23688288000 -1.89075e+11 4.77528e+11 5.63628e+10
23752310400 -1.89331e+11 4.78174e+11 5.64391e+10
23816419200 -1.89587e+11 4.7882e+11 5.65154e+10
23880614400 -1.89843e+11 4.79466e+11 5.65917e+10
23944896000 -1.90099e+11 4.80113e+11 5.6668e+10
24009264000 -1.90355e+11 4.80759e+11 5.67442e+10
24073718400 -1.9061e+11 4.81405e+11 5.68205e+10
24138259200 -1.90866e+11 4.82051e+11 5.68968e+10
24202886400 -1.91122e+11 4.82698e+11 5.69731e+10
24267600000 -1.91378e+11 4.83344e+11 5.70494e+10
24332400000 -1.91634e+11 4.8399e+11 5.71256e+10
24397286400 -1.9189e+11 4.84637e+11 5.72019e+10
24462259200 -1.92146e+11 4.85283e+11 5.72782e+10
24527318400 -1.92402e+11 4.85929e+11 5.73545e+10
24592464000 -1.92658e+11 4.86575e+11 5.74308e+10
24657696000 -1.92914e+11 4.87222e+11 5.75071e+10
24723014400 -1.9317e+11 4.87868e+11 5.75833e+10
24788419200 -1.93425e+11 4.88514e+11 5.76596e+10
24853910400 -1.93681e+11 4.8916e+11 5.77359e+10
24919488000 -1.93937e+11 4.89807e+11 5.78122e+10
24985152000 -1.94193e+11 4.90453e+11 5.78885e+10
25050902400 -1.94449e+11 4.91099e+11 5.79647e+10
25116739200 -1.94705e+11 4.91745e+11 5.8041e+10
25182662400 -1.94961e+11 4.92392e+11 5.81173e+10
25248672000 -1.95217e+11 4.93038e+11 5.81936e+10
25314768000 -1.95473e+11 4.93684e+11 5.82699e+10
25380950400 -1.95729e+11 4.94331e+11 5.83461e+10
25447219200 -1.95985e+11 4.94977e+11 5.84224e+10
25513574400 -1.9624e+11 4.95623e+11 5.84987e+10
25580016000 -1.96496e+11 4.96269e+11 5.8575e+10
25646544000 -1.96752e+11 4.96916e+11 5.86513e+10
25713158400 -1.97008e+11 4.97562e+11 5.87276e+10
25779859200 -1.97264e+11 4.98208e+11 5.88038e+10
25846646400 -1.9752e+11 4.98854e+11 5.88801e+10
25913520000 -1.97776e+11 4.99501e+11 5.89564e+10
25980480000 -1.98032e+11 5.00147e+11 5.90327e+10
26047526400 -1.98288e+11 5.00793e+11 5.9109e+10
26114659200 -1.98544e+11 5.01439e+11 5.91852e+10
26181878400 -1.98799e+11 5.02086e+11 5.92615e+10
26249184000 -1.99055e+11 5.02732e+11 5.93378e+10
26316576000 -1.99311e+11 5.03378e+11 5.94141e+10
26384054400 -1.99567e+11 5.04025e+11 5.94904e+10
26451619200 -1.99823e+11 5.04671e+11 5.95666e+10
26519270400 -2.00079e+11 5.05317e+11 5.96429e+10
26587008000 -2.00335e+11 5.05963e+11 5.97192e+10
26654832000 -2.00591e+11 5.0661e+11 5.97955e+10
26722742400 -2.00847e+11 5.07256e+11 5.98718e+10
26790739200 -2.01103e+11 5.07902e+11 5.99481e+10
26858822400 -2.01359e+11 5.08548e+11 6.00243e+10
26926992000 -2.01614e+11 5.09195e+11 6.01006e+10
26995248000 -2.0187e+11 5.09841e+11 6.01769e+10
27063590400 -2.02126e+11 5.10487e+11 6.02532e+10
27132019200 -2.02382e+11 5.11133e+11 6.03295e+10
27200534400 -2.02638e+11 5.1178e+11 6.04057e+10
27269136000 -2.02894e+11 5.12426e+11 6.0482e+10
27337824000 -2.0315e+11 5.13072e+11 6.05583e+10
27406598400 -2.03406e+11 5.13719e+11 6.06346e+10
27475459200 -2.03662e+11 5.14365e+11 6.07109e+10
27544406400 -2.03918e+11 5.15011e+11 6.07871e+10
27613440000 -2.04174e+11 5.15657e+11 6.08634e+10
27682560000 -2.04429e+11 5.16304e+11 6.09397e+10
27751766400 -2.04685e+11 5.1695e+11 6.1016e+10
27821059200 -2.04941e+11 5.17596e+11 6.10923e+10
27890438400 -2.05197e+11 5.18242e+11 6.11686e+10
27959904000 -2.05453e+11 5.18889e+11 6.12448e+10
28029456000 -2.05709e+11 5.19535e+11 6.13211e+10
28099094400 -2.05965e+11 5.20181e+11 6.13974e+10
28168819200 -2.06221e+11 5.20827e+11 6.14737e+10
28238630400 -2.06477e+11 5.21474e+11 6.155e+10
28308528000 -2.06733e+11 5.2212e+11 6.16262e+10
28378512000 -2.06989e+11 5.22766e+11 6.17025e+10
28448582400 -2.07244e+11 5.23413e+11 6.17788e+10
28518739200 -2.075e+11 5.24059e+11 6.18551e+10
28588982400 -2.07756e+11 5.24705e+11 6.19314e+10
28659312000 -2.08012e+11 5.25351e+11 6.20076e+10
28729728000 -2.08268e+11 5.25998e+11 6.20839e+10
28800230400 -2.08524e+11 5.26644e+11 6.21602e+10
28870819200 -2.0878e+11 5.2729e+11 6.22365e+10
28941494400 -2.09036e+11 5.27936e+11 6.23128e+10
29012256000 -2.09292e+11 5.28583e+11 6.23891e+10
29083104000 -2.09548e+11 5.29229e+11 6.24653e+10
29154038400 -2.09803e+11 5.29875e+11 6.25416e+10
29225059200 -2.10059e+11 5.30521e+11 6.26179e+10
29296166400 -2.10315e+11 5.31168e+11 6.26942e+10
29367360000 -2.10571e+11 5.31814e+11 6.27705e+10
29438640000 -2.10827e+11 5.3246e+11 6.28467e+10
29510006400 -2.11083e+11 5.33107e+11 6.2923e+10
29581459200 -2.11339e+11 5.33753e+11 6.29993e+10
29652998400 -2.11595e+11 5.34399e+11 6.30756e+10
29724624000 -2.11851e+11 5.35045e+11 6.31519e+10
29796336000 -2.12107e+11 5.35692e+11 6.32281e+10
29868134400 -2.12363e+11 5.36338e+11 6.33044e+10
29940019200 -2.12618e+11 5.36984e+11 6.33807e+10
30011990400 -2.12874e+11 5.3763e+11 6.3457e+10
30084048000 -2.1313e+11 5.38277e+11 6.35333e+10
30156192000 -2.13386e+11 5.38923e+11 6.36096e+10
30228422400 -2.13642e+11 5.39569e+11 6.36858e+10
30300739200 -2.13898e+11 5.40215e+11 6.37621e+10
30373142400 -2.14154e+11 5.40862e+11 6.38384e+10
30445632000 -2.1441e+11 5.41508e+11 6.39147e+10
30518208000 -2.14666e+11 5.42154e+11 6.3991e+10
30590870400 -2.14922e+11 5.42801e+11 6.40672e+10
30663619200 -2.15178e+11 5.43447e+11 6.41435e+10
30736454400 -2.15433e+11 5.44093e+11 6.42198e+10
30809376000 -2.15689e+11 5.44739e+11 6.42961e+10
30882384000 -2.15945e+11 5.45386e+11 6.43724e+10
30955478400 -2.16201e+11 5.46032e+11 6.44486e+10
31028659200 -2.16457e+11 5.46678e+11 6.45249e+10
31101926400 -2.16713e+11 5.47324e+11 6.46012e+10
31175280000 -2.16969e+11 5.47971e+11 6.46775e+10
31248720000 -2.17225e+11 5.48617e+11 6.47538e+10
31322246400 -2.17481e+11 5.49263e+11 6.48301e+10
31395859200 -2.17737e+11 5.49909e+11 6.49063e+10
31469558400 -2.17993e+11 5.50556e+11 6.49826e+10
31543344000 -2.18248e+11 5.51202e+11 6.50589e+10
31617216000 -2.18504e+11 5.51848e+11 6.51352e+10
31691174400 -2.1876e+11 5.52495e+11 6.52115e+10
31765219200 -2.19016e+11 5.53141e+11 6.52877e+10
31839350400 -2.19272e+11 5.53787e+11 6.5364e+10
31913568000 -2.19528e+11 5.54433e+11 6.54403e+10
31987872000 -2.19784e+11 5.5508e+11 6.55166e+10
32062262400 -2.2004e+11 5.55726e+11 6.55929e+10
32136739200 -2.20296e+11 5.56372e+11 6.56691e+10
32211302400 -2.20552e+11 5.57018e+11 6.57454e+10
32285952000 -2.20807e+11 5.57665e+11 6.58217e+10
32360688000 -2.21063e+11 5.58311e+11 6.5898e+10
32435510400 -2.21319e+11 5.58957e+11 6.59743e+10
32510419200 -2.21575e+11 5.59603e+11 6.60506e+10
32585414400 -2.21831e+11 5.6025e+11 6.61268e+10
32660496000 -2.22087e+11 5.60896e+11 6.62031e+10
32735664000 -2.22343e+11 5.61542e+11 6.62794e+10
32810918400 -2.22599e+11 5.62189e+11 6.63557e+10
32886259200 -2.22855e+11 5.62835e+11 6.6432e+10
32961686400 -2.23111e+11 5.63481e+11 6.65082e+10
33037200000 -2.23367e+11 5.64127e+11 6.65845e+10
33112800000 -2.23622e+11 5.64774e+11 6.66608e+10
33188486400 -2.23878e+11 5.6542e+11 6.67371e+10
33264259200 -2.24134e+11 5.66066e+11 6.68134e+10
33340118400 -2.2439e+11 5.66712e+11 6.68896e+10
33416064000 -2.24646e+11 5.67359e+11 6.69659e+10
33492096000 -2.24902e+11 5.68005e+11 6.70422e+10
33568214400 -2.25158e+11 5.68651e+11 6.71185e+10
33644419200 -2.25414e+11 5.69297e+11 6.71948e+10
33720710400 -2.2567e+11 5.69944e+11 6.72711e+10
33797088000 -2.25926e+11 5.7059e+11 6.73473e+10
33873552000 -2.26182e+11 5.71236e+11 6.74236e+10
33950102400 -2.26437e+11 5.71883e+11 6.74999e+10
34026739200 -2.26693e+11 5.72529e+11 6.75762e+10
34103462400 -2.26949e+11 5.73175e+11 6.76525e+10
34180272000 -2.27205e+11 5.73821e+11 6.77287e+10
34257168000 -2.27461e+11 5.74468e+11 6.7805e+10
34334150400 -2.27717e+11 5.75114e+11 6.78813e+10
34411219200 -2.27973e+11 5.7576e+11 6.79576e+10
34488374400 -2.28229e+11 5.76406e+11 6.80339e+10
34565616000 -2.28485e+11 5.77053e+11 6.81101e+10
34642944000 -2.28741e+11 5.77699e+11 6.81864e+10
34720358400 -2.28997e+11 5.78345e+11 6.82627e+10
34797859200 -2.29252e+11 5.78991e+11 6.8339e+10
34875446400 -2.29508e+11 5.79638e+11 6.84153e+10
34953120000 -2.29764e+11 5.80284e+11 6.84916e+10
35030880000 -2.3002e+11 5.8093e+11 6.85678e+10
35108726400 -2.30276e+11 5.81577e+11 6.86441e+10
35186659200 -2.30532e+11 5.82223e+11 6.87204e+10
35264678400 -2.30788e+11 5.82869e+11 6.87967e+10
35342784000 -2.31044e+11 5.83515e+11 6.8873e+10
35420976000 -2.313e+11 5.84162e+11 6.89492e+10
35499254400 -2.31556e+11 5.84808e+11 6.90255e+10
35577619200 -2.31811e+11 5.85454e+11 6.91018e+10
35656070400 -2.32067e+11 5.861e+11 6.91781e+10
35734608000 -2.32323e+11 5.86747e+11 6.92544e+10
35813232000 -2.32579e+11 5.87393e+11 6.93306e+10
35891942400 -2.32835e+11 5.88039e+11 6.94069e+10
35970739200 -2.33091e+11 5.88685e+11 6.94832e+10
36049622400 -2.33347e+11 5.89332e+11 6.95595e+10
36128592000 -2.33603e+11 5.89978e+11 6.96358e+10
36207648000 -2.33859e+11 5.90624e+11 6.97121e+10
36286790400 -2.34115e+11 5.91271e+11 6.97883e+10
36366019200 -2.34371e+11 5.91917e+11 6.98646e+10
36445334400 -2.34626e+11 5.92563e+11 6.99409e+10
36524736000 -2.34882e+11 5.93209e+11 7.00172e+10
36604224000 -2.35138e+11 5.93856e+11 7.00935e+10
36683798400 -2.35394e+11 5.94502e+11 7.01697e+10
36763459200 -2.3565e+11 5.95148e+11 7.0246e+10
36843206400 -2.35906e+11 5.95794e+11 7.03223e+10
36923040000 -2.36162e+11 5.96441e+11 7.03986e+10
37002960000 -2.36418e+11 5.97087e+11 7.04749e+10
37082966400 -2.36674e+11 5.97733e+11 7.05511e+10
37163059200 -2.3693e+11 5.98379e+11 7.06274e+10
37243238400 -2.37186e+11 5.99026e+11 7.07037e+10
37323504000 -2.37441e+11 5.99672e+11 7.078e+10
37403856000 -2.37697e+11 6.00318e+11 7.08563e+10
37484294400 -2.37953e+11 6.00965e+11 7.09326e+10
37564819200 -2.38209e+11 6.01611e+11 7.10088e+10
37645430400 -2.38465e+11 6.02257e+11 7.10851e+10
37726128000 -2.38721e+11 6.02903e+11 7.11614e+10
37806912000 -2.38977e+11 6.0355e+11 7.12377e+10
37887782400 -2.39233e+11 6.04196e+11 7.1314e+10
37968739200 -2.39489e+11 6.04842e+11 7.13902e+10
38049782400 -2.39745e+11 6.05488e+11 7.14665e+10
38130912000 -2.40001e+11 6.06135e+11 7.15428e+10
38212128000 -2.40256e+11 6.06781e+11 7.16191e+10
38293430400 -2.40512e+11 6.07427e+11 7.16954e+10
38374819200 -2.40768e+11 6.08073e+11 7.17716e+10
38456294400 -2.41024e+11 6.0872e+11 7.18479e+10
38537856000 -2.4128e+11 6.09366e+11 7.19242e+10
38619504000 -2.41536e+11 6.10012e+11 7.20005e+10
38701238400 -2.41792e+11 6.10659e+11 7.20768e+10
38783059200 -2.42048e+11 6.11305e+11 7.21531e+10
38864966400 -2.42304e+11 6.11951e+11 7.22293e+10
38946960000 -2.4256e+11 6.12597e+11 7.23056e+10
39029040000 -2.42815e+11 6.13244e+11 7.23819e+10
39111206400 -2.43071e+11 6.1389e+11 7.24582e+10
39193459200 -2.43327e+11 6.14536e+11 7.25345e+10
39275798400 -2.43583e+11 6.15182e+11 7.26107e+10
39358224000 -2.43839e+11 6.15829e+11 7.2687e+10
39440736000 -2.44095e+11 6.16475e+11 7.27633e+10
39523334400 -2.44351e+11 6.17121e+11 7.28396e+10
39606019200 -2.44607e+11 6.17767e+11 7.29159e+10
39688790400 -2.44863e+11 6.18414e+11 7.29921e+10
39771648000 -2.45119e+11 6.1906e+11 7.30684e+10
39854592000 -2.45375e+11 6.19706e+11 7.31447e+10
39937622400 -2.4563e+11 6.20353e+11 7.3221e+10
40020739200 -2.45886e+11 6.20999e+11 7.32973e+10
40103942400 -2.46142e+11 6.21645e+11 7.33736e+10
40187232000 -2.46398e+11 6.22291e+11 7.34498e+10
40270608000 -2.46654e+11 6.22938e+11 7.35261e+10
40354070400 -2.4691e+11 6.23584e+11 7.36024e+10
40437619200 -2.47166e+11 6.2423e+11 7.36787e+10
40521254400 -2.47422e+11 6.24876e+11 7.3755e+10
40604976000 -2.47678e+11 6.25523e+11 7.38312e+10
40688784000 -2.47934e+11 6.26169e+11 7.39075e+10
40772678400 -2.4819e+11 6.26815e+11 7.39838e+10
40856659200 -2.48445e+11 6.27461e+11 7.40601e+10
40940726400 -2.48701e+11 6.28108e+11 7.41364e+10
41024880000 -2.48957e+11 6.28754e+11 7.42126e+10
41109120000 -2.49213e+11 6.294e+11 7.42889e+10
41193446400 -2.49469e+11 6.30047e+11 7.43652e+10
41277859200 -2.49725e+11 6.30693e+11 7.44415e+10
41362358400 -2.49981e+11 6.31339e+11 7.45178e+10
41446944000 -2.50237e+11 6.31985e+11 7.45941e+10
41531616000 -2.50493e+11 6.32632e+11 7.46703e+10
41616374400 -2.50749e+11 6.33278e+11 7.47466e+10
41701219200 -2.51004e+11 6.33924e+11 7.48229e+10
41786150400 -2.5126e+11 6.3457e+11 7.48992e+10
41871168000 -2.51516e+11 6.35217e+11 7.49755e+10
41956272000 -2.51772e+11 6.35863e+11 7.50517e+10
42041462400 -2.52028e+11 6.36509e+11 7.5128e+10
42126739200 -2.52284e+11 6.37155e+11 7.52043e+10
42212102400 -2.5254e+11 6.37802e+11 7.52806e+10
42297552000 -2.52796e+11 6.38448e+11 7.53569e+10
42383088000 -2.53052e+11 6.39094e+11 7.54331e+10
42468710400 -2.53308e+11 6.39741e+11 7.55094e+10
42554419200 -2.53564e+11 6.40387e+11 7.55857e+10
42640214400 -2.53819e+11 6.41033e+11 7.5662e+10
42726096000 -2.54075e+11 6.41679e+11 7.57383e+10
42812064000 -2.54331e+11 6.42326e+11 7.58146e+10
42898118400 -2.54587e+11 6.42972e+11 7.58908e+10
42984259200 -2.54843e+11 6.43618e+11 7.59671e+10
43070486400 -2.55099e+11 6.44264e+11 7.60434e+10
43156800000 -2.55355e+11 6.44911e+11 7.61197e+10
