0 1.01313e+08 7.4173e+07 20111
86400 4.93323e+07 4.00576e+07 22046.2
259200 -1.66994e+08 -1.23933e+08 31604.4
518400 -2.70105e+08 -2.00092e+08 36020.7
864000 -3.75376e+08 -2.77908e+08 40522.3
1296000 -4.80521e+08 -3.55638e+08 45014
1814400 -5.85262e+08 -4.3307e+08 49484.8
2419200 -6.89615e+08 -5.10215e+08 53935.9
3110400 -7.93637e+08 -5.87114e+08 58370.3
3888000 -8.97383e+08 -6.63809e+08 62790.8
4752000 -1.0009e+09 -7.40334e+08 67199.7
5702400 -1.10422e+09 -8.16714e+08 71598.9
6739200 -1.20737e+09 -8.92972e+08 75989.7
7862400 -1.31039e+09 -9.69124e+08 80373.4
9072000 -1.41327e+09 -1.04519e+09 84751
10368000 -1.51606e+09 -1.12117e+09 89123.1
11750400 -1.61874e+09 -1.19708e+09 93490.5
13219200 -1.72134e+09 -1.27293e+09 97853.6
14774400 -1.82387e+09 -1.34872e+09 102213
16416000 -1.92633e+09 -1.42446e+09 106569
18144000 -2.02873e+09 -1.50016e+09 110922
19958400 -2.13107e+09 -1.57581e+09 115272
21859200 -2.23336e+09 -1.65143e+09 119620
23846400 -2.3356e+09 -1.72702e+09 123965
25920000 -2.4378e+09 -1.80257e+09 128309
28080000 -2.53996e+09 -1.87809e+09 132650
30326400 -2.64209e+09 -1.95359e+09 136990
32659200 -2.74418e+09 -2.02906e+09 141327
35078400 -2.84624e+09 -2.1045e+09 145664
37584000 -2.94827e+09 -2.17993e+09 149999
40176000 -3.05027e+09 -2.25533e+09 154332
42854400 -3.15225e+09 -2.33072e+09 158665
45619200 -3.2542e+09 -2.40609e+09 162996
48470400 -3.35613e+09 -2.48144e+09 167327
51408000 -3.45804e+09 -2.55678e+09 171657
54432000 -3.55993e+09 -2.6321e+09 175987
57542400 -3.6618e+09 -2.7074e+09 180316
60739200 -3.76365e+09 -2.7827e+09 184646
64022400 -3.86548e+09 -2.85798e+09 188974
67392000 -3.9673e+09 -2.93325e+09 193302
70848000 -4.0691e+09 -3.0085e+09 197629
74390400 -4.17089e+09 -3.08375e+09 201956
78019200 -4.27266e+09 -3.15898e+09 206281
81734400 -4.37442e+09 -3.23421e+09 210606
85536000 -4.47617e+09 -3.30943e+09 214931
89424000 -4.5779e+09 -3.38463e+09 219254
93398400 -4.67963e+09 -3.45983e+09 223577
97459200 -4.78134e+09 -3.53502e+09 227898
101606400 -4.88304e+09 -3.61021e+09 232219
105840000 -4.98473e+09 -3.68538e+09 236540
110160000 -5.08641e+09 -3.76055e+09 240859
114566400 -5.18808e+09 -3.83571e+09 245178
119059200 -5.28975e+09 -3.91086e+09 249495
123638400 -5.3914e+09 -3.98601e+09 253812
128304000 -5.49305e+09 -4.06115e+09 258129
133056000 -5.59468e+09 -4.13629e+09 262444
137894400 -5.69631e+09 -4.21142e+09 266759
142819200 -5.79793e+09 -4.28654e+09 271073
147830400 -5.89955e+09 -4.36166e+09 275387
152928000 -6.00116e+09 -4.43677e+09 279700
158112000 -6.10276e+09 -4.51188e+09 284012
163382400 -6.20435e+09 -4.58698e+09 288323
168739200 -6.30594e+09 -4.66208e+09 292634
174182400 -6.40752e+09 -4.73717e+09 296944
179712000 -6.50909e+09 -4.81226e+09 301254
185328000 -6.61066e+09 -4.88735e+09 305563
191030400 -6.71222e+09 -4.96243e+09 309872
196819200 -6.81378e+09 -5.0375e+09 314180
202694400 -6.91533e+09 -5.11258e+09 318487
208656000 -7.01688e+09 -5.18764e+09 322794
214704000 -7.11842e+09 -5.26271e+09 327100
220838400 -7.21996e+09 -5.33777e+09 331406
227059200 -7.32149e+09 -5.41283e+09 335711
233366400 -7.42302e+09 -5.48788e+09 340015
239760000 -7.52454e+09 -5.56293e+09 344320
246240000 -7.62606e+09 -5.63798e+09 348623
252806400 -7.72757e+09 -5.71303e+09 352927
259459200 -7.82908e+09 -5.78807e+09 357229
266198400 -7.93059e+09 -5.86311e+09 361532
273024000 -8.03209e+09 -5.93814e+09 365834
279936000 -8.13359e+09 -6.01317e+09 370135
286934400 -8.23509e+09 -6.0882e+09 374436
294019200 -8.33658e+09 -6.16323e+09 378737
301190400 -8.43806e+09 -6.23826e+09 383037
308448000 -8.53955e+09 -6.31328e+09 387337
315792000 -8.64103e+09 -6.3883e+09 391636
323222400 -8.7425e+09 -6.46331e+09 395935
330739200 -8.84398e+09 -6.53833e+09 400234
338342400 -8.94545e+09 -6.61334e+09 404532
346032000 -9.04692e+09 -6.68835e+09 408830
353808000 -9.14838e+09 -6.76336e+09 413127
361670400 -9.24984e+09 -6.83836e+09 417424
369619200 -9.3513e+09 -6.91337e+09 421721
377654400 -9.45275e+09 -6.98837e+09 426018
385776000 -9.55421e+09 -7.06337e+09 430314
393984000 -9.65566e+09 -7.13837e+09 434610
402278400 -9.7571e+09 -7.21336e+09 438905
410659200 -9.85855e+09 -7.28835e+09 443200
419126400 -9.95999e+09 -7.36334e+09 447495
427680000 -1.00614e+10 -7.43833e+09 451789
436320000 -1.01629e+10 -7.51332e+09 456084
445046400 -1.02643e+10 -7.58831e+09 460378
453859200 -1.03657e+10 -7.66329e+09 464671
462758400 -1.04672e+10 -7.73827e+09 468965
471744000 -1.05686e+10 -7.81325e+09 473258
480816000 -1.067e+10 -7.88823e+09 477550
489974400 -1.07714e+10 -7.96321e+09 481843
499219200 -1.08729e+10 -8.03819e+09 486135
508550400 -1.09743e+10 -8.11316e+09 490427
517968000 -1.10757e+10 -8.18813e+09 494719
527472000 -1.11771e+10 -8.2631e+09 499010
537062400 -1.12785e+10 -8.33807e+09 503302
546739200 -1.13799e+10 -8.41304e+09 507592
556502400 -1.14813e+10 -8.48801e+09 511883
566352000 -1.15827e+10 -8.56297e+09 516174
576288000 -1.16842e+10 -8.63794e+09 520464
586310400 -1.17856e+10 -8.7129e+09 524754
596419200 -1.1887e+10 -8.78786e+09 529044
606614400 -1.19884e+10 -8.86282e+09 533333
616896000 -1.20898e+10 -8.93778e+09 537622
627264000 -1.21911e+10 -9.01274e+09 541912
637718400 -1.22925e+10 -9.08769e+09 546200
648259200 -1.23939e+10 -9.16265e+09 550489
658886400 -1.24953e+10 -9.2376e+09 554778
669600000 -1.25967e+10 -9.31255e+09 559066
680400000 -1.26981e+10 -9.38751e+09 563354
691286400 -1.27995e+10 -9.46246e+09 567642
702259200 -1.29009e+10 -9.53741e+09 571929
713318400 -1.30023e+10 -9.61235e+09 576217
724464000 -1.31036e+10 -9.6873e+09 580504
735696000 -1.3205e+10 -9.76225e+09 584791
747014400 -1.33064e+10 -9.83719e+09 589078
758419200 -1.34078e+10 -9.91213e+09 593365
769910400 -1.35091e+10 -9.98708e+09 597651
781488000 -1.36105e+10 -1.0062e+10 601937
793152000 -1.37119e+10 -1.0137e+10 606223
804902400 -1.38133e+10 -1.02119e+10 610509
816739200 -1.39146e+10 -1.02868e+10 614795
828662400 -1.4016e+10 -1.03618e+10 619081
840672000 -1.41174e+10 -1.04367e+10 623366
852768000 -1.42187e+10 -1.05116e+10 627652
864950400 -1.43201e+10 -1.05866e+10 631937
877219200 -1.44215e+10 -1.06615e+10 636222
889574400 -1.45228e+10 -1.07364e+10 640506
902016000 -1.46242e+10 -1.08114e+10 644791
914544000 -1.47256e+10 -1.08863e+10 649075
927158400 -1.48269e+10 -1.09612e+10 653360
939859200 -1.49283e+10 -1.10362e+10 657644
952646400 -1.50296e+10 -1.11111e+10 661928
965520000 -1.5131e+10 -1.1186e+10 666212
978480000 -1.52323e+10 -1.1261e+10 670496
991526400 -1.53337e+10 -1.13359e+10 674779
1004659200 -1.5435e+10 -1.14108e+10 679063
1017878400 -1.55364e+10 -1.14857e+10 683346
1031184000 -1.56377e+10 -1.15607e+10 687629
1044576000 -1.57391e+10 -1.16356e+10 691912
1058054400 -1.58404e+10 -1.17105e+10 696195
1071619200 -1.59418e+10 -1.17854e+10 700478
1085270400 -1.60431e+10 -1.18603e+10 704760
1099008000 -1.61445e+10 -1.19353e+10 709043
1112832000 -1.62458e+10 -1.20102e+10 713325
1126742400 -1.63472e+10 -1.20851e+10 717607
1140739200 -1.64485e+10 -1.216e+10 721889
1154822400 -1.65499e+10 -1.22349e+10 726171
1168992000 -1.66512e+10 -1.23099e+10 730453
1183248000 -1.67525e+10 -1.23848e+10 734735
1197590400 -1.68539e+10 -1.24597e+10 739016
1212019200 -1.69552e+10 -1.25346e+10 743298
1226534400 -1.70565e+10 -1.26095e+10 747579
1241136000 -1.71579e+10 -1.26844e+10 751860
1255824000 -1.72592e+10 -1.27593e+10 756141
1270598400 -1.73606e+10 -1.28343e+10 760422
1285459200 -1.74619e+10 -1.29092e+10 764703
1300406400 -1.75632e+10 -1.29841e+10 768984
1315440000 -1.76645e+10 -1.3059e+10 773265
1330560000 -1.77659e+10 -1.31339e+10 777545
1345766400 -1.78672e+10 -1.32088e+10 781826
1361059200 -1.79685e+10 -1.32837e+10 786106
1376438400 -1.80699e+10 -1.33586e+10 790386
1391904000 -1.81712e+10 -1.34335e+10 794666
1407456000 -1.82725e+10 -1.35084e+10 798946
1423094400 -1.83738e+10 -1.35833e+10 803226
1438819200 -1.84752e+10 -1.36582e+10 807506
1454630400 -1.85765e+10 -1.37332e+10 811786
1470528000 -1.86778e+10 -1.38081e+10 816065
1486512000 -1.87791e+10 -1.3883e+10 820345
1502582400 -1.88805e+10 -1.39579e+10 824624
1518739200 -1.89818e+10 -1.40328e+10 828903
1534982400 -1.90831e+10 -1.41077e+10 833182
1551312000 -1.91844e+10 -1.41826e+10 837462
1567728000 -1.92858e+10 -1.42575e+10 841741
1584230400 -1.93871e+10 -1.43324e+10 846019
1600819200 -1.94884e+10 -1.44073e+10 850298
1617494400 -1.95897e+10 -1.44822e+10 854577
1634256000 -1.9691e+10 -1.45571e+10 858856
1651104000 -1.97923e+10 -1.4632e+10 863134
1668038400 -1.98937e+10 -1.47069e+10 867413
1685059200 -1.9995e+10 -1.47818e+10 871691
1702166400 -2.00963e+10 -1.48567e+10 875969
1719360000 -2.01976e+10 -1.49316e+10 880247
1736640000 -2.02989e+10 -1.50065e+10 884525
1754006400 -2.04002e+10 -1.50814e+10 888803
1771459200 -2.05015e+10 -1.51563e+10 893081
1788998400 -2.06029e+10 -1.52312e+10 897359
1806624000 -2.07042e+10 -1.5306e+10 901637
1824336000 -2.08055e+10 -1.53809e+10 905915
1842134400 -2.09068e+10 -1.54558e+10 910192
1860019200 -2.10081e+10 -1.55307e+10 914470
1877990400 -2.11094e+10 -1.56056e+10 918747
1896048000 -2.12107e+10 -1.56805e+10 923025
1914192000 -2.1312e+10 -1.57554e+10 927302
1932422400 -2.14133e+10 -1.58303e+10 931579
1950739200 -2.15146e+10 -1.59052e+10 935856
1969142400 -2.16159e+10 -1.59801e+10 940133
1987632000 -2.17172e+10 -1.6055e+10 944410
2006208000 -2.18185e+10 -1.61299e+10 948687
2024870400 -2.19198e+10 -1.62048e+10 952964
2043619200 -2.20212e+10 -1.62796e+10 957241
2062454400 -2.21225e+10 -1.63545e+10 961517
2081376000 -2.22238e+10 -1.64294e+10 965794
2100384000 -2.23251e+10 -1.65043e+10 970070
2119478400 -2.24264e+10 -1.65792e+10 974347
2138659200 -2.25277e+10 -1.66541e+10 978623
2157926400 -2.2629e+10 -1.6729e+10 982900
2177280000 -2.27303e+10 -1.68039e+10 987176
2196720000 -2.28316e+10 -1.68787e+10 991452
2216246400 -2.29329e+10 -1.69536e+10 995728
2235859200 -2.30342e+10 -1.70285e+10 1e+06
2255558400 -2.31355e+10 -1.71034e+10 1.00428e+06
2275344000 -2.32368e+10 -1.71783e+10 1.00856e+06
2295216000 -2.33381e+10 -1.72532e+10 1.01283e+06
2315174400 -2.34393e+10 -1.73281e+10 1.01711e+06
2335219200 -2.35406e+10 -1.74029e+10 1.02138e+06
2355350400 -2.36419e+10 -1.74778e+10 1.02566e+06
2375568000 -2.37432e+10 -1.75527e+10 1.02993e+06
2395872000 -2.38445e+10 -1.76276e+10 1.03421e+06
2416262400 -2.39458e+10 -1.77025e+10 1.03849e+06
2436739200 -2.40471e+10 -1.77774e+10 1.04276e+06
2457302400 -2.41484e+10 -1.78522e+10 1.04704e+06
2477952000 -2.42497e+10 -1.79271e+10 1.05131e+06
2498688000 -2.4351e+10 -1.8002e+10 1.05559e+06
2519510400 -2.44523e+10 -1.80769e+10 1.05986e+06
2540419200 -2.45536e+10 -1.81518e+10 1.06414e+06
2561414400 -2.46549e+10 -1.82266e+10 1.06841e+06
2582496000 -2.47562e+10 -1.83015e+10 1.07269e+06
2603664000 -2.48575e+10 -1.83764e+10 1.07696e+06
2624918400 -2.49587e+10 -1.84513e+10 1.08124e+06
2646259200 -2.506e+10 -1.85262e+10 1.08551e+06
2667686400 -2.51613e+10 -1.8601e+10 1.08979e+06
2689200000 -2.52626e+10 -1.86759e+10 1.09406e+06
2710800000 -2.53639e+10 -1.87508e+10 1.09834e+06
2732486400 -2.54652e+10 -1.88257e+10 1.10261e+06
2754259200 -2.55665e+10 -1.89006e+10 1.10688e+06
2776118400 -2.56678e+10 -1.89754e+10 1.11116e+06
2798064000 -2.57691e+10 -1.90503e+10 1.11543e+06
2820096000 -2.58703e+10 -1.91252e+10 1.11971e+06
2842214400 -2.59716e+10 -1.92001e+10 1.12398e+06
2864419200 -2.60729e+10 -1.92749e+10 1.12826e+06
2886710400 -2.61742e+10 -1.93498e+10 1.13253e+06
2909088000 -2.62755e+10 -1.94247e+10 1.1368e+06
2931552000 -2.63768e+10 -1.94996e+10 1.14108e+06
2954102400 -2.64781e+10 -1.95744e+10 1.14535e+06
2976739200 -2.65793e+10 -1.96493e+10 1.14963e+06
2999462400 -2.66806e+10 -1.97242e+10 1.1539e+06
3022272000 -2.67819e+10 -1.97991e+10 1.15817e+06
3045168000 -2.68832e+10 -1.98739e+10 1.16245e+06
3068150400 -2.69845e+10 -1.99488e+10 1.16672e+06
3091219200 -2.70857e+10 -2.00237e+10 1.171e+06
3114374400 -2.7187e+10 -2.00986e+10 1.17527e+06
3137616000 -2.72883e+10 -2.01734e+10 1.17954e+06
3160944000 -2.73896e+10 -2.02483e+10 1.18382e+06
3184358400 -2.74909e+10 -2.03232e+10 1.18809e+06
3207859200 -2.75922e+10 -2.03981e+10 1.19236e+06
3231446400 -2.76934e+10 -2.04729e+10 1.19664e+06
3255120000 -2.77947e+10 -2.05478e+10 1.20091e+06
3278880000 -2.7896e+10 -2.06227e+10 1.20518e+06
3302726400 -2.79973e+10 -2.06975e+10 1.20946e+06
3326659200 -2.80986e+10 -2.07724e+10 1.21373e+06
3350678400 -2.81998e+10 -2.08473e+10 1.218e+06
3374784000 -2.83011e+10 -2.09222e+10 1.22228e+06
3398976000 -2.84024e+10 -2.0997e+10 1.22655e+06
3423254400 -2.85037e+10 -2.10719e+10 1.23082e+06
3447619200 -2.86049e+10 -2.11468e+10 1.2351e+06
3472070400 -2.87062e+10 -2.12216e+10 1.23937e+06
3496608000 -2.88075e+10 -2.12965e+10 1.24364e+06
3521232000 -2.89088e+10 -2.13714e+10 1.24791e+06
3545942400 -2.901e+10 -2.14463e+10 1.25219e+06
3570739200 -2.91113e+10 -2.15211e+10 1.25646e+06
3595622400 -2.92126e+10 -2.1596e+10 1.26073e+06
3620592000 -2.93139e+10 -2.16709e+10 1.265e+06
3645648000 -2.94151e+10 -2.17457e+10 1.26928e+06
3670790400 -2.95164e+10 -2.18206e+10 1.27355e+06
3696019200 -2.96177e+10 -2.18955e+10 1.27782e+06
3721334400 -2.9719e+10 -2.19703e+10 1.2821e+06
3746736000 -2.98202e+10 -2.20452e+10 1.28637e+06
3772224000 -2.99215e+10 -2.21201e+10 1.29064e+06
3797798400 -3.00228e+10 -2.21949e+10 1.29491e+06
3823459200 -3.01241e+10 -2.22698e+10 1.29918e+06
3849206400 -3.02253e+10 -2.23447e+10 1.30346e+06
3875040000 -3.03266e+10 -2.24195e+10 1.30773e+06
3900960000 -3.04279e+10 -2.24944e+10 1.312e+06
3926966400 -3.05292e+10 -2.25693e+10 1.31627e+06
3953059200 -3.06304e+10 -2.26441e+10 1.32055e+06
3979238400 -3.07317e+10 -2.2719e+10 1.32482e+06
4005504000 -3.0833e+10 -2.27939e+10 1.32909e+06
4031856000 -3.09342e+10 -2.28687e+10 1.33336e+06
4058294400 -3.10355e+10 -2.29436e+10 1.33763e+06
4084819200 -3.11368e+10 -2.30185e+10 1.34191e+06
4111430400 -3.1238e+10 -2.30933e+10 1.34618e+06
4138128000 -3.13393e+10 -2.31682e+10 1.35045e+06
4164912000 -3.14406e+10 -2.32431e+10 1.35472e+06
4191782400 -3.15419e+10 -2.33179e+10 1.35899e+06
4218739200 -3.16431e+10 -2.33928e+10 1.36327e+06
4245782400 -3.17444e+10 -2.34676e+10 1.36754e+06
4272912000 -3.18457e+10 -2.35425e+10 1.37181e+06
4300128000 -3.19469e+10 -2.36174e+10 1.37608e+06
4327430400 -3.20482e+10 -2.36922e+10 1.38035e+06
4354819200 -3.21495e+10 -2.37671e+10 1.38462e+06
4382294400 -3.22507e+10 -2.3842e+10 1.3889e+06
4409856000 -3.2352e+10 -2.39168e+10 1.39317e+06
4437504000 -3.24533e+10 -2.39917e+10 1.39744e+06
4465238400 -3.25545e+10 -2.40665e+10 1.40171e+06
4493059200 -3.26558e+10 -2.41414e+10 1.40598e+06
4520966400 -3.27571e+10 -2.42163e+10 1.41025e+06
4548960000 -3.28583e+10 -2.42911e+10 1.41452e+06
4577040000 -3.29596e+10 -2.4366e+10 1.4188e+06
4605206400 -3.30609e+10 -2.44409e+10 1.42307e+06
4633459200 -3.31621e+10 -2.45157e+10 1.42734e+06
4661798400 -3.32634e+10 -2.45906e+10 1.43161e+06
4690224000 -3.33647e+10 -2.46654e+10 1.43588e+06
4718736000 -3.34659e+10 -2.47403e+10 1.44015e+06
4747334400 -3.35672e+10 -2.48152e+10 1.44442e+06
4776019200 -3.36684e+10 -2.489e+10 1.44869e+06
4804790400 -3.37697e+10 -2.49649e+10 1.45296e+06
4833648000 -3.3871e+10 -2.50397e+10 1.45724e+06
4862592000 -3.39722e+10 -2.51146e+10 1.46151e+06
4891622400 -3.40735e+10 -2.51895e+10 1.46578e+06
4920739200 -3.41748e+10 -2.52643e+10 1.47005e+06
4949942400 -3.4276e+10 -2.53392e+10 1.47432e+06
4979232000 -3.43773e+10 -2.5414e+10 1.47859e+06
5008608000 -3.44786e+10 -2.54889e+10 1.48286e+06
5038070400 -3.45798e+10 -2.55638e+10 1.48713e+06
5067619200 -3.46811e+10 -2.56386e+10 1.4914e+06
5097254400 -3.47823e+10 -2.57135e+10 1.49567e+06
5126976000 -3.48836e+10 -2.57883e+10 1.49994e+06
5156784000 -3.49849e+10 -2.58632e+10 1.50421e+06
5186678400 -3.50861e+10 -2.59381e+10 1.50849e+06
5216659200 -3.51874e+10 -2.60129e+10 1.51276e+06
5246726400 -3.52886e+10 -2.60878e+10 1.51703e+06
5276880000 -3.53899e+10 -2.61626e+10 1.5213e+06
5307120000 -3.54912e+10 -2.62375e+10 1.52557e+06
5337446400 -3.55924e+10 -2.63123e+10 1.52984e+06
5367859200 -3.56937e+10 -2.63872e+10 1.53411e+06
5398358400 -3.57949e+10 -2.64621e+10 1.53838e+06
5428944000 -3.58962e+10 -2.65369e+10 1.54265e+06
5459616000 -3.59975e+10 -2.66118e+10 1.54692e+06
5490374400 -3.60987e+10 -2.66866e+10 1.55119e+06
5521219200 -3.62e+10 -2.67615e+10 1.55546e+06
5552150400 -3.63012e+10 -2.68363e+10 1.55973e+06
5583168000 -3.64025e+10 -2.69112e+10 1.564e+06
5614272000 -3.65038e+10 -2.6986e+10 1.56827e+06
5645462400 -3.6605e+10 -2.70609e+10 1.57254e+06
5676739200 -3.67063e+10 -2.71358e+10 1.57681e+06
5708102400 -3.68075e+10 -2.72106e+10 1.58108e+06
5739552000 -3.69088e+10 -2.72855e+10 1.58535e+06
5771088000 -3.701e+10 -2.73603e+10 1.58962e+06
5802710400 -3.71113e+10 -2.74352e+10 1.59389e+06
5834419200 -3.72126e+10 -2.751e+10 1.59816e+06
5866214400 -3.73138e+10 -2.75849e+10 1.60243e+06
5898096000 -3.74151e+10 -2.76597e+10 1.6067e+06
5930064000 -3.75163e+10 -2.77346e+10 1.61097e+06
5962118400 -3.76176e+10 -2.78095e+10 1.61524e+06
5994259200 -3.77188e+10 -2.78843e+10 1.61951e+06
6026486400 -3.78201e+10 -2.79592e+10 1.62378e+06
6058800000 -3.79213e+10 -2.8034e+10 1.62805e+06
6091200000 -3.80226e+10 -2.81089e+10 1.63232e+06
6123686400 -3.81239e+10 -2.81837e+10 1.63659e+06
6156259200 -3.82251e+10 -2.82586e+10 1.64086e+06
6188918400 -3.83264e+10 -2.83334e+10 1.64513e+06
6221664000 -3.84276e+10 -2.84083e+10 1.6494e+06
6254496000 -3.85289e+10 -2.84831e+10 1.65367e+06
6287414400 -3.86301e+10 -2.8558e+10 1.65794e+06
6320419200 -3.87314e+10 -2.86329e+10 1.66221e+06
6353510400 -3.88326e+10 -2.87077e+10 1.66648e+06
6386688000 -3.89339e+10 -2.87826e+10 1.67075e+06
6419952000 -3.90351e+10 -2.88574e+10 1.67502e+06
6453302400 -3.91364e+10 -2.89323e+10 1.67929e+06
6486739200 -3.92377e+10 -2.90071e+10 1.68356e+06
6520262400 -3.93389e+10 -2.9082e+10 1.68783e+06
6553872000 -3.94402e+10 -2.91568e+10 1.6921e+06
6587568000 -3.95414e+10 -2.92317e+10 1.69637e+06
6621350400 -3.96427e+10 -2.93065e+10 1.70064e+06
6655219200 -3.97439e+10 -2.93814e+10 1.7049e+06
6689174400 -3.98452e+10 -2.94562e+10 1.70917e+06
6723216000 -3.99464e+10 -2.95311e+10 1.71344e+06
6757344000 -4.00477e+10 -2.96059e+10 1.71771e+06
6791558400 -4.01489e+10 -2.96808e+10 1.72198e+06
6825859200 -4.02502e+10 -2.97556e+10 1.72625e+06
6860246400 -4.03514e+10 -2.98305e+10 1.73052e+06
6894720000 -4.04527e+10 -2.99053e+10 1.73479e+06
6929280000 -4.05539e+10 -2.99802e+10 1.73906e+06
6963926400 -4.06552e+10 -3.0055e+10 1.74333e+06
6998659200 -4.07564e+10 -3.01299e+10 1.7476e+06
7033478400 -4.08577e+10 -3.02047e+10 1.75187e+06
7068384000 -4.09589e+10 -3.02796e+10 1.75614e+06
7103376000 -4.10602e+10 -3.03544e+10 1.7604e+06
7138454400 -4.11614e+10 -3.04293e+10 1.76467e+06
7173619200 -4.12627e+10 -3.05041e+10 1.76894e+06
7208870400 -4.13639e+10 -3.0579e+10 1.77321e+06
7244208000 -4.14652e+10 -3.06538e+10 1.77748e+06
7279632000 -4.15664e+10 -3.07287e+10 1.78175e+06
7315142400 -4.16677e+10 -3.08035e+10 1.78602e+06
7350739200 -4.17689e+10 -3.08784e+10 1.79029e+06
7386422400 -4.18702e+10 -3.09532e+10 1.79456e+06
7422192000 -4.19714e+10 -3.10281e+10 1.79883e+06
7458048000 -4.20727e+10 -3.11029e+10 1.80309e+06
7493990400 -4.21739e+10 -3.11778e+10 1.80736e+06
7530019200 -4.22752e+10 -3.12526e+10 1.81163e+06
7566134400 -4.23764e+10 -3.13275e+10 1.8159e+06
7602336000 -4.24777e+10 -3.14023e+10 1.82017e+06
7638624000 -4.25789e+10 -3.14772e+10 1.82444e+06
7674998400 -4.26802e+10 -3.1552e+10 1.82871e+06
7711459200 -4.27814e+10 -3.16269e+10 1.83298e+06
7748006400 -4.28827e+10 -3.17017e+10 1.83724e+06
7784640000 -4.29839e+10 -3.17766e+10 1.84151e+06
7821360000 -4.30852e+10 -3.18514e+10 1.84578e+06
7858166400 -4.31864e+10 -3.19263e+10 1.85005e+06
7895059200 -4.32877e+10 -3.20011e+10 1.85432e+06
7932038400 -4.33889e+10 -3.2076e+10 1.85859e+06
7969104000 -4.34902e+10 -3.21508e+10 1.86286e+06
8006256000 -4.35914e+10 -3.22257e+10 1.86713e+06
8043494400 -4.36926e+10 -3.23005e+10 1.87139e+06
8080819200 -4.37939e+10 -3.23754e+10 1.87566e+06
8118230400 -4.38951e+10 -3.24502e+10 1.87993e+06
8155728000 -4.39964e+10 -3.25251e+10 1.8842e+06
8193312000 -4.40976e+10 -3.25999e+10 1.88847e+06
8230982400 -4.41989e+10 -3.26748e+10 1.89274e+06
8268739200 -4.43001e+10 -3.27496e+10 1.897e+06
8306582400 -4.44014e+10 -3.28245e+10 1.90127e+06
8344512000 -4.45026e+10 -3.28993e+10 1.90554e+06
8382528000 -4.46039e+10 -3.29741e+10 1.90981e+06
8420630400 -4.47051e+10 -3.3049e+10 1.91408e+06
8458819200 -4.48064e+10 -3.31238e+10 1.91835e+06
8497094400 -4.49076e+10 -3.31987e+10 1.92261e+06
8535456000 -4.50088e+10 -3.32735e+10 1.92688e+06
8573904000 -4.51101e+10 -3.33484e+10 1.93115e+06
8612438400 -4.52113e+10 -3.34232e+10 1.93542e+06
8651059200 -4.53126e+10 -3.34981e+10 1.93969e+06
8689766400 -4.54138e+10 -3.35729e+10 1.94396e+06
8728560000 -4.55151e+10 -3.36478e+10 1.94822e+06
8767440000 -4.56163e+10 -3.37226e+10 1.95249e+06
8806406400 -4.57176e+10 -3.37975e+10 1.95676e+06
8845459200 -4.58188e+10 -3.38723e+10 1.96103e+06
8884598400 -4.592e+10 -3.39471e+10 1.9653e+06
8923824000 -4.60213e+10 -3.4022e+10 1.96956e+06
8963136000 -4.61225e+10 -3.40968e+10 1.97383e+06
9002534400 -4.62238e+10 -3.41717e+10 1.9781e+06
9042019200 -4.6325e+10 -3.42465e+10 1.98237e+06
9081590400 -4.64263e+10 -3.43214e+10 1.98664e+06
9121248000 -4.65275e+10 -3.43962e+10 1.9909e+06
9160992000 -4.66287e+10 -3.44711e+10 1.99517e+06
9200822400 -4.673e+10 -3.45459e+10 1.99944e+06
9240739200 -4.68312e+10 -3.46208e+10 2.00371e+06
9280742400 -4.69325e+10 -3.46956e+10 2.00798e+06
9320832000 -4.70337e+10 -3.47704e+10 2.01224e+06
9361008000 -4.7135e+10 -3.48453e+10 2.01651e+06
9401270400 -4.72362e+10 -3.49201e+10 2.02078e+06
9441619200 -4.73374e+10 -3.4995e+10 2.02505e+06
9482054400 -4.74387e+10 -3.50698e+10 2.02932e+06
9522576000 -4.75399e+10 -3.51447e+10 2.03358e+06
9563184000 -4.76412e+10 -3.52195e+10 2.03785e+06
9603878400 -4.77424e+10 -3.52944e+10 2.04212e+06
9644659200 -4.78437e+10 -3.53692e+10 2.04639e+06
9685526400 -4.79449e+10 -3.5444e+10 2.05065e+06
9726480000 -4.80461e+10 -3.55189e+10 2.05492e+06
9767520000 -4.81474e+10 -3.55937e+10 2.05919e+06
9808646400 -4.82486e+10 -3.56686e+10 2.06346e+06
9849859200 -4.83499e+10 -3.57434e+10 2.06773e+06
9891158400 -4.84511e+10 -3.58183e+10 2.07199e+06
9932544000 -4.85523e+10 -3.58931e+10 2.07626e+06
9974016000 -4.86536e+10 -3.59679e+10 2.08053e+06
10015574400 -4.87548e+10 -3.60428e+10 2.0848e+06
10057219200 -4.88561e+10 -3.61176e+10 2.08906e+06
10098950400 -4.89573e+10 -3.61925e+10 2.09333e+06
10140768000 -4.90585e+10 -3.62673e+10 2.0976e+06
10182672000 -4.91598e+10 -3.63422e+10 2.10187e+06
10224662400 -4.9261e+10 -3.6417e+10 2.10613e+06
10266739200 -4.93623e+10 -3.64919e+10 2.1104e+06
10308902400 -4.94635e+10 -3.65667e+10 2.11467e+06
10351152000 -4.95647e+10 -3.66415e+10 2.11894e+06
10393488000 -4.9666e+10 -3.67164e+10 2.1232e+06
10435910400 -4.97672e+10 -3.67912e+10 2.12747e+06
10478419200 -4.98685e+10 -3.68661e+10 2.13174e+06
10521014400 -4.99697e+10 -3.69409e+10 2.13601e+06
10563696000 -5.00709e+10 -3.70157e+10 2.14027e+06
10606464000 -5.01722e+10 -3.70906e+10 2.14454e+06
10649318400 -5.02734e+10 -3.71654e+10 2.14881e+06
10692259200 -5.03747e+10 -3.72403e+10 2.15308e+06
10735286400 -5.04759e+10 -3.73151e+10 2.15734e+06
10778400000 -5.05771e+10 -3.739e+10 2.16161e+06
10821600000 -5.06784e+10 -3.74648e+10 2.16588e+06
10864886400 -5.07796e+10 -3.75396e+10 2.17014e+06
10908259200 -5.08809e+10 -3.76145e+10 2.17441e+06
10951718400 -5.09821e+10 -3.76893e+10 2.17868e+06
10995264000 -5.10833e+10 -3.77642e+10 2.18295e+06
11038896000 -5.11846e+10 -3.7839e+10 2.18721e+06
11082614400 -5.12858e+10 -3.79139e+10 2.19148e+06
11126419200 -5.1387e+10 -3.79887e+10 2.19575e+06
11170310400 -5.14883e+10 -3.80635e+10 2.20002e+06
11214288000 -5.15895e+10 -3.81384e+10 2.20428e+06
11258352000 -5.16908e+10 -3.82132e+10 2.20855e+06
11302502400 -5.1792e+10 -3.82881e+10 2.21282e+06
11346739200 -5.18932e+10 -3.83629e+10 2.21708e+06
11391062400 -5.19945e+10 -3.84377e+10 2.22135e+06
11435472000 -5.20957e+10 -3.85126e+10 2.22562e+06
11479968000 -5.21969e+10 -3.85874e+10 2.22989e+06
11524550400 -5.22982e+10 -3.86623e+10 2.23415e+06
11569219200 -5.23994e+10 -3.87371e+10 2.23842e+06
11613974400 -5.25007e+10 -3.88119e+10 2.24269e+06
11658816000 -5.26019e+10 -3.88868e+10 2.24695e+06
11703744000 -5.27031e+10 -3.89616e+10 2.25122e+06
11748758400 -5.28044e+10 -3.90365e+10 2.25549e+06
11793859200 -5.29056e+10 -3.91113e+10 2.25975e+06
11839046400 -5.30068e+10 -3.91861e+10 2.26402e+06
11884320000 -5.31081e+10 -3.9261e+10 2.26829e+06
11929680000 -5.32093e+10 -3.93358e+10 2.27256e+06
11975126400 -5.33106e+10 -3.94107e+10 2.27682e+06
12020659200 -5.34118e+10 -3.94855e+10 2.28109e+06
12066278400 -5.3513e+10 -3.95603e+10 2.28536e+06
12111984000 -5.36143e+10 -3.96352e+10 2.28962e+06
12157776000 -5.37155e+10 -3.971e+10 2.29389e+06
12203654400 -5.38167e+10 -3.97849e+10 2.29816e+06
12249619200 -5.3918e+10 -3.98597e+10 2.30242e+06
12295670400 -5.40192e+10 -3.99345e+10 2.30669e+06
12341808000 -5.41204e+10 -4.00094e+10 2.31096e+06
12388032000 -5.42217e+10 -4.00842e+10 2.31522e+06
12434342400 -5.43229e+10 -4.01591e+10 2.31949e+06
12480739200 -5.44241e+10 -4.02339e+10 2.32376e+06
12527222400 -5.45254e+10 -4.03087e+10 2.32802e+06
12573792000 -5.46266e+10 -4.03836e+10 2.33229e+06
12620448000 -5.47278e+10 -4.04584e+10 2.33656e+06
12667190400 -5.48291e+10 -4.05333e+10 2.34083e+06
12714019200 -5.49303e+10 -4.06081e+10 2.34509e+06
12760934400 -5.50316e+10 -4.06829e+10 2.34936e+06
12807936000 -5.51328e+10 -4.07578e+10 2.35363e+06
12855024000 -5.5234e+10 -4.08326e+10 2.35789e+06
12902198400 -5.53353e+10 -4.09075e+10 2.36216e+06
12949459200 -5.54365e+10 -4.09823e+10 2.36643e+06
12996806400 -5.55377e+10 -4.10571e+10 2.37069e+06
13044240000 -5.5639e+10 -4.1132e+10 2.37496e+06
13091760000 -5.57402e+10 -4.12068e+10 2.37923e+06
13139366400 -5.58414e+10 -4.12817e+10 2.38349e+06
13187059200 -5.59427e+10 -4.13565e+10 2.38776e+06
13234838400 -5.60439e+10 -4.14313e+10 2.39203e+06
13282704000 -5.61451e+10 -4.15062e+10 2.39629e+06
13330656000 -5.62464e+10 -4.1581e+10 2.40056e+06
13378694400 -5.63476e+10 -4.16558e+10 2.40482e+06
13426819200 -5.64488e+10 -4.17307e+10 2.40909e+06
13475030400 -5.65501e+10 -4.18055e+10 2.41336e+06
13523328000 -5.66513e+10 -4.18804e+10 2.41762e+06
13571712000 -5.67525e+10 -4.19552e+10 2.42189e+06
13620182400 -5.68538e+10 -4.203e+10 2.42616e+06
13668739200 -5.6955e+10 -4.21049e+10 2.43042e+06
13717382400 -5.70562e+10 -4.21797e+10 2.43469e+06
13766112000 -5.71575e+10 -4.22545e+10 2.43896e+06
13814928000 -5.72587e+10 -4.23294e+10 2.44322e+06
13863830400 -5.73599e+10 -4.24042e+10 2.44749e+06
13912819200 -5.74612e+10 -4.24791e+10 2.45176e+06
13961894400 -5.75624e+10 -4.25539e+10 2.45602e+06
14011056000 -5.76636e+10 -4.26287e+10 2.46029e+06
14060304000 -5.77649e+10 -4.27036e+10 2.46456e+06
14109638400 -5.78661e+10 -4.27784e+10 2.46882e+06
14159059200 -5.79673e+10 -4.28532e+10 2.47309e+06
14208566400 -5.80686e+10 -4.29281e+10 2.47735e+06
14258160000 -5.81698e+10 -4.30029e+10 2.48162e+06
14307840000 -5.8271e+10 -4.30778e+10 2.48589e+06
14357606400 -5.83723e+10 -4.31526e+10 2.49015e+06
14407459200 -5.84735e+10 -4.32274e+10 2.49442e+06
14457398400 -5.85747e+10 -4.33023e+10 2.49869e+06
14507424000 -5.8676e+10 -4.33771e+10 2.50295e+06
14557536000 -5.87772e+10 -4.34519e+10 2.50722e+06
14607734400 -5.88784e+10 -4.35268e+10 2.51149e+06
14658019200 -5.89796e+10 -4.36016e+10 2.51575e+06
14708390400 -5.90809e+10 -4.36765e+10 2.52002e+06
14758848000 -5.91821e+10 -4.37513e+10 2.52428e+06
14809392000 -5.92833e+10 -4.38261e+10 2.52855e+06
14860022400 -5.93846e+10 -4.3901e+10 2.53282e+06
14910739200 -5.94858e+10 -4.39758e+10 2.53708e+06
14961542400 -5.9587e+10 -4.40506e+10 2.54135e+06
15012432000 -5.96883e+10 -4.41255e+10 2.54562e+06
15063408000 -5.97895e+10 -4.42003e+10 2.54988e+06
15114470400 -5.98907e+10 -4.42751e+10 2.55415e+06
15165619200 -5.9992e+10 -4.435e+10 2.55841e+06
15216854400 -6.00932e+10 -4.44248e+10 2.56268e+06
15268176000 -6.01944e+10 -4.44997e+10 2.56695e+06
15319584000 -6.02957e+10 -4.45745e+10 2.57121e+06
15371078400 -6.03969e+10 -4.46493e+10 2.57548e+06
15422659200 -6.04981e+10 -4.47242e+10 2.57974e+06
15474326400 -6.05993e+10 -4.4799e+10 2.58401e+06
15526080000 -6.07006e+10 -4.48738e+10 2.58828e+06
15577920000 -6.08018e+10 -4.49487e+10 2.59254e+06
15629846400 -6.0903e+10 -4.50235e+10 2.59681e+06
15681859200 -6.10043e+10 -4.50983e+10 2.60108e+06
15733958400 -6.11055e+10 -4.51732e+10 2.60534e+06
15786144000 -6.12067e+10 -4.5248e+10 2.60961e+06
15838416000 -6.1308e+10 -4.53228e+10 2.61387e+06
15890774400 -6.14092e+10 -4.53977e+10 2.61814e+06
15943219200 -6.15104e+10 -4.54725e+10 2.62241e+06
15995750400 -6.16116e+10 -4.55474e+10 2.62667e+06
16048368000 -6.17129e+10 -4.56222e+10 2.63094e+06
16101072000 -6.18141e+10 -4.5697e+10 2.6352e+06
16153862400 -6.19153e+10 -4.57719e+10 2.63947e+06
16206739200 -6.20166e+10 -4.58467e+10 2.64374e+06
16259702400 -6.21178e+10 -4.59215e+10 2.648e+06
16312752000 -6.2219e+10 -4.59964e+10 2.65227e+06
16365888000 -6.23203e+10 -4.60712e+10 2.65653e+06
16419110400 -6.24215e+10 -4.6146e+10 2.6608e+06
16472419200 -6.25227e+10 -4.62209e+10 2.66506e+06
16525814400 -6.26239e+10 -4.62957e+10 2.66933e+06
16579296000 -6.27252e+10 -4.63705e+10 2.6736e+06
16632864000 -6.28264e+10 -4.64454e+10 2.67786e+06
16686518400 -6.29276e+10 -4.65202e+10 2.68213e+06
16740259200 -6.30289e+10 -4.6595e+10 2.68639e+06
16794086400 -6.31301e+10 -4.66699e+10 2.69066e+06
16848000000 -6.32313e+10 -4.67447e+10 2.69493e+06
16902000000 -6.33325e+10 -4.68195e+10 2.69919e+06
16956086400 -6.34338e+10 -4.68944e+10 2.70346e+06
17010259200 -6.3535e+10 -4.69692e+10 2.70772e+06
17064518400 -6.36362e+10 -4.70441e+10 2.71199e+06
17118864000 -6.37375e+10 -4.71189e+10 2.71626e+06
17173296000 -6.38387e+10 -4.71937e+10 2.72052e+06
17227814400 -6.39399e+10 -4.72686e+10 2.72479e+06
17282419200 -6.40411e+10 -4.73434e+10 2.72905e+06
17337110400 -6.41424e+10 -4.74182e+10 2.73332e+06
17391888000 -6.42436e+10 -4.74931e+10 2.73758e+06
17446752000 -6.43448e+10 -4.75679e+10 2.74185e+06
17501702400 -6.44461e+10 -4.76427e+10 2.74612e+06
17556739200 -6.45473e+10 -4.77176e+10 2.75038e+06
17611862400 -6.46485e+10 -4.77924e+10 2.75465e+06
17667072000 -6.47497e+10 -4.78672e+10 2.75891e+06
17722368000 -6.4851e+10 -4.79421e+10 2.76318e+06
17777750400 -6.49522e+10 -4.80169e+10 2.76744e+06
17833219200 -6.50534e+10 -4.80917e+10 2.77171e+06
17888774400 -6.51547e+10 -4.81666e+10 2.77598e+06
17944416000 -6.52559e+10 -4.82414e+10 2.78024e+06
18000144000 -6.53571e+10 -4.83162e+10 2.78451e+06
18055958400 -6.54583e+10 -4.83911e+10 2.78877e+06
18111859200 -6.55596e+10 -4.84659e+10 2.79304e+06
18167846400 -6.56608e+10 -4.85407e+10 2.7973e+06
18223920000 -6.5762e+10 -4.86156e+10 2.80157e+06
18280080000 -6.58632e+10 -4.86904e+10 2.80584e+06
18336326400 -6.59645e+10 -4.87652e+10 2.8101e+06
18392659200 -6.60657e+10 -4.88401e+10 2.81437e+06
18449078400 -6.61669e+10 -4.89149e+10 2.81863e+06
18505584000 -6.62682e+10 -4.89897e+10 2.8229e+06
18562176000 -6.63694e+10 -4.90646e+10 2.82716e+06
18618854400 -6.64706e+10 -4.91394e+10 2.83143e+06
18675619200 -6.65718e+10 -4.92142e+10 2.83569e+06
18732470400 -6.66731e+10 -4.92891e+10 2.83996e+06
18789408000 -6.67743e+10 -4.93639e+10 2.84423e+06
18846432000 -6.68755e+10 -4.94387e+10 2.84849e+06
18903542400 -6.69767e+10 -4.95136e+10 2.85276e+06
18960739200 -6.7078e+10 -4.95884e+10 2.85702e+06
19018022400 -6.71792e+10 -4.96632e+10 2.86129e+06
19075392000 -6.72804e+10 -4.97381e+10 2.86555e+06
19132848000 -6.73816e+10 -4.98129e+10 2.86982e+06
19190390400 -6.74829e+10 -4.98877e+10 2.87408e+06
19248019200 -6.75841e+10 -4.99626e+10 2.87835e+06
19305734400 -6.76853e+10 -5.00374e+10 2.88261e+06
19363536000 -6.77866e+10 -5.01122e+10 2.88688e+06
19421424000 -6.78878e+10 -5.01871e+10 2.89115e+06
19479398400 -6.7989e+10 -5.02619e+10 2.89541e+06
19537459200 -6.80902e+10 -5.03367e+10 2.89968e+06
19595606400 -6.81915e+10 -5.04116e+10 2.90394e+06
19653840000 -6.82927e+10 -5.04864e+10 2.90821e+06
19712160000 -6.83939e+10 -5.05612e+10 2.91247e+06
19770566400 -6.84951e+10 -5.06361e+10 2.91674e+06
19829059200 -6.85964e+10 -5.07109e+10 2.921e+06
19887638400 -6.86976e+10 -5.07857e+10 2.92527e+06
19946304000 -6.87988e+10 -5.08606e+10 2.92953e+06
20005056000 -6.89e+10 -5.09354e+10 2.9338e+06
20063894400 -6.90013e+10 -5.10102e+10 2.93807e+06
20122819200 -6.91025e+10 -5.1085e+10 2.94233e+06
20181830400 -6.92037e+10 -5.11599e+10 2.9466e+06
20240928000 -6.93049e+10 -5.12347e+10 2.95086e+06
20300112000 -6.94062e+10 -5.13095e+10 2.95513e+06
20359382400 -6.95074e+10 -5.13844e+10 2.95939e+06
20418739200 -6.96086e+10 -5.14592e+10 2.96366e+06
20478182400 -6.97098e+10 -5.1534e+10 2.96792e+06
20537712000 -6.98111e+10 -5.16089e+10 2.97219e+06
20597328000 -6.99123e+10 -5.16837e+10 2.97645e+06
20657030400 -7.00135e+10 -5.17585e+10 2.98072e+06
20716819200 -7.01147e+10 -5.18334e+10 2.98498e+06
20776694400 -7.0216e+10 -5.19082e+10 2.98925e+06
20836656000 -7.03172e+10 -5.1983e+10 2.99351e+06
20896704000 -7.04184e+10 -5.20579e+10 2.99778e+06
20956838400 -7.05196e+10 -5.21327e+10 3.00205e+06
21017059200 -7.06209e+10 -5.22075e+10 3.00631e+06
21077366400 -7.07221e+10 -5.22824e+10 3.01058e+06
21137760000 -7.08233e+10 -5.23572e+10 3.01484e+06
21198240000 -7.09245e+10 -5.2432e+10 3.01911e+06
21258806400 -7.10258e+10 -5.25069e+10 3.02337e+06
21319459200 -7.1127e+10 -5.25817e+10 3.02764e+06
21380198400 -7.12282e+10 -5.26565e+10 3.0319e+06
21441024000 -7.13294e+10 -5.27313e+10 3.03617e+06
21501936000 -7.14307e+10 -5.28062e+10 3.04043e+06
21562934400 -7.15319e+10 -5.2881e+10 3.0447e+06
21624019200 -7.16331e+10 -5.29558e+10 3.04896e+06
21685190400 -7.17343e+10 -5.30307e+10 3.05323e+06
21746448000 -7.18356e+10 -5.31055e+10 3.05749e+06
21807792000 -7.19368e+10 -5.31803e+10 3.06176e+06
21869222400 -7.2038e+10 -5.32552e+10 3.06602e+06
21930739200 -7.21392e+10 -5.333e+10 3.07029e+06
21992342400 -7.22404e+10 -5.34048e+10 3.07455e+06
22054032000 -7.23417e+10 -5.34797e+10 3.07882e+06
22115808000 -7.24429e+10 -5.35545e+10 3.08308e+06
22177670400 -7.25441e+10 -5.36293e+10 3.08735e+06
22239619200 -7.26453e+10 -5.37042e+10 3.09161e+06
22301654400 -7.27466e+10 -5.3779e+10 3.09588e+06
22363776000 -7.28478e+10 -5.38538e+10 3.10014e+06
22425984000 -7.2949e+10 -5.39286e+10 3.10441e+06
22488278400 -7.30502e+10 -5.40035e+10 3.10867e+06
22550659200 -7.31515e+10 -5.40783e+10 3.11294e+06
22613126400 -7.32527e+10 -5.41531e+10 3.1172e+06
22675680000 -7.33539e+10 -5.4228e+10 3.12147e+06
22738320000 -7.34551e+10 -5.43028e+10 3.12573e+06
22801046400 -7.35564e+10 -5.43776e+10 3.13e+06
22863859200 -7.36576e+10 -5.44525e+10 3.13426e+06
22926758400 -7.37588e+10 -5.45273e+10 3.13853e+06
22989744000 -7.386e+10 -5.46021e+10 3.14279e+06
23052816000 -7.39612e+10 -5.46769e+10 3.14706e+06
23115974400 -7.40625e+10 -5.47518e+10 3.15133e+06
23179219200 -7.41637e+10 -5.48266e+10 3.15559e+06
23242550400 -7.42649e+10 -5.49014e+10 3.15986e+06
23305968000 -7.43661e+10 -5.49763e+10 3.16412e+06
23369472000 -7.44674e+10 -5.50511e+10 3.16839e+06
23433062400 -7.45686e+10 -5.51259e+10 3.17265e+06
23496739200 -7.46698e+10 -5.52008e+10 3.17692e+06
23560502400 -7.4771e+10 -5.52756e+10 3.18118e+06
23624352000 -7.48723e+10 -5.53504e+10 3.18545e+06
23688288000 -7.49735e+10 -5.54253e+10 3.18971e+06
23752310400 -7.50747e+10 -5.55001e+10 3.19397e+06
23816419200 -7.51759e+10 -5.55749e+10 3.19824e+06
23880614400 -7.52771e+10 -5.56497e+10 3.2025e+06
23944896000 -7.53784e+10 -5.57246e+10 3.20677e+06
24009264000 -7.54796e+10 -5.57994e+10 3.21103e+06
24073718400 -7.55808e+10 -5.58742e+10 3.2153e+06
24138259200 -7.5682e+10 -5.59491e+10 3.21956e+06
24202886400 -7.57833e+10 -5.60239e+10 3.22383e+06
24267600000 -7.58845e+10 -5.60987e+10 3.22809e+06
24332400000 -7.59857e+10 -5.61735e+10 3.23236e+06
24397286400 -7.60869e+10 -5.62484e+10 3.23662e+06
24462259200 -7.61881e+10 -5.63232e+10 3.24089e+06
24527318400 -7.62894e+10 -5.6398e+10 3.24515e+06
24592464000 -7.63906e+10 -5.64729e+10 3.24942e+06
24657696000 -7.64918e+10 -5.65477e+10 3.25368e+06
24723014400 -7.6593e+10 -5.66225e+10 3.25795e+06
24788419200 -7.66943e+10 -5.66974e+10 3.26221e+06
24853910400 -7.67955e+10 -5.67722e+10 3.26648e+06
24919488000 -7.68967e+10 -5.6847e+10 3.27074e+06
24985152000 -7.69979e+10 -5.69218e+10 3.27501e+06
25050902400 -7.70991e+10 -5.69967e+10 3.27927e+06
25116739200 -7.72004e+10 -5.70715e+10 3.28354e+06
25182662400 -7.73016e+10 -5.71463e+10 3.2878e+06
25248672000 -7.74028e+10 -5.72212e+10 3.29207e+06
25314768000 -7.7504e+10 -5.7296e+10 3.29633e+06
25380950400 -7.76052e+10 -5.73708e+10 3.3006e+06
25447219200 -7.77065e+10 -5.74457e+10 3.30486e+06
25513574400 -7.78077e+10 -5.75205e+10 3.30913e+06
25580016000 -7.79089e+10 -5.75953e+10 3.31339e+06
25646544000 -7.80101e+10 -5.76701e+10 3.31766e+06
25713158400 -7.81114e+10 -5.7745e+10 3.32192e+06
25779859200 -7.82126e+10 -5.78198e+10 3.32619e+06
25846646400 -7.83138e+10 -5.78946e+10 3.33045e+06
25913520000 -7.8415e+10 -5.79695e+10 3.33472e+06
25980480000 -7.85162e+10 -5.80443e+10 3.33898e+06
26047526400 -7.86175e+10 -5.81191e+10 3.34325e+06
26114659200 -7.87187e+10 -5.81939e+10 3.34751e+06
26181878400 -7.88199e+10 -5.82688e+10 3.35177e+06
26249184000 -7.89211e+10 -5.83436e+10 3.35604e+06
26316576000 -7.90223e+10 -5.84184e+10 3.3603e+06
26384054400 -7.91236e+10 -5.84933e+10 3.36457e+06
26451619200 -7.92248e+10 -5.85681e+10 3.36883e+06
26519270400 -7.9326e+10 -5.86429e+10 3.3731e+06
26587008000 -7.94272e+10 -5.87177e+10 3.37736e+06
26654832000 -7.95284e+10 -5.87926e+10 3.38163e+06
26722742400 -7.96297e+10 -5.88674e+10 3.38589e+06
26790739200 -7.97309e+10 -5.89422e+10 3.39016e+06
26858822400 -7.98321e+10 -5.90171e+10 3.39442e+06
26926992000 -7.99333e+10 -5.90919e+10 3.39869e+06
26995248000 -8.00345e+10 -5.91667e+10 3.40295e+06
27063590400 -8.01358e+10 -5.92415e+10 3.40722e+06
27132019200 -8.0237e+10 -5.93164e+10 3.41148e+06
27200534400 -8.03382e+10 -5.93912e+10 3.41575e+06
27269136000 -8.04394e+10 -5.9466e+10 3.42001e+06
27337824000 -8.05406e+10 -5.95409e+10 3.42427e+06
27406598400 -8.06419e+10 -5.96157e+10 3.42854e+06
27475459200 -8.07431e+10 -5.96905e+10 3.4328e+06
27544406400 -8.08443e+10 -5.97653e+10 3.43707e+06
27613440000 -8.09455e+10 -5.98402e+10 3.44133e+06
27682560000 -8.10468e+10 -5.9915e+10 3.4456e+06
27751766400 -8.1148e+10 -5.99898e+10 3.44986e+06
27821059200 -8.12492e+10 -6.00647e+10 3.45413e+06
27890438400 -8.13504e+10 -6.01395e+10 3.45839e+06
27959904000 -8.14516e+10 -6.02143e+10 3.46266e+06
28029456000 -8.15528e+10 -6.02891e+10 3.46692e+06
28099094400 -8.16541e+10 -6.0364e+10 3.47119e+06
28168819200 -8.17553e+10 -6.04388e+10 3.47545e+06
28238630400 -8.18565e+10 -6.05136e+10 3.47971e+06
28308528000 -8.19577e+10 -6.05884e+10 3.48398e+06
28378512000 -8.20589e+10 -6.06633e+10 3.48824e+06
28448582400 -8.21602e+10 -6.07381e+10 3.49251e+06
28518739200 -8.22614e+10 -6.08129e+10 3.49677e+06
28588982400 -8.23626e+10 -6.08878e+10 3.50104e+06
28659312000 -8.24638e+10 -6.09626e+10 3.5053e+06
28729728000 -8.2565e+10 -6.10374e+10 3.50957e+06
28800230400 -8.26663e+10 -6.11122e+10 3.51383e+06
28870819200 -8.27675e+10 -6.11871e+10 3.5181e+06
28941494400 -8.28687e+10 -6.12619e+10 3.52236e+06
29012256000 -8.29699e+10 -6.13367e+10 3.52663e+06
29083104000 -8.30711e+10 -6.14116e+10 3.53089e+06
29154038400 -8.31724e+10 -6.14864e+10 3.53515e+06
29225059200 -8.32736e+10 -6.15612e+10 3.53942e+06
29296166400 -8.33748e+10 -6.1636e+10 3.54368e+06
29367360000 -8.3476e+10 -6.17109e+10 3.54795e+06
29438640000 -8.35772e+10 -6.17857e+10 3.55221e+06
29510006400 -8.36785e+10 -6.18605e+10 3.55648e+06
29581459200 -8.37797e+10 -6.19353e+10 3.56074e+06
29652998400 -8.38809e+10 -6.20102e+10 3.56501e+06
29724624000 -8.39821e+10 -6.2085e+10 3.56927e+06
29796336000 -8.40833e+10 -6.21598e+10 3.57353e+06
29868134400 -8.41846e+10 -6.22347e+10 3.5778e+06
29940019200 -8.42858e+10 -6.23095e+10 3.58206e+06
30011990400 -8.4387e+10 -6.23843e+10 3.58633e+06
30084048000 -8.44882e+10 -6.24591e+10 3.59059e+06
30156192000 -8.45894e+10 -6.2534e+10 3.59486e+06
30228422400 -8.46906e+10 -6.26088e+10 3.59912e+06
30300739200 -8.47919e+10 -6.26836e+10 3.60339e+06
30373142400 -8.48931e+10 -6.27584e+10 3.60765e+06
30445632000 -8.49943e+10 -6.28333e+10 3.61192e+06
30518208000 -8.50955e+10 -6.29081e+10 3.61618e+06
30590870400 -8.51967e+10 -6.29829e+10 3.62044e+06
30663619200 -8.5298e+10 -6.30578e+10 3.62471e+06
30736454400 -8.53992e+10 -6.31326e+10 3.62897e+06
30809376000 -8.55004e+10 -6.32074e+10 3.63324e+06
30882384000 -8.56016e+10 -6.32822e+10 3.6375e+06
30955478400 -8.57028e+10 -6.33571e+10 3.64177e+06
31028659200 -8.5804e+10 -6.34319e+10 3.64603e+06
31101926400 -8.59053e+10 -6.35067e+10 3.6503e+06
31175280000 -8.60065e+10 -6.35815e+10 3.65456e+06
31248720000 -8.61077e+10 -6.36564e+10 3.65882e+06
31322246400 -8.62089e+10 -6.37312e+10 3.66309e+06
31395859200 -8.63101e+10 -6.3806e+10 3.66735e+06
31469558400 -8.64114e+10 -6.38809e+10 3.67162e+06
31543344000 -8.65126e+10 -6.39557e+10 3.67588e+06
31617216000 -8.66138e+10 -6.40305e+10 3.68015e+06
31691174400 -8.6715e+10 -6.41053e+10 3.68441e+06
31765219200 -8.68162e+10 -6.41802e+10 3.68867e+06
31839350400 -8.69174e+10 -6.4255e+10 3.69294e+06
31913568000 -8.70187e+10 -6.43298e+10 3.6972e+06
31987872000 -8.71199e+10 -6.44046e+10 3.70147e+06
32062262400 -8.72211e+10 -6.44795e+10 3.70573e+06
32136739200 -8.73223e+10 -6.45543e+10 3.71e+06
32211302400 -8.74235e+10 -6.46291e+10 3.71426e+06
32285952000 -8.75248e+10 -6.47039e+10 3.71853e+06
32360688000 -8.7626e+10 -6.47788e+10 3.72279e+06
32435510400 -8.77272e+10 -6.48536e+10 3.72705e+06
32510419200 -8.78284e+10 -6.49284e+10 3.73132e+06
32585414400 -8.79296e+10 -6.50032e+10 3.73558e+06
32660496000 -8.80308e+10 -6.50781e+10 3.73985e+06
32735664000 -8.81321e+10 -6.51529e+10 3.74411e+06
32810918400 -8.82333e+10 -6.52277e+10 3.74838e+06
32886259200 -8.83345e+10 -6.53026e+10 3.75264e+06
32961686400 -8.84357e+10 -6.53774e+10 3.7569e+06
33037200000 -8.85369e+10 -6.54522e+10 3.76117e+06
33112800000 -8.86381e+10 -6.5527e+10 3.76543e+06
33188486400 -8.87394e+10 -6.56019e+10 3.7697e+06
33264259200 -8.88406e+10 -6.56767e+10 3.77396e+06
33340118400 -8.89418e+10 -6.57515e+10 3.77823e+06
33416064000 -8.9043e+10 -6.58263e+10 3.78249e+06
33492096000 -8.91442e+10 -6.59012e+10 3.78675e+06
33568214400 -8.92455e+10 -6.5976e+10 3.79102e+06
33644419200 -8.93467e+10 -6.60508e+10 3.79528e+06
33720710400 -8.94479e+10 -6.61256e+10 3.79955e+06
33797088000 -8.95491e+10 -6.62005e+10 3.80381e+06
33873552000 -8.96503e+10 -6.62753e+10 3.80808e+06
33950102400 -8.97515e+10 -6.63501e+10 3.81234e+06
34026739200 -8.98528e+10 -6.64249e+10 3.8166e+06
34103462400 -8.9954e+10 -6.64998e+10 3.82087e+06
34180272000 -9.00552e+10 -6.65746e+10 3.82513e+06
34257168000 -9.01564e+10 -6.66494e+10 3.8294e+06
34334150400 -9.02576e+10 -6.67243e+10 3.83366e+06
34411219200 -9.03588e+10 -6.67991e+10 3.83793e+06
34488374400 -9.04601e+10 -6.68739e+10 3.84219e+06
34565616000 -9.05613e+10 -6.69487e+10 3.84645e+06
34642944000 -9.06625e+10 -6.70236e+10 3.85072e+06
34720358400 -9.07637e+10 -6.70984e+10 3.85498e+06
34797859200 -9.08649e+10 -6.71732e+10 3.85925e+06
34875446400 -9.09661e+10 -6.7248e+10 3.86351e+06
34953120000 -9.10674e+10 -6.73229e+10 3.86778e+06
35030880000 -9.11686e+10 -6.73977e+10 3.87204e+06
35108726400 -9.12698e+10 -6.74725e+10 3.8763e+06
35186659200 -9.1371e+10 -6.75473e+10 3.88057e+06
35264678400 -9.14722e+10 -6.76222e+10 3.88483e+06
35342784000 -9.15734e+10 -6.7697e+10 3.8891e+06
35420976000 -9.16747e+10 -6.77718e+10 3.89336e+06
35499254400 -9.17759e+10 -6.78466e+10 3.89763e+06
35577619200 -9.18771e+10 -6.79215e+10 3.90189e+06
35656070400 -9.19783e+10 -6.79963e+10 3.90615e+06
35734608000 -9.20795e+10 -6.80711e+10 3.91042e+06
35813232000 -9.21807e+10 -6.81459e+10 3.91468e+06
35891942400 -9.2282e+10 -6.82208e+10 3.91895e+06
35970739200 -9.23832e+10 -6.82956e+10 3.92321e+06
36049622400 -9.24844e+10 -6.83704e+10 3.92747e+06
36128592000 -9.25856e+10 -6.84452e+10 3.93174e+06
36207648000 -9.26868e+10 -6.85201e+10 3.936e+06
36286790400 -9.2788e+10 -6.85949e+10 3.94027e+06
36366019200 -9.28892e+10 -6.86697e+10 3.94453e+06
36445334400 -9.29905e+10 -6.87445e+10 3.9488e+06
36524736000 -9.30917e+10 -6.88194e+10 3.95306e+06
36604224000 -9.31929e+10 -6.88942e+10 3.95732e+06
36683798400 -9.32941e+10 -6.8969e+10 3.96159e+06
36763459200 -9.33953e+10 -6.90438e+10 3.96585e+06
36843206400 -9.34965e+10 -6.91187e+10 3.97012e+06
36923040000 -9.35978e+10 -6.91935e+10 3.97438e+06
37002960000 -9.3699e+10 -6.92683e+10 3.97864e+06
37082966400 -9.38002e+10 -6.93431e+10 3.98291e+06
37163059200 -9.39014e+10 -6.9418e+10 3.98717e+06
37243238400 -9.40026e+10 -6.94928e+10 3.99144e+06
37323504000 -9.41038e+10 -6.95676e+10 3.9957e+06
37403856000 -9.42051e+10 -6.96424e+10 3.99997e+06
37484294400 -9.43063e+10 -6.97173e+10 4.00423e+06
37564819200 -9.44075e+10 -6.97921e+10 4.00849e+06
37645430400 -9.45087e+10 -6.98669e+10 4.01276e+06
37726128000 -9.46099e+10 -6.99417e+10 4.01702e+06
37806912000 -9.47111e+10 -7.00166e+10 4.02129e+06
37887782400 -9.48123e+10 -7.00914e+10 4.02555e+06
37968739200 -9.49136e+10 -7.01662e+10 4.02981e+06
38049782400 -9.50148e+10 -7.0241e+10 4.03408e+06
38130912000 -9.5116e+10 -7.03159e+10 4.03834e+06
38212128000 -9.52172e+10 -7.03907e+10 4.04261e+06
38293430400 -9.53184e+10 -7.04655e+10 4.04687e+06
38374819200 -9.54196e+10 -7.05403e+10 4.05113e+06
38456294400 -9.55209e+10 -7.06152e+10 4.0554e+06
38537856000 -9.56221e+10 -7.069e+10 4.05966e+06
38619504000 -9.57233e+10 -7.07648e+10 4.06393e+06
38701238400 -9.58245e+10 -7.08396e+10 4.06819e+06
38783059200 -9.59257e+10 -7.09145e+10 4.07245e+06
38864966400 -9.60269e+10 -7.09893e+10 4.07672e+06
38946960000 -9.61281e+10 -7.10641e+10 4.08098e+06
39029040000 -9.62294e+10 -7.11389e+10 4.08525e+06
39111206400 -9.63306e+10 -7.12138e+10 4.08951e+06
39193459200 -9.64318e+10 -7.12886e+10 4.09377e+06
39275798400 -9.6533e+10 -7.13634e+10 4.09804e+06
39358224000 -9.66342e+10 -7.14382e+10 4.1023e+06
39440736000 -9.67354e+10 -7.15131e+10 4.10657e+06
39523334400 -9.68367e+10 -7.15879e+10 4.11083e+06
39606019200 -9.69379e+10 -7.16627e+10 4.1151e+06
39688790400 -9.70391e+10 -7.17375e+10 4.11936e+06
39771648000 -9.71403e+10 -7.18124e+10 4.12362e+06
39854592000 -9.72415e+10 -7.18872e+10 4.12789e+06
39937622400 -9.73427e+10 -7.1962e+10 4.13215e+06
40020739200 -9.74439e+10 -7.20368e+10 4.13642e+06
40103942400 -9.75452e+10 -7.21117e+10 4.14068e+06
40187232000 -9.76464e+10 -7.21865e+10 4.14494e+06
40270608000 -9.77476e+10 -7.22613e+10 4.14921e+06
40354070400 -9.78488e+10 -7.23361e+10 4.15347e+06
40437619200 -9.795e+10 -7.2411e+10 4.15774e+06
40521254400 -9.80512e+10 -7.24858e+10 4.162e+06
40604976000 -9.81524e+10 -7.25606e+10 4.16626e+06
40688784000 -9.82537e+10 -7.26354e+10 4.17053e+06
40772678400 -9.83549e+10 -7.27102e+10 4.17479e+06
40856659200 -9.84561e+10 -7.27851e+10 4.17906e+06
40940726400 -9.85573e+10 -7.28599e+10 4.18332e+06
41024880000 -9.86585e+10 -7.29347e+10 4.18758e+06
41109120000 -9.87597e+10 -7.30095e+10 4.19185e+06
41193446400 -9.88609e+10 -7.30844e+10 4.19611e+06
41277859200 -9.89622e+10 -7.31592e+10 4.20037e+06
41362358400 -9.90634e+10 -7.3234e+10 4.20464e+06
41446944000 -9.91646e+10 -7.33088e+10 4.2089e+06
41531616000 -9.92658e+10 -7.33837e+10 4.21317e+06
41616374400 -9.9367e+10 -7.34585e+10 4.21743e+06
41701219200 -9.94682e+10 -7.35333e+10 4.22169e+06
41786150400 -9.95694e+10 -7.36081e+10 4.22596e+06
41871168000 -9.96707e+10 -7.3683e+10 4.23022e+06
41956272000 -9.97719e+10 -7.37578e+10 4.23449e+06
42041462400 -9.98731e+10 -7.38326e+10 4.23875e+06
42126739200 -9.99743e+10 -7.39074e+10 4.24301e+06
42212102400 -1.00076e+11 -7.39823e+10 4.24728e+06
42297552000 -1.00177e+11 -7.40571e+10 4.25154e+06
42383088000 -1.00278e+11 -7.41319e+10 4.25581e+06
42468710400 -1.00379e+11 -7.42067e+10 4.26007e+06
42554419200 -1.0048e+11 -7.42816e+10 4.26433e+06
42640214400 -1.00582e+11 -7.43564e+10 4.2686e+06
42726096000 -1.00683e+11 -7.44312e+10 4.27286e+06
42812064000 -1.00784e+11 -7.4506e+10 4.27713e+06
42898118400 -1.00885e+11 -7.45808e+10 4.28139e+06
42984259200 -1.00986e+11 -7.46557e+10 4.28565e+06
43070486400 -1.01088e+11 -7.47305e+10 4.28992e+06
43156800000 -1.01189e+11 -7.48053e+10 4.29418e+06
