0 -2.12841e+08 -9.55693e+07 3.1997e+06
86400 -1.9523e+08 -8.97244e+07 2.89025e+06
259200 -1.6636e+08 -7.8546e+07 2.4164e+06
518400 -1.20662e+08 -5.91717e+07 1.70151e+06
864000 -3.86291e+07 -2.13391e+07 482223
1296000 4.73322e+08 2.70509e+08 -5.95879e+06
1814400 7.55015e+08 4.27496e+08 -9.57824e+06
2419200 1.03701e+09 5.84658e+08 -1.32014e+07
3110400 1.31896e+09 7.418e+08 -1.6824e+07
3888000 1.60085e+09 8.98902e+08 -2.04457e+07
4752000 1.88266e+09 1.05597e+09 -2.40666e+07
5702400 2.16442e+09 1.213e+09 -2.76867e+07
6739200 2.44613e+09 1.37e+09 -3.13062e+07
7862400 2.72781e+09 1.52699e+09 -3.49251e+07
9072000 3.00944e+09 1.68395e+09 -3.85437e+07
10368000 3.29105e+09 1.8409e+09 -4.21619e+07
11750400 3.57264e+09 1.99783e+09 -4.57798e+07
13219200 3.8542e+09 2.15476e+09 -4.93974e+07
14774400 4.13575e+09 2.31167e+09 -5.30147e+07
16416000 4.41727e+09 2.46857e+09 -5.66319e+07
18144000 4.69879e+09 2.62547e+09 -6.02488e+07
19958400 4.98029e+09 2.78236e+09 -6.38656e+07
21859200 5.26178e+09 2.93924e+09 -6.74823e+07
23846400 5.54326e+09 3.09611e+09 -7.10988e+07
25920000 5.82473e+09 3.25298e+09 -7.47152e+07
28080000 6.10619e+09 3.40985e+09 -7.83315e+07
30326400 6.38764e+09 3.56671e+09 -8.19477e+07
32659200 6.66909e+09 3.72357e+09 -8.55638e+07
35078400 6.95053e+09 3.88042e+09 -8.91798e+07
37584000 7.23196e+09 4.03727e+09 -9.27957e+07
40176000 7.51338e+09 4.19412e+09 -9.64115e+07
42854400 7.79481e+09 4.35096e+09 -1.00027e+08
45619200 8.07622e+09 4.5078e+09 -1.03643e+08
48470400 8.35763e+09 4.66464e+09 -1.07259e+08
51408000 8.63904e+09 4.82148e+09 -1.10874e+08
54432000 8.92044e+09 4.97831e+09 -1.1449e+08
57542400 9.20184e+09 5.13514e+09 -1.18105e+08
60739200 9.48324e+09 5.29197e+09 -1.21721e+08
64022400 9.76463e+09 5.4488e+09 -1.25336e+08
67392000 1.0046e+10 5.60562e+09 -1.28952e+08
70848000 1.03274e+10 5.76245e+09 -1.32567e+08
74390400 1.06088e+10 5.91927e+09 -1.36182e+08
78019200 1.08902e+10 6.07609e+09 -1.39797e+08
81734400 1.11715e+10 6.23291e+09 -1.43413e+08
85536000 1.14529e+10 6.38972e+09 -1.47028e+08
89424000 1.17343e+10 6.54654e+09 -1.50643e+08
93398400 1.20157e+10 6.70336e+09 -1.54258e+08
97459200 1.2297e+10 6.86017e+09 -1.57873e+08
101606400 1.25784e+10 7.01698e+09 -1.61488e+08
105840000 1.28598e+10 7.17379e+09 -1.65103e+08
110160000 1.31411e+10 7.3306e+09 -1.68718e+08
114566400 1.34225e+10 7.48741e+09 -1.72333e+08
119059200 1.37038e+10 7.64422e+09 -1.75948e+08
123638400 1.39852e+10 7.80103e+09 -1.79563e+08
128304000 1.42666e+10 7.95784e+09 -1.83178e+08
133056000 1.45479e+10 8.11464e+09 -1.86793e+08
137894400 1.48293e+10 8.27145e+09 -1.90408e+08
142819200 1.51106e+10 8.42825e+09 -1.94023e+08
147830400 1.5392e+10 8.58505e+09 -1.97638e+08
152928000 1.56733e+10 8.74186e+09 -2.01252e+08
158112000 1.59547e+10 8.89866e+09 -2.04867e+08
163382400 1.6236e+10 9.05546e+09 -2.08482e+08
168739200 1.65173e+10 9.21226e+09 -2.12097e+08
174182400 1.67987e+10 9.36906e+09 -2.15712e+08
179712000 1.708e+10 9.52586e+09 -2.19326e+08
185328000 1.73614e+10 9.68266e+09 -2.22941e+08
191030400 1.76427e+10 9.83946e+09 -2.26556e+08
196819200 1.7924e+10 9.99625e+09 -2.30171e+08
202694400 1.82054e+10 1.0153e+10 -2.33785e+08
208656000 1.84867e+10 1.03098e+10 -2.374e+08
214704000 1.87681e+10 1.04666e+10 -2.41015e+08
220838400 1.90494e+10 1.06234e+10 -2.44629e+08
227059200 1.93307e+10 1.07802e+10 -2.48244e+08
233366400 1.96121e+10 1.0937e+10 -2.51859e+08
239760000 1.98934e+10 1.10938e+10 -2.55473e+08
246240000 2.01747e+10 1.12506e+10 -2.59088e+08
252806400 2.04561e+10 1.14074e+10 -2.62703e+08
259459200 2.07374e+10 1.15642e+10 -2.66317e+08
266198400 2.10187e+10 1.1721e+10 -2.69932e+08
273024000 2.13e+10 1.18778e+10 -2.73546e+08
279936000 2.15814e+10 1.20346e+10 -2.77161e+08
286934400 2.18627e+10 1.21914e+10 -2.80775e+08
294019200 2.2144e+10 1.23482e+10 -2.8439e+08
301190400 2.24254e+10 1.25049e+10 -2.88005e+08
308448000 2.27067e+10 1.26617e+10 -2.91619e+08
315792000 2.2988e+10 1.28185e+10 -2.95234e+08
323222400 2.32693e+10 1.29753e+10 -2.98848e+08
330739200 2.35506e+10 1.31321e+10 -3.02463e+08
338342400 2.3832e+10 1.32889e+10 -3.06077e+08
346032000 2.41133e+10 1.34457e+10 -3.09692e+08
353808000 2.43946e+10 1.36025e+10 -3.13306e+08
361670400 2.46759e+10 1.37593e+10 -3.16921e+08
369619200 2.49573e+10 1.3916e+10 -3.20535e+08
377654400 2.52386e+10 1.40728e+10 -3.2415e+08
385776000 2.55199e+10 1.42296e+10 -3.27764e+08
393984000 2.58012e+10 1.43864e+10 -3.31379e+08
402278400 2.60825e+10 1.45432e+10 -3.34993e+08
410659200 2.63639e+10 1.47e+10 -3.38608e+08
419126400 2.66452e+10 1.48568e+10 -3.42222e+08
427680000 2.69265e+10 1.50135e+10 -3.45836e+08
436320000 2.72078e+10 1.51703e+10 -3.49451e+08
445046400 2.74891e+10 1.53271e+10 -3.53065e+08
453859200 2.77704e+10 1.54839e+10 -3.5668e+08
462758400 2.80517e+10 1.56407e+10 -3.60294e+08
471744000 2.83331e+10 1.57975e+10 -3.63909e+08
480816000 2.86144e+10 1.59543e+10 -3.67523e+08
489974400 2.88957e+10 1.6111e+10 -3.71137e+08
499219200 2.9177e+10 1.62678e+10 -3.74752e+08
508550400 2.94583e+10 1.64246e+10 -3.78366e+08
517968000 2.97396e+10 1.65814e+10 -3.81981e+08
527472000 3.00209e+10 1.67382e+10 -3.85595e+08
537062400 3.03023e+10 1.6895e+10 -3.89209e+08
546739200 3.05836e+10 1.70517e+10 -3.92824e+08
556502400 3.08649e+10 1.72085e+10 -3.96438e+08
566352000 3.11462e+10 1.73653e+10 -4.00052e+08
576288000 3.14275e+10 1.75221e+10 -4.03667e+08
586310400 3.17088e+10 1.76789e+10 -4.07281e+08
596419200 3.19901e+10 1.78356e+10 -4.10895e+08
606614400 3.22714e+10 1.79924e+10 -4.1451e+08
616896000 3.25527e+10 1.81492e+10 -4.18124e+08
627264000 3.28341e+10 1.8306e+10 -4.21739e+08
637718400 3.31154e+10 1.84628e+10 -4.25353e+08
648259200 3.33967e+10 1.86195e+10 -4.28967e+08
658886400 3.3678e+10 1.87763e+10 -4.32582e+08
669600000 3.39593e+10 1.89331e+10 -4.36196e+08
680400000 3.42406e+10 1.90899e+10 -4.3981e+08
691286400 3.45219e+10 1.92467e+10 -4.43424e+08
702259200 3.48032e+10 1.94034e+10 -4.47039e+08
713318400 3.50845e+10 1.95602e+10 -4.50653e+08
724464000 3.53658e+10 1.9717e+10 -4.54267e+08
735696000 3.56471e+10 1.98738e+10 -4.57882e+08
747014400 3.59284e+10 2.00306e+10 -4.61496e+08
758419200 3.62097e+10 2.01873e+10 -4.6511e+08
769910400 3.64911e+10 2.03441e+10 -4.68725e+08
781488000 3.67724e+10 2.05009e+10 -4.72339e+08
793152000 3.70537e+10 2.06577e+10 -4.75953e+08
804902400 3.7335e+10 2.08145e+10 -4.79567e+08
816739200 3.76163e+10 2.09712e+10 -4.83182e+08
828662400 3.78976e+10 2.1128e+10 -4.86796e+08
840672000 3.81789e+10 2.12848e+10 -4.9041e+08
852768000 3.84602e+10 2.14416e+10 -4.94025e+08
864950400 3.87415e+10 2.15984e+10 -4.97639e+08
877219200 3.90228e+10 2.17551e+10 -5.01253e+08
889574400 3.93041e+10 2.19119e+10 -5.04867e+08
902016000 3.95854e+10 2.20687e+10 -5.08482e+08
914544000 3.98667e+10 2.22255e+10 -5.12096e+08
927158400 4.0148e+10 2.23822e+10 -5.1571e+08
939859200 4.04293e+10 2.2539e+10 -5.19324e+08
952646400 4.07106e+10 2.26958e+10 -5.22939e+08
965520000 4.09919e+10 2.28526e+10 -5.26553e+08
978480000 4.12732e+10 2.30093e+10 -5.30167e+08
991526400 4.15545e+10 2.31661e+10 -5.33781e+08
1004659200 4.18358e+10 2.33229e+10 -5.37396e+08
1017878400 4.21171e+10 2.34797e+10 -5.4101e+08
1031184000 4.23984e+10 2.36365e+10 -5.44624e+08
1044576000 4.26797e+10 2.37932e+10 -5.48238e+08
1058054400 4.2961e+10 2.395e+10 -5.51853e+08
1071619200 4.32423e+10 2.41068e+10 -5.55467e+08
1085270400 4.35236e+10 2.42636e+10 -5.59081e+08
1099008000 4.38049e+10 2.44203e+10 -5.62695e+08
1112832000 4.40862e+10 2.45771e+10 -5.6631e+08
1126742400 4.43675e+10 2.47339e+10 -5.69924e+08
1140739200 4.46488e+10 2.48907e+10 -5.73538e+08
1154822400 4.49301e+10 2.50474e+10 -5.77152e+08
1168992000 4.52114e+10 2.52042e+10 -5.80766e+08
1183248000 4.54927e+10 2.5361e+10 -5.84381e+08
1197590400 4.5774e+10 2.55178e+10 -5.87995e+08
1212019200 4.60553e+10 2.56745e+10 -5.91609e+08
1226534400 4.63366e+10 2.58313e+10 -5.95223e+08
1241136000 4.66179e+10 2.59881e+10 -5.98837e+08
1255824000 4.68992e+10 2.61449e+10 -6.02452e+08
1270598400 4.71805e+10 2.63016e+10 -6.06066e+08
1285459200 4.74618e+10 2.64584e+10 -6.0968e+08
1300406400 4.77431e+10 2.66152e+10 -6.13294e+08
1315440000 4.80244e+10 2.6772e+10 -6.16908e+08
1330560000 4.83057e+10 2.69287e+10 -6.20523e+08
1345766400 4.8587e+10 2.70855e+10 -6.24137e+08
1361059200 4.88683e+10 2.72423e+10 -6.27751e+08
1376438400 4.91496e+10 2.73991e+10 -6.31365e+08
1391904000 4.94309e+10 2.75558e+10 -6.34979e+08
1407456000 4.97122e+10 2.77126e+10 -6.38594e+08
1423094400 4.99935e+10 2.78694e+10 -6.42208e+08
1438819200 5.02748e+10 2.80262e+10 -6.45822e+08
1454630400 5.05561e+10 2.81829e+10 -6.49436e+08
1470528000 5.08374e+10 2.83397e+10 -6.5305e+08
1486512000 5.11187e+10 2.84965e+10 -6.56665e+08
1502582400 5.14e+10 2.86533e+10 -6.60279e+08
1518739200 5.16813e+10 2.881e+10 -6.63893e+08
1534982400 5.19626e+10 2.89668e+10 -6.67507e+08
1551312000 5.22439e+10 2.91236e+10 -6.71121e+08
1567728000 5.25252e+10 2.92804e+10 -6.74735e+08
1584230400 5.28065e+10 2.94371e+10 -6.7835e+08
1600819200 5.30878e+10 2.95939e+10 -6.81964e+08
1617494400 5.33691e+10 2.97507e+10 -6.85578e+08
1634256000 5.36503e+10 2.99074e+10 -6.89192e+08
1651104000 5.39316e+10 3.00642e+10 -6.92806e+08
1668038400 5.42129e+10 3.0221e+10 -6.9642e+08
1685059200 5.44942e+10 3.03778e+10 -7.00035e+08
1702166400 5.47755e+10 3.05345e+10 -7.03649e+08
1719360000 5.50568e+10 3.06913e+10 -7.07263e+08
1736640000 5.53381e+10 3.08481e+10 -7.10877e+08
1754006400 5.56194e+10 3.10049e+10 -7.14491e+08
1771459200 5.59007e+10 3.11616e+10 -7.18105e+08
1788998400 5.6182e+10 3.13184e+10 -7.21719e+08
1806624000 5.64633e+10 3.14752e+10 -7.25334e+08
1824336000 5.67446e+10 3.16319e+10 -7.28948e+08
1842134400 5.70259e+10 3.17887e+10 -7.32562e+08
1860019200 5.73072e+10 3.19455e+10 -7.36176e+08
1877990400 5.75885e+10 3.21023e+10 -7.3979e+08
1896048000 5.78698e+10 3.2259e+10 -7.43404e+08
1914192000 5.81511e+10 3.24158e+10 -7.47019e+08
1932422400 5.84324e+10 3.25726e+10 -7.50633e+08
1950739200 5.87137e+10 3.27294e+10 -7.54247e+08
1969142400 5.89949e+10 3.28861e+10 -7.57861e+08
1987632000 5.92762e+10 3.30429e+10 -7.61475e+08
2006208000 5.95575e+10 3.31997e+10 -7.65089e+08
2024870400 5.98388e+10 3.33564e+10 -7.68703e+08
2043619200 6.01201e+10 3.35132e+10 -7.72317e+08
2062454400 6.04014e+10 3.367e+10 -7.75932e+08
2081376000 6.06827e+10 3.38268e+10 -7.79546e+08
2100384000 6.0964e+10 3.39835e+10 -7.8316e+08
2119478400 6.12453e+10 3.41403e+10 -7.86774e+08
2138659200 6.15266e+10 3.42971e+10 -7.90388e+08
2157926400 6.18079e+10 3.44538e+10 -7.94002e+08
2177280000 6.20892e+10 3.46106e+10 -7.97616e+08
2196720000 6.23705e+10 3.47674e+10 -8.01231e+08
2216246400 6.26518e+10 3.49242e+10 -8.04845e+08
2235859200 6.2933e+10 3.50809e+10 -8.08459e+08
2255558400 6.32143e+10 3.52377e+10 -8.12073e+08
2275344000 6.34956e+10 3.53945e+10 -8.15687e+08
2295216000 6.37769e+10 3.55512e+10 -8.19301e+08
2315174400 6.40582e+10 3.5708e+10 -8.22915e+08
2335219200 6.43395e+10 3.58648e+10 -8.26529e+08
2355350400 6.46208e+10 3.60216e+10 -8.30143e+08
2375568000 6.49021e+10 3.61783e+10 -8.33758e+08
2395872000 6.51834e+10 3.63351e+10 -8.37372e+08
2416262400 6.54647e+10 3.64919e+10 -8.40986e+08
2436739200 6.5746e+10 3.66486e+10 -8.446e+08
2457302400 6.60273e+10 3.68054e+10 -8.48214e+08
2477952000 6.63085e+10 3.69622e+10 -8.51828e+08
2498688000 6.65898e+10 3.7119e+10 -8.55442e+08
2519510400 6.68711e+10 3.72757e+10 -8.59056e+08
2540419200 6.71524e+10 3.74325e+10 -8.6267e+08
2561414400 6.74337e+10 3.75893e+10 -8.66285e+08
2582496000 6.7715e+10 3.7746e+10 -8.69899e+08
2603664000 6.79963e+10 3.79028e+10 -8.73513e+08
2624918400 6.82776e+10 3.80596e+10 -8.77127e+08
2646259200 6.85589e+10 3.82164e+10 -8.80741e+08
2667686400 6.88402e+10 3.83731e+10 -8.84355e+08
2689200000 6.91215e+10 3.85299e+10 -8.87969e+08
2710800000 6.94027e+10 3.86867e+10 -8.91583e+08
2732486400 6.9684e+10 3.88434e+10 -8.95197e+08
2754259200 6.99653e+10 3.90002e+10 -8.98812e+08
2776118400 7.02466e+10 3.9157e+10 -9.02426e+08
2798064000 7.05279e+10 3.93137e+10 -9.0604e+08
2820096000 7.08092e+10 3.94705e+10 -9.09654e+08
2842214400 7.10905e+10 3.96273e+10 -9.13268e+08
2864419200 7.13718e+10 3.97841e+10 -9.16882e+08
2886710400 7.16531e+10 3.99408e+10 -9.20496e+08
2909088000 7.19344e+10 4.00976e+10 -9.2411e+08
2931552000 7.22157e+10 4.02544e+10 -9.27724e+08
2954102400 7.24969e+10 4.04111e+10 -9.31338e+08
2976739200 7.27782e+10 4.05679e+10 -9.34952e+08
2999462400 7.30595e+10 4.07247e+10 -9.38567e+08
3022272000 7.33408e+10 4.08814e+10 -9.42181e+08
3045168000 7.36221e+10 4.10382e+10 -9.45795e+08
3068150400 7.39034e+10 4.1195e+10 -9.49409e+08
3091219200 7.41847e+10 4.13518e+10 -9.53023e+08
3114374400 7.4466e+10 4.15085e+10 -9.56637e+08
3137616000 7.47473e+10 4.16653e+10 -9.60251e+08
3160944000 7.50285e+10 4.18221e+10 -9.63865e+08
3184358400 7.53098e+10 4.19788e+10 -9.67479e+08
3207859200 7.55911e+10 4.21356e+10 -9.71093e+08
3231446400 7.58724e+10 4.22924e+10 -9.74707e+08
3255120000 7.61537e+10 4.24491e+10 -9.78321e+08
3278880000 7.6435e+10 4.26059e+10 -9.81936e+08
3302726400 7.67163e+10 4.27627e+10 -9.8555e+08
3326659200 7.69976e+10 4.29195e+10 -9.89164e+08
3350678400 7.72789e+10 4.30762e+10 -9.92778e+08
3374784000 7.75602e+10 4.3233e+10 -9.96392e+08
3398976000 7.78414e+10 4.33898e+10 -1.00001e+09
3423254400 7.81227e+10 4.35465e+10 -1.00362e+09
3447619200 7.8404e+10 4.37033e+10 -1.00723e+09
3472070400 7.86853e+10 4.38601e+10 -1.01085e+09
3496608000 7.89666e+10 4.40168e+10 -1.01446e+09
3521232000 7.92479e+10 4.41736e+10 -1.01808e+09
3545942400 7.95292e+10 4.43304e+10 -1.02169e+09
3570739200 7.98105e+10 4.44872e+10 -1.0253e+09
3595622400 8.00917e+10 4.46439e+10 -1.02892e+09
3620592000 8.0373e+10 4.48007e+10 -1.03253e+09
3645648000 8.06543e+10 4.49575e+10 -1.03615e+09
3670790400 8.09356e+10 4.51142e+10 -1.03976e+09
3696019200 8.12169e+10 4.5271e+10 -1.04337e+09
3721334400 8.14982e+10 4.54278e+10 -1.04699e+09
3746736000 8.17795e+10 4.55845e+10 -1.0506e+09
3772224000 8.20608e+10 4.57413e+10 -1.05422e+09
3797798400 8.23421e+10 4.58981e+10 -1.05783e+09
3823459200 8.26233e+10 4.60548e+10 -1.06145e+09
3849206400 8.29046e+10 4.62116e+10 -1.06506e+09
3875040000 8.31859e+10 4.63684e+10 -1.06867e+09
3900960000 8.34672e+10 4.65251e+10 -1.07229e+09
3926966400 8.37485e+10 4.66819e+10 -1.0759e+09
3953059200 8.40298e+10 4.68387e+10 -1.07952e+09
3979238400 8.43111e+10 4.69955e+10 -1.08313e+09
4005504000 8.45924e+10 4.71522e+10 -1.08674e+09
4031856000 8.48736e+10 4.7309e+10 -1.09036e+09
4058294400 8.51549e+10 4.74658e+10 -1.09397e+09
4084819200 8.54362e+10 4.76225e+10 -1.09759e+09
4111430400 8.57175e+10 4.77793e+10 -1.1012e+09
4138128000 8.59988e+10 4.79361e+10 -1.10481e+09
4164912000 8.62801e+10 4.80928e+10 -1.10843e+09
4191782400 8.65614e+10 4.82496e+10 -1.11204e+09
4218739200 8.68427e+10 4.84064e+10 -1.11566e+09
4245782400 8.71239e+10 4.85631e+10 -1.11927e+09
4272912000 8.74052e+10 4.87199e+10 -1.12288e+09
4300128000 8.76865e+10 4.88767e+10 -1.1265e+09
4327430400 8.79678e+10 4.90334e+10 -1.13011e+09
4354819200 8.82491e+10 4.91902e+10 -1.13373e+09
4382294400 8.85304e+10 4.9347e+10 -1.13734e+09
4409856000 8.88117e+10 4.95038e+10 -1.14095e+09
4437504000 8.9093e+10 4.96605e+10 -1.14457e+09
4465238400 8.93742e+10 4.98173e+10 -1.14818e+09
4493059200 8.96555e+10 4.99741e+10 -1.1518e+09
4520966400 8.99368e+10 5.01308e+10 -1.15541e+09
4548960000 9.02181e+10 5.02876e+10 -1.15902e+09
4577040000 9.04994e+10 5.04444e+10 -1.16264e+09
4605206400 9.07807e+10 5.06011e+10 -1.16625e+09
4633459200 9.1062e+10 5.07579e+10 -1.16987e+09
4661798400 9.13432e+10 5.09147e+10 -1.17348e+09
4690224000 9.16245e+10 5.10714e+10 -1.17709e+09
4718736000 9.19058e+10 5.12282e+10 -1.18071e+09
4747334400 9.21871e+10 5.1385e+10 -1.18432e+09
4776019200 9.24684e+10 5.15417e+10 -1.18794e+09
4804790400 9.27497e+10 5.16985e+10 -1.19155e+09
4833648000 9.3031e+10 5.18553e+10 -1.19517e+09
4862592000 9.33122e+10 5.2012e+10 -1.19878e+09
4891622400 9.35935e+10 5.21688e+10 -1.20239e+09
4920739200 9.38748e+10 5.23256e+10 -1.20601e+09
4949942400 9.41561e+10 5.24824e+10 -1.20962e+09
4979232000 9.44374e+10 5.26391e+10 -1.21324e+09
5008608000 9.47187e+10 5.27959e+10 -1.21685e+09
5038070400 9.5e+10 5.29527e+10 -1.22046e+09
5067619200 9.52813e+10 5.31094e+10 -1.22408e+09
5097254400 9.55625e+10 5.32662e+10 -1.22769e+09
5126976000 9.58438e+10 5.3423e+10 -1.23131e+09
5156784000 9.61251e+10 5.35797e+10 -1.23492e+09
5186678400 9.64064e+10 5.37365e+10 -1.23853e+09
5216659200 9.66877e+10 5.38933e+10 -1.24215e+09
5246726400 9.6969e+10 5.405e+10 -1.24576e+09
5276880000 9.72503e+10 5.42068e+10 -1.24938e+09
5307120000 9.75315e+10 5.43636e+10 -1.25299e+09
5337446400 9.78128e+10 5.45203e+10 -1.2566e+09
5367859200 9.80941e+10 5.46771e+10 -1.26022e+09
5398358400 9.83754e+10 5.48339e+10 -1.26383e+09
5428944000 9.86567e+10 5.49906e+10 -1.26745e+09
5459616000 9.8938e+10 5.51474e+10 -1.27106e+09
5490374400 9.92193e+10 5.53042e+10 -1.27467e+09
5521219200 9.95005e+10 5.54609e+10 -1.27829e+09
5552150400 9.97818e+10 5.56177e+10 -1.2819e+09
5583168000 1.00063e+11 5.57745e+10 -1.28552e+09
5614272000 1.00344e+11 5.59312e+10 -1.28913e+09
5645462400 1.00626e+11 5.6088e+10 -1.29274e+09
5676739200 1.00907e+11 5.62448e+10 -1.29636e+09
5708102400 1.01188e+11 5.64015e+10 -1.29997e+09
5739552000 1.0147e+11 5.65583e+10 -1.30359e+09
5771088000 1.01751e+11 5.67151e+10 -1.3072e+09
5802710400 1.02032e+11 5.68718e+10 -1.31081e+09
5834419200 1.02313e+11 5.70286e+10 -1.31443e+09
5866214400 1.02595e+11 5.71854e+10 -1.31804e+09
5898096000 1.02876e+11 5.73422e+10 -1.32166e+09
5930064000 1.03157e+11 5.74989e+10 -1.32527e+09
5962118400 1.03439e+11 5.76557e+10 -1.32888e+09
5994259200 1.0372e+11 5.78125e+10 -1.3325e+09
6026486400 1.04001e+11 5.79692e+10 -1.33611e+09
6058800000 1.04282e+11 5.8126e+10 -1.33973e+09
6091200000 1.04564e+11 5.82828e+10 -1.34334e+09
6123686400 1.04845e+11 5.84395e+10 -1.34695e+09
6156259200 1.05126e+11 5.85963e+10 -1.35057e+09
6188918400 1.05408e+11 5.87531e+10 -1.35418e+09
6221664000 1.05689e+11 5.89098e+10 -1.3578e+09
6254496000 1.0597e+11 5.90666e+10 -1.36141e+09
6287414400 1.06251e+11 5.92234e+10 -1.36502e+09
6320419200 1.06533e+11 5.93801e+10 -1.36864e+09
6353510400 1.06814e+11 5.95369e+10 -1.37225e+09
6386688000 1.07095e+11 5.96937e+10 -1.37587e+09
6419952000 1.07377e+11 5.98504e+10 -1.37948e+09
6453302400 1.07658e+11 6.00072e+10 -1.38309e+09
6486739200 1.07939e+11 6.0164e+10 -1.38671e+09
6520262400 1.0822e+11 6.03207e+10 -1.39032e+09
6553872000 1.08502e+11 6.04775e+10 -1.39394e+09
6587568000 1.08783e+11 6.06343e+10 -1.39755e+09
6621350400 1.09064e+11 6.0791e+10 -1.40117e+09
6655219200 1.09346e+11 6.09478e+10 -1.40478e+09
6689174400 1.09627e+11 6.11046e+10 -1.40839e+09
6723216000 1.09908e+11 6.12613e+10 -1.41201e+09
6757344000 1.10189e+11 6.14181e+10 -1.41562e+09
6791558400 1.10471e+11 6.15749e+10 -1.41924e+09
6825859200 1.10752e+11 6.17316e+10 -1.42285e+09
6860246400 1.11033e+11 6.18884e+10 -1.42646e+09
6894720000 1.11315e+11 6.20452e+10 -1.43008e+09
6929280000 1.11596e+11 6.22019e+10 -1.43369e+09
6963926400 1.11877e+11 6.23587e+10 -1.43731e+09
6998659200 1.12158e+11 6.25155e+10 -1.44092e+09
7033478400 1.1244e+11 6.26722e+10 -1.44453e+09
7068384000 1.12721e+11 6.2829e+10 -1.44815e+09
7103376000 1.13002e+11 6.29858e+10 -1.45176e+09
7138454400 1.13283e+11 6.31425e+10 -1.45538e+09
7173619200 1.13565e+11 6.32993e+10 -1.45899e+09
7208870400 1.13846e+11 6.34561e+10 -1.4626e+09
7244208000 1.14127e+11 6.36128e+10 -1.46622e+09
7279632000 1.14409e+11 6.37696e+10 -1.46983e+09
7315142400 1.1469e+11 6.39264e+10 -1.47345e+09
7350739200 1.14971e+11 6.40831e+10 -1.47706e+09
7386422400 1.15252e+11 6.42399e+10 -1.48067e+09
7422192000 1.15534e+11 6.43967e+10 -1.48429e+09
7458048000 1.15815e+11 6.45534e+10 -1.4879e+09
7493990400 1.16096e+11 6.47102e+10 -1.49152e+09
7530019200 1.16378e+11 6.4867e+10 -1.49513e+09
7566134400 1.16659e+11 6.50237e+10 -1.49874e+09
7602336000 1.1694e+11 6.51805e+10 -1.50236e+09
7638624000 1.17221e+11 6.53373e+10 -1.50597e+09
7674998400 1.17503e+11 6.5494e+10 -1.50959e+09
7711459200 1.17784e+11 6.56508e+10 -1.5132e+09
7748006400 1.18065e+11 6.58076e+10 -1.51681e+09
7784640000 1.18347e+11 6.59643e+10 -1.52043e+09
7821360000 1.18628e+11 6.61211e+10 -1.52404e+09
7858166400 1.18909e+11 6.62779e+10 -1.52766e+09
7895059200 1.1919e+11 6.64346e+10 -1.53127e+09
7932038400 1.19472e+11 6.65914e+10 -1.53488e+09
7969104000 1.19753e+11 6.67482e+10 -1.5385e+09
8006256000 1.20034e+11 6.69049e+10 -1.54211e+09
8043494400 1.20316e+11 6.70617e+10 -1.54573e+09
8080819200 1.20597e+11 6.72185e+10 -1.54934e+09
8118230400 1.20878e+11 6.73752e+10 -1.55295e+09
8155728000 1.21159e+11 6.7532e+10 -1.55657e+09
8193312000 1.21441e+11 6.76888e+10 -1.56018e+09
8230982400 1.21722e+11 6.78455e+10 -1.5638e+09
8268739200 1.22003e+11 6.80023e+10 -1.56741e+09
8306582400 1.22285e+11 6.81591e+10 -1.57102e+09
8344512000 1.22566e+11 6.83158e+10 -1.57464e+09
8382528000 1.22847e+11 6.84726e+10 -1.57825e+09
8420630400 1.23128e+11 6.86294e+10 -1.58187e+09
8458819200 1.2341e+11 6.87861e+10 -1.58548e+09
8497094400 1.23691e+11 6.89429e+10 -1.58909e+09
8535456000 1.23972e+11 6.90997e+10 -1.59271e+09
8573904000 1.24254e+11 6.92564e+10 -1.59632e+09
8612438400 1.24535e+11 6.94132e+10 -1.59994e+09
8651059200 1.24816e+11 6.957e+10 -1.60355e+09
8689766400 1.25097e+11 6.97267e+10 -1.60716e+09
8728560000 1.25379e+11 6.98835e+10 -1.61078e+09
8767440000 1.2566e+11 7.00403e+10 -1.61439e+09
8806406400 1.25941e+11 7.0197e+10 -1.61801e+09
8845459200 1.26223e+11 7.03538e+10 -1.62162e+09
8884598400 1.26504e+11 7.05106e+10 -1.62523e+09
8923824000 1.26785e+11 7.06673e+10 -1.62885e+09
8963136000 1.27066e+11 7.08241e+10 -1.63246e+09
9002534400 1.27348e+11 7.09809e+10 -1.63608e+09
9042019200 1.27629e+11 7.11376e+10 -1.63969e+09
9081590400 1.2791e+11 7.12944e+10 -1.6433e+09
9121248000 1.28192e+11 7.14512e+10 -1.64692e+09
9160992000 1.28473e+11 7.16079e+10 -1.65053e+09
9200822400 1.28754e+11 7.17647e+10 -1.65415e+09
9240739200 1.29035e+11 7.19215e+10 -1.65776e+09
9280742400 1.29317e+11 7.20782e+10 -1.66137e+09
9320832000 1.29598e+11 7.2235e+10 -1.66499e+09
9361008000 1.29879e+11 7.23918e+10 -1.6686e+09
9401270400 1.3016e+11 7.25485e+10 -1.67222e+09
9441619200 1.30442e+11 7.27053e+10 -1.67583e+09
9482054400 1.30723e+11 7.28621e+10 -1.67944e+09
9522576000 1.31004e+11 7.30188e+10 -1.68306e+09
9563184000 1.31286e+11 7.31756e+10 -1.68667e+09
9603878400 1.31567e+11 7.33324e+10 -1.69029e+09
9644659200 1.31848e+11 7.34891e+10 -1.6939e+09
9685526400 1.32129e+11 7.36459e+10 -1.69751e+09
9726480000 1.32411e+11 7.38027e+10 -1.70113e+09
9767520000 1.32692e+11 7.39594e+10 -1.70474e+09
9808646400 1.32973e+11 7.41162e+10 -1.70836e+09
9849859200 1.33255e+11 7.4273e+10 -1.71197e+09
9891158400 1.33536e+11 7.44297e+10 -1.71558e+09
9932544000 1.33817e+11 7.45865e+10 -1.7192e+09
9974016000 1.34098e+11 7.47433e+10 -1.72281e+09
10015574400 1.3438e+11 7.49e+10 -1.72643e+09
10057219200 1.34661e+11 7.50568e+10 -1.73004e+09
10098950400 1.34942e+11 7.52135e+10 -1.73365e+09
10140768000 1.35224e+11 7.53703e+10 -1.73727e+09
10182672000 1.35505e+11 7.55271e+10 -1.74088e+09
10224662400 1.35786e+11 7.56838e+10 -1.7445e+09
10266739200 1.36067e+11 7.58406e+10 -1.74811e+09
10308902400 1.36349e+11 7.59974e+10 -1.75172e+09
10351152000 1.3663e+11 7.61541e+10 -1.75534e+09
10393488000 1.36911e+11 7.63109e+10 -1.75895e+09
10435910400 1.37193e+11 7.64677e+10 -1.76257e+09
10478419200 1.37474e+11 7.66244e+10 -1.76618e+09
10521014400 1.37755e+11 7.67812e+10 -1.76979e+09
10563696000 1.38036e+11 7.6938e+10 -1.77341e+09
10606464000 1.38318e+11 7.70947e+10 -1.77702e+09
10649318400 1.38599e+11 7.72515e+10 -1.78064e+09
10692259200 1.3888e+11 7.74083e+10 -1.78425e+09
10735286400 1.39162e+11 7.7565e+10 -1.78786e+09
10778400000 1.39443e+11 7.77218e+10 -1.79148e+09
10821600000 1.39724e+11 7.78786e+10 -1.79509e+09
10864886400 1.40005e+11 7.80353e+10 -1.79871e+09
10908259200 1.40287e+11 7.81921e+10 -1.80232e+09
10951718400 1.40568e+11 7.83489e+10 -1.80593e+09
10995264000 1.40849e+11 7.85056e+10 -1.80955e+09
11038896000 1.41131e+11 7.86624e+10 -1.81316e+09
11082614400 1.41412e+11 7.88192e+10 -1.81678e+09
11126419200 1.41693e+11 7.89759e+10 -1.82039e+09
11170310400 1.41974e+11 7.91327e+10 -1.824e+09
11214288000 1.42256e+11 7.92895e+10 -1.82762e+09
11258352000 1.42537e+11 7.94462e+10 -1.83123e+09
11302502400 1.42818e+11 7.9603e+10 -1.83485e+09
11346739200 1.43099e+11 7.97598e+10 -1.83846e+09
11391062400 1.43381e+11 7.99165e+10 -1.84207e+09
11435472000 1.43662e+11 8.00733e+10 -1.84569e+09
11479968000 1.43943e+11 8.02301e+10 -1.8493e+09
11524550400 1.44225e+11 8.03868e+10 -1.85292e+09
11569219200 1.44506e+11 8.05436e+10 -1.85653e+09
11613974400 1.44787e+11 8.07004e+10 -1.86014e+09
11658816000 1.45068e+11 8.08571e+10 -1.86376e+09
11703744000 1.4535e+11 8.10139e+10 -1.86737e+09
11748758400 1.45631e+11 8.11706e+10 -1.87099e+09
11793859200 1.45912e+11 8.13274e+10 -1.8746e+09
11839046400 1.46194e+11 8.14842e+10 -1.87821e+09
11884320000 1.46475e+11 8.16409e+10 -1.88183e+09
11929680000 1.46756e+11 8.17977e+10 -1.88544e+09
11975126400 1.47037e+11 8.19545e+10 -1.88906e+09
12020659200 1.47319e+11 8.21112e+10 -1.89267e+09
12066278400 1.476e+11 8.2268e+10 -1.89628e+09
12111984000 1.47881e+11 8.24248e+10 -1.8999e+09
12157776000 1.48163e+11 8.25815e+10 -1.90351e+09
12203654400 1.48444e+11 8.27383e+10 -1.90713e+09
12249619200 1.48725e+11 8.28951e+10 -1.91074e+09
12295670400 1.49006e+11 8.30518e+10 -1.91435e+09
12341808000 1.49288e+11 8.32086e+10 -1.91797e+09
12388032000 1.49569e+11 8.33654e+10 -1.92158e+09
12434342400 1.4985e+11 8.35221e+10 -1.9252e+09
12480739200 1.50132e+11 8.36789e+10 -1.92881e+09
12527222400 1.50413e+11 8.38357e+10 -1.93242e+09
12573792000 1.50694e+11 8.39924e+10 -1.93604e+09
12620448000 1.50975e+11 8.41492e+10 -1.93965e+09
12667190400 1.51257e+11 8.4306e+10 -1.94327e+09
12714019200 1.51538e+11 8.44627e+10 -1.94688e+09
12760934400 1.51819e+11 8.46195e+10 -1.95049e+09
12807936000 1.521e+11 8.47763e+10 -1.95411e+09
12855024000 1.52382e+11 8.4933e+10 -1.95772e+09
12902198400 1.52663e+11 8.50898e+10 -1.96134e+09
12949459200 1.52944e+11 8.52465e+10 -1.96495e+09
12996806400 1.53226e+11 8.54033e+10 -1.96856e+09
13044240000 1.53507e+11 8.55601e+10 -1.97218e+09
13091760000 1.53788e+11 8.57168e+10 -1.97579e+09
13139366400 1.54069e+11 8.58736e+10 -1.97941e+09
13187059200 1.54351e+11 8.60304e+10 -1.98302e+09
13234838400 1.54632e+11 8.61871e+10 -1.98663e+09
13282704000 1.54913e+11 8.63439e+10 -1.99025e+09
13330656000 1.55195e+11 8.65007e+10 -1.99386e+09
13378694400 1.55476e+11 8.66574e+10 -1.99747e+09
13426819200 1.55757e+11 8.68142e+10 -2.00109e+09
13475030400 1.56038e+11 8.6971e+10 -2.0047e+09
13523328000 1.5632e+11 8.71277e+10 -2.00832e+09
13571712000 1.56601e+11 8.72845e+10 -2.01193e+09
13620182400 1.56882e+11 8.74413e+10 -2.01554e+09
13668739200 1.57164e+11 8.7598e+10 -2.01916e+09
13717382400 1.57445e+11 8.77548e+10 -2.02277e+09
13766112000 1.57726e+11 8.79116e+10 -2.02639e+09
13814928000 1.58007e+11 8.80683e+10 -2.03e+09
13863830400 1.58289e+11 8.82251e+10 -2.03361e+09
13912819200 1.5857e+11 8.83819e+10 -2.03723e+09
13961894400 1.58851e+11 8.85386e+10 -2.04084e+09
14011056000 1.59133e+11 8.86954e+10 -2.04446e+09
14060304000 1.59414e+11 8.88522e+10 -2.04807e+09
14109638400 1.59695e+11 8.90089e+10 -2.05168e+09
14159059200 1.59976e+11 8.91657e+10 -2.0553e+09
14208566400 1.60258e+11 8.93224e+10 -2.05891e+09
14258160000 1.60539e+11 8.94792e+10 -2.06253e+09
14307840000 1.6082e+11 8.9636e+10 -2.06614e+09
14357606400 1.61101e+11 8.97927e+10 -2.06975e+09
14407459200 1.61383e+11 8.99495e+10 -2.07337e+09
14457398400 1.61664e+11 9.01063e+10 -2.07698e+09
14507424000 1.61945e+11 9.0263e+10 -2.0806e+09
14557536000 1.62227e+11 9.04198e+10 -2.08421e+09
14607734400 1.62508e+11 9.05766e+10 -2.08782e+09
14658019200 1.62789e+11 9.07333e+10 -2.09144e+09
14708390400 1.6307e+11 9.08901e+10 -2.09505e+09
14758848000 1.63352e+11 9.10469e+10 -2.09867e+09
14809392000 1.63633e+11 9.12036e+10 -2.10228e+09
14860022400 1.63914e+11 9.13604e+10 -2.10589e+09
14910739200 1.64196e+11 9.15172e+10 -2.10951e+09
14961542400 1.64477e+11 9.16739e+10 -2.11312e+09
15012432000 1.64758e+11 9.18307e+10 -2.11674e+09
15063408000 1.65039e+11 9.19875e+10 -2.12035e+09
15114470400 1.65321e+11 9.21442e+10 -2.12396e+09
15165619200 1.65602e+11 9.2301e+10 -2.12758e+09
15216854400 1.65883e+11 9.24577e+10 -2.13119e+09
15268176000 1.66165e+11 9.26145e+10 -2.13481e+09
15319584000 1.66446e+11 9.27713e+10 -2.13842e+09
15371078400 1.66727e+11 9.2928e+10 -2.14203e+09
15422659200 1.67008e+11 9.30848e+10 -2.14565e+09
15474326400 1.6729e+11 9.32416e+10 -2.14926e+09
15526080000 1.67571e+11 9.33983e+10 -2.15288e+09
15577920000 1.67852e+11 9.35551e+10 -2.15649e+09
15629846400 1.68134e+11 9.37119e+10 -2.1601e+09
15681859200 1.68415e+11 9.38686e+10 -2.16372e+09
15733958400 1.68696e+11 9.40254e+10 -2.16733e+09
15786144000 1.68977e+11 9.41822e+10 -2.17095e+09
15838416000 1.69259e+11 9.43389e+10 -2.17456e+09
15890774400 1.6954e+11 9.44957e+10 -2.17817e+09
15943219200 1.69821e+11 9.46525e+10 -2.18179e+09
15995750400 1.70102e+11 9.48092e+10 -2.1854e+09
16048368000 1.70384e+11 9.4966e+10 -2.18902e+09
16101072000 1.70665e+11 9.51228e+10 -2.19263e+09
16153862400 1.70946e+11 9.52795e+10 -2.19624e+09
16206739200 1.71228e+11 9.54363e+10 -2.19986e+09
16259702400 1.71509e+11 9.5593e+10 -2.20347e+09
16312752000 1.7179e+11 9.57498e+10 -2.20709e+09
16365888000 1.72071e+11 9.59066e+10 -2.2107e+09
16419110400 1.72353e+11 9.60633e+10 -2.21431e+09
16472419200 1.72634e+11 9.62201e+10 -2.21793e+09
16525814400 1.72915e+11 9.63769e+10 -2.22154e+09
16579296000 1.73197e+11 9.65336e+10 -2.22516e+09
16632864000 1.73478e+11 9.66904e+10 -2.22877e+09
16686518400 1.73759e+11 9.68472e+10 -2.23238e+09
16740259200 1.7404e+11 9.70039e+10 -2.236e+09
16794086400 1.74322e+11 9.71607e+10 -2.23961e+09
16848000000 1.74603e+11 9.73175e+10 -2.24323e+09
16902000000 1.74884e+11 9.74742e+10 -2.24684e+09
16956086400 1.75166e+11 9.7631e+10 -2.25045e+09
17010259200 1.75447e+11 9.77878e+10 -2.25407e+09
17064518400 1.75728e+11 9.79445e+10 -2.25768e+09
17118864000 1.76009e+11 9.81013e+10 -2.2613e+09
17173296000 1.76291e+11 9.82581e+10 -2.26491e+09
17227814400 1.76572e+11 9.84148e+10 -2.26852e+09
17282419200 1.76853e+11 9.85716e+10 -2.27214e+09
17337110400 1.77134e+11 9.87283e+10 -2.27575e+09
17391888000 1.77416e+11 9.88851e+10 -2.27937e+09
17446752000 1.77697e+11 9.90419e+10 -2.28298e+09
17501702400 1.77978e+11 9.91986e+10 -2.28659e+09
17556739200 1.7826e+11 9.93554e+10 -2.29021e+09
17611862400 1.78541e+11 9.95122e+10 -2.29382e+09
17667072000 1.78822e+11 9.96689e+10 -2.29743e+09
17722368000 1.79103e+11 9.98257e+10 -2.30105e+09
17777750400 1.79385e+11 9.99825e+10 -2.30466e+09
17833219200 1.79666e+11 1.00139e+11 -2.30828e+09
17888774400 1.79947e+11 1.00296e+11 -2.31189e+09
17944416000 1.80229e+11 1.00453e+11 -2.3155e+09
18000144000 1.8051e+11 1.0061e+11 -2.31912e+09
18055958400 1.80791e+11 1.00766e+11 -2.32273e+09
18111859200 1.81072e+11 1.00923e+11 -2.32635e+09
18167846400 1.81354e+11 1.0108e+11 -2.32996e+09
18223920000 1.81635e+11 1.01237e+11 -2.33357e+09
18280080000 1.81916e+11 1.01393e+11 -2.33719e+09
18336326400 1.82198e+11 1.0155e+11 -2.3408e+09
18392659200 1.82479e+11 1.01707e+11 -2.34442e+09
18449078400 1.8276e+11 1.01864e+11 -2.34803e+09
18505584000 1.83041e+11 1.0202e+11 -2.35164e+09
18562176000 1.83323e+11 1.02177e+11 -2.35526e+09
18618854400 1.83604e+11 1.02334e+11 -2.35887e+09
18675619200 1.83885e+11 1.02491e+11 -2.36249e+09
18732470400 1.84167e+11 1.02647e+11 -2.3661e+09
18789408000 1.84448e+11 1.02804e+11 -2.36971e+09
18846432000 1.84729e+11 1.02961e+11 -2.37333e+09
18903542400 1.8501e+11 1.03118e+11 -2.37694e+09
18960739200 1.85292e+11 1.03275e+11 -2.38056e+09
19018022400 1.85573e+11 1.03431e+11 -2.38417e+09
19075392000 1.85854e+11 1.03588e+11 -2.38778e+09
19132848000 1.86135e+11 1.03745e+11 -2.3914e+09
19190390400 1.86417e+11 1.03902e+11 -2.39501e+09
19248019200 1.86698e+11 1.04058e+11 -2.39863e+09
19305734400 1.86979e+11 1.04215e+11 -2.40224e+09
19363536000 1.87261e+11 1.04372e+11 -2.40585e+09
19421424000 1.87542e+11 1.04529e+11 -2.40947e+09
19479398400 1.87823e+11 1.04685e+11 -2.41308e+09
19537459200 1.88104e+11 1.04842e+11 -2.4167e+09
19595606400 1.88386e+11 1.04999e+11 -2.42031e+09
19653840000 1.88667e+11 1.05156e+11 -2.42392e+09
19712160000 1.88948e+11 1.05312e+11 -2.42754e+09
19770566400 1.8923e+11 1.05469e+11 -2.43115e+09
19829059200 1.89511e+11 1.05626e+11 -2.43477e+09
19887638400 1.89792e+11 1.05783e+11 -2.43838e+09
19946304000 1.90073e+11 1.0594e+11 -2.44199e+09
20005056000 1.90355e+11 1.06096e+11 -2.44561e+09
20063894400 1.90636e+11 1.06253e+11 -2.44922e+09
20122819200 1.90917e+11 1.0641e+11 -2.45284e+09
20181830400 1.91199e+11 1.06567e+11 -2.45645e+09
20240928000 1.9148e+11 1.06723e+11 -2.46006e+09
20300112000 1.91761e+11 1.0688e+11 -2.46368e+09
20359382400 1.92042e+11 1.07037e+11 -2.46729e+09
20418739200 1.92324e+11 1.07194e+11 -2.47091e+09
20478182400 1.92605e+11 1.0735e+11 -2.47452e+09
20537712000 1.92886e+11 1.07507e+11 -2.47813e+09
20597328000 1.93167e+11 1.07664e+11 -2.48175e+09
20657030400 1.93449e+11 1.07821e+11 -2.48536e+09
20716819200 1.9373e+11 1.07977e+11 -2.48898e+09
20776694400 1.94011e+11 1.08134e+11 -2.49259e+09
20836656000 1.94293e+11 1.08291e+11 -2.4962e+09
20896704000 1.94574e+11 1.08448e+11 -2.49982e+09
20956838400 1.94855e+11 1.08605e+11 -2.50343e+09
21017059200 1.95136e+11 1.08761e+11 -2.50704e+09
21077366400 1.95418e+11 1.08918e+11 -2.51066e+09
21137760000 1.95699e+11 1.09075e+11 -2.51427e+09
21198240000 1.9598e+11 1.09232e+11 -2.51789e+09
21258806400 1.96262e+11 1.09388e+11 -2.5215e+09
21319459200 1.96543e+11 1.09545e+11 -2.52511e+09
21380198400 1.96824e+11 1.09702e+11 -2.52873e+09
21441024000 1.97105e+11 1.09859e+11 -2.53234e+09
21501936000 1.97387e+11 1.10015e+11 -2.53596e+09
21562934400 1.97668e+11 1.10172e+11 -2.53957e+09
21624019200 1.97949e+11 1.10329e+11 -2.54318e+09
21685190400 1.9823e+11 1.10486e+11 -2.5468e+09
21746448000 1.98512e+11 1.10642e+11 -2.55041e+09
21807792000 1.98793e+11 1.10799e+11 -2.55403e+09
21869222400 1.99074e+11 1.10956e+11 -2.55764e+09
21930739200 1.99356e+11 1.11113e+11 -2.56125e+09
21992342400 1.99637e+11 1.1127e+11 -2.56487e+09
22054032000 1.99918e+11 1.11426e+11 -2.56848e+09
22115808000 2.00199e+11 1.11583e+11 -2.5721e+09
22177670400 2.00481e+11 1.1174e+11 -2.57571e+09
22239619200 2.00762e+11 1.11897e+11 -2.57932e+09
22301654400 2.01043e+11 1.12053e+11 -2.58294e+09
22363776000 2.01325e+11 1.1221e+11 -2.58655e+09
22425984000 2.01606e+11 1.12367e+11 -2.59017e+09
22488278400 2.01887e+11 1.12524e+11 -2.59378e+09
22550659200 2.02168e+11 1.1268e+11 -2.59739e+09
22613126400 2.0245e+11 1.12837e+11 -2.60101e+09
22675680000 2.02731e+11 1.12994e+11 -2.60462e+09
22738320000 2.03012e+11 1.13151e+11 -2.60824e+09
22801046400 2.03294e+11 1.13307e+11 -2.61185e+09
22863859200 2.03575e+11 1.13464e+11 -2.61546e+09
22926758400 2.03856e+11 1.13621e+11 -2.61908e+09
22989744000 2.04137e+11 1.13778e+11 -2.62269e+09
23052816000 2.04419e+11 1.13935e+11 -2.62631e+09
23115974400 2.047e+11 1.14091e+11 -2.62992e+09
23179219200 2.04981e+11 1.14248e+11 -2.63353e+09
23242550400 2.05262e+11 1.14405e+11 -2.63715e+09
23305968000 2.05544e+11 1.14562e+11 -2.64076e+09
23369472000 2.05825e+11 1.14718e+11 -2.64438e+09
23433062400 2.06106e+11 1.14875e+11 -2.64799e+09
23496739200 2.06388e+11 1.15032e+11 -2.6516e+09
23560502400 2.06669e+11 1.15189e+11 -2.65522e+09
23624352000 2.0695e+11 1.15345e+11 -2.65883e+09
23688288000 2.07231e+11 1.15502e+11 -2.66245e+09
23752310400 2.07513e+11 1.15659e+11 -2.66606e+09
23816419200 2.07794e+11 1.15816e+11 -2.66967e+09
23880614400 2.08075e+11 1.15972e+11 -2.67329e+09
23944896000 2.08357e+11 1.16129e+11 -2.6769e+09
24009264000 2.08638e+11 1.16286e+11 -2.68051e+09
24073718400 2.08919e+11 1.16443e+11 -2.68413e+09
24138259200 2.092e+11 1.16599e+11 -2.68774e+09
24202886400 2.09482e+11 1.16756e+11 -2.69136e+09
24267600000 2.09763e+11 1.16913e+11 -2.69497e+09
24332400000 2.10044e+11 1.1707e+11 -2.69858e+09
24397286400 2.10326e+11 1.17227e+11 -2.7022e+09
24462259200 2.10607e+11 1.17383e+11 -2.70581e+09
24527318400 2.10888e+11 1.1754e+11 -2.70943e+09
24592464000 2.11169e+11 1.17697e+11 -2.71304e+09
24657696000 2.11451e+11 1.17854e+11 -2.71665e+09
24723014400 2.11732e+11 1.1801e+11 -2.72027e+09
24788419200 2.12013e+11 1.18167e+11 -2.72388e+09
24853910400 2.12294e+11 1.18324e+11 -2.7275e+09
24919488000 2.12576e+11 1.18481e+11 -2.73111e+09
24985152000 2.12857e+11 1.18637e+11 -2.73472e+09
25050902400 2.13138e+11 1.18794e+11 -2.73834e+09
25116739200 2.1342e+11 1.18951e+11 -2.74195e+09
25182662400 2.13701e+11 1.19108e+11 -2.74557e+09
25248672000 2.13982e+11 1.19264e+11 -2.74918e+09
25314768000 2.14263e+11 1.19421e+11 -2.75279e+09
25380950400 2.14545e+11 1.19578e+11 -2.75641e+09
25447219200 2.14826e+11 1.19735e+11 -2.76002e+09
25513574400 2.15107e+11 1.19892e+11 -2.76364e+09
25580016000 2.15389e+11 1.20048e+11 -2.76725e+09
25646544000 2.1567e+11 1.20205e+11 -2.77086e+09
25713158400 2.15951e+11 1.20362e+11 -2.77448e+09
25779859200 2.16232e+11 1.20519e+11 -2.77809e+09
25846646400 2.16514e+11 1.20675e+11 -2.78171e+09
25913520000 2.16795e+11 1.20832e+11 -2.78532e+09
25980480000 2.17076e+11 1.20989e+11 -2.78893e+09
26047526400 2.17357e+11 1.21146e+11 -2.79255e+09
26114659200 2.17639e+11 1.21302e+11 -2.79616e+09
26181878400 2.1792e+11 1.21459e+11 -2.79978e+09
26249184000 2.18201e+11 1.21616e+11 -2.80339e+09
26316576000 2.18483e+11 1.21773e+11 -2.807e+09
26384054400 2.18764e+11 1.21929e+11 -2.81062e+09
26451619200 2.19045e+11 1.22086e+11 -2.81423e+09
26519270400 2.19326e+11 1.22243e+11 -2.81785e+09
26587008000 2.19608e+11 1.224e+11 -2.82146e+09
26654832000 2.19889e+11 1.22557e+11 -2.82507e+09
26722742400 2.2017e+11 1.22713e+11 -2.82869e+09
26790739200 2.20452e+11 1.2287e+11 -2.8323e+09
26858822400 2.20733e+11 1.23027e+11 -2.83591e+09
26926992000 2.21014e+11 1.23184e+11 -2.83953e+09
26995248000 2.21295e+11 1.2334e+11 -2.84314e+09
27063590400 2.21577e+11 1.23497e+11 -2.84676e+09
27132019200 2.21858e+11 1.23654e+11 -2.85037e+09
27200534400 2.22139e+11 1.23811e+11 -2.85398e+09
27269136000 2.22421e+11 1.23967e+11 -2.8576e+09
27337824000 2.22702e+11 1.24124e+11 -2.86121e+09
27406598400 2.22983e+11 1.24281e+11 -2.86483e+09
27475459200 2.23264e+11 1.24438e+11 -2.86844e+09
27544406400 2.23546e+11 1.24594e+11 -2.87205e+09
27613440000 2.23827e+11 1.24751e+11 -2.87567e+09
27682560000 2.24108e+11 1.24908e+11 -2.87928e+09
27751766400 2.24389e+11 1.25065e+11 -2.8829e+09
27821059200 2.24671e+11 1.25222e+11 -2.88651e+09
27890438400 2.24952e+11 1.25378e+11 -2.89012e+09
27959904000 2.25233e+11 1.25535e+11 -2.89374e+09
28029456000 2.25515e+11 1.25692e+11 -2.89735e+09
28099094400 2.25796e+11 1.25849e+11 -2.90097e+09
28168819200 2.26077e+11 1.26005e+11 -2.90458e+09
28238630400 2.26358e+11 1.26162e+11 -2.90819e+09
28308528000 2.2664e+11 1.26319e+11 -2.91181e+09
28378512000 2.26921e+11 1.26476e+11 -2.91542e+09
28448582400 2.27202e+11 1.26632e+11 -2.91904e+09
28518739200 2.27484e+11 1.26789e+11 -2.92265e+09
28588982400 2.27765e+11 1.26946e+11 -2.92626e+09
28659312000 2.28046e+11 1.27103e+11 -2.92988e+09
28729728000 2.28327e+11 1.27259e+11 -2.93349e+09
28800230400 2.28609e+11 1.27416e+11 -2.93711e+09
28870819200 2.2889e+11 1.27573e+11 -2.94072e+09
28941494400 2.29171e+11 1.2773e+11 -2.94433e+09
29012256000 2.29452e+11 1.27887e+11 -2.94795e+09
29083104000 2.29734e+11 1.28043e+11 -2.95156e+09
29154038400 2.30015e+11 1.282e+11 -2.95518e+09
29225059200 2.30296e+11 1.28357e+11 -2.95879e+09
29296166400 2.30578e+11 1.28514e+11 -2.9624e+09
29367360000 2.30859e+11 1.2867e+11 -2.96602e+09
29438640000 2.3114e+11 1.28827e+11 -2.96963e+09
29510006400 2.31421e+11 1.28984e+11 -2.97325e+09
29581459200 2.31703e+11 1.29141e+11 -2.97686e+09
29652998400 2.31984e+11 1.29297e+11 -2.98047e+09
29724624000 2.32265e+11 1.29454e+11 -2.98409e+09
29796336000 2.32547e+11 1.29611e+11 -2.9877e+09
29868134400 2.32828e+11 1.29768e+11 -2.99131e+09
29940019200 2.33109e+11 1.29924e+11 -2.99493e+09
30011990400 2.3339e+11 1.30081e+11 -2.99854e+09
30084048000 2.33672e+11 1.30238e+11 -3.00216e+09
30156192000 2.33953e+11 1.30395e+11 -3.00577e+09
30228422400 2.34234e+11 1.30551e+11 -3.00938e+09
30300739200 2.34516e+11 1.30708e+11 -3.013e+09
30373142400 2.34797e+11 1.30865e+11 -3.01661e+09
30445632000 2.35078e+11 1.31022e+11 -3.02023e+09
30518208000 2.35359e+11 1.31179e+11 -3.02384e+09
30590870400 2.35641e+11 1.31335e+11 -3.02745e+09
30663619200 2.35922e+11 1.31492e+11 -3.03107e+09
30736454400 2.36203e+11 1.31649e+11 -3.03468e+09
30809376000 2.36484e+11 1.31806e+11 -3.0383e+09
30882384000 2.36766e+11 1.31962e+11 -3.04191e+09
30955478400 2.37047e+11 1.32119e+11 -3.04552e+09
31028659200 2.37328e+11 1.32276e+11 -3.04914e+09
31101926400 2.3761e+11 1.32433e+11 -3.05275e+09
31175280000 2.37891e+11 1.32589e+11 -3.05637e+09
31248720000 2.38172e+11 1.32746e+11 -3.05998e+09
31322246400 2.38453e+11 1.32903e+11 -3.06359e+09
31395859200 2.38735e+11 1.3306e+11 -3.06721e+09
31469558400 2.39016e+11 1.33216e+11 -3.07082e+09
31543344000 2.39297e+11 1.33373e+11 -3.07444e+09
31617216000 2.39579e+11 1.3353e+11 -3.07805e+09
31691174400 2.3986e+11 1.33687e+11 -3.08166e+09
31765219200 2.40141e+11 1.33844e+11 -3.08528e+09
31839350400 2.40422e+11 1.34e+11 -3.08889e+09
31913568000 2.40704e+11 1.34157e+11 -3.09251e+09
31987872000 2.40985e+11 1.34314e+11 -3.09612e+09
32062262400 2.41266e+11 1.34471e+11 -3.09973e+09
32136739200 2.41547e+11 1.34627e+11 -3.10335e+09
32211302400 2.41829e+11 1.34784e+11 -3.10696e+09
32285952000 2.4211e+11 1.34941e+11 -3.11058e+09
32360688000 2.42391e+11 1.35098e+11 -3.11419e+09
32435510400 2.42673e+11 1.35254e+11 -3.1178e+09
32510419200 2.42954e+11 1.35411e+11 -3.12142e+09
32585414400 2.43235e+11 1.35568e+11 -3.12503e+09
32660496000 2.43516e+11 1.35725e+11 -3.12864e+09
32735664000 2.43798e+11 1.35881e+11 -3.13226e+09
32810918400 2.44079e+11 1.36038e+11 -3.13587e+09
32886259200 2.4436e+11 1.36195e+11 -3.13949e+09
32961686400 2.44642e+11 1.36352e+11 -3.1431e+09
33037200000 2.44923e+11 1.36509e+11 -3.14671e+09
33112800000 2.45204e+11 1.36665e+11 -3.15033e+09
33188486400 2.45485e+11 1.36822e+11 -3.15394e+09
33264259200 2.45767e+11 1.36979e+11 -3.15756e+09
33340118400 2.46048e+11 1.37136e+11 -3.16117e+09
33416064000 2.46329e+11 1.37292e+11 -3.16478e+09
33492096000 2.4661e+11 1.37449e+11 -3.1684e+09
33568214400 2.46892e+11 1.37606e+11 -3.17201e+09
33644419200 2.47173e+11 1.37763e+11 -3.17563e+09
33720710400 2.47454e+11 1.37919e+11 -3.17924e+09
33797088000 2.47736e+11 1.38076e+11 -3.18285e+09
33873552000 2.48017e+11 1.38233e+11 -3.18647e+09
33950102400 2.48298e+11 1.3839e+11 -3.19008e+09
34026739200 2.48579e+11 1.38546e+11 -3.1937e+09
34103462400 2.48861e+11 1.38703e+11 -3.19731e+09
34180272000 2.49142e+11 1.3886e+11 -3.20092e+09
34257168000 2.49423e+11 1.39017e+11 -3.20454e+09
34334150400 2.49705e+11 1.39174e+11 -3.20815e+09
34411219200 2.49986e+11 1.3933e+11 -3.21177e+09
34488374400 2.50267e+11 1.39487e+11 -3.21538e+09
34565616000 2.50548e+11 1.39644e+11 -3.21899e+09
34642944000 2.5083e+11 1.39801e+11 -3.22261e+09
34720358400 2.51111e+11 1.39957e+11 -3.22622e+09
34797859200 2.51392e+11 1.40114e+11 -3.22984e+09
34875446400 2.51674e+11 1.40271e+11 -3.23345e+09
34953120000 2.51955e+11 1.40428e+11 -3.23706e+09
35030880000 2.52236e+11 1.40584e+11 -3.24068e+09
35108726400 2.52517e+11 1.40741e+11 -3.24429e+09
35186659200 2.52799e+11 1.40898e+11 -3.24791e+09
35264678400 2.5308e+11 1.41055e+11 -3.25152e+09
35342784000 2.53361e+11 1.41211e+11 -3.25513e+09
35420976000 2.53642e+11 1.41368e+11 -3.25875e+09
35499254400 2.53924e+11 1.41525e+11 -3.26236e+09
35577619200 2.54205e+11 1.41682e+11 -3.26597e+09
35656070400 2.54486e+11 1.41838e+11 -3.26959e+09
35734608000 2.54768e+11 1.41995e+11 -3.2732e+09
35813232000 2.55049e+11 1.42152e+11 -3.27682e+09
35891942400 2.5533e+11 1.42309e+11 -3.28043e+09
35970739200 2.55611e+11 1.42466e+11 -3.28404e+09
36049622400 2.55893e+11 1.42622e+11 -3.28766e+09
36128592000 2.56174e+11 1.42779e+11 -3.29127e+09
36207648000 2.56455e+11 1.42936e+11 -3.29489e+09
36286790400 2.56737e+11 1.43093e+11 -3.2985e+09
36366019200 2.57018e+11 1.43249e+11 -3.30211e+09
36445334400 2.57299e+11 1.43406e+11 -3.30573e+09
36524736000 2.5758e+11 1.43563e+11 -3.30934e+09
36604224000 2.57862e+11 1.4372e+11 -3.31296e+09
36683798400 2.58143e+11 1.43876e+11 -3.31657e+09
36763459200 2.58424e+11 1.44033e+11 -3.32018e+09
36843206400 2.58705e+11 1.4419e+11 -3.3238e+09
36923040000 2.58987e+11 1.44347e+11 -3.32741e+09
37002960000 2.59268e+11 1.44503e+11 -3.33103e+09
37082966400 2.59549e+11 1.4466e+11 -3.33464e+09
37163059200 2.59831e+11 1.44817e+11 -3.33825e+09
37243238400 2.60112e+11 1.44974e+11 -3.34187e+09
37323504000 2.60393e+11 1.45131e+11 -3.34548e+09
37403856000 2.60674e+11 1.45287e+11 -3.3491e+09
37484294400 2.60956e+11 1.45444e+11 -3.35271e+09
37564819200 2.61237e+11 1.45601e+11 -3.35632e+09
37645430400 2.61518e+11 1.45758e+11 -3.35994e+09
37726128000 2.618e+11 1.45914e+11 -3.36355e+09
37806912000 2.62081e+11 1.46071e+11 -3.36717e+09
37887782400 2.62362e+11 1.46228e+11 -3.37078e+09
37968739200 2.62643e+11 1.46385e+11 -3.37439e+09
38049782400 2.62925e+11 1.46541e+11 -3.37801e+09
38130912000 2.63206e+11 1.46698e+11 -3.38162e+09
38212128000 2.63487e+11 1.46855e+11 -3.38523e+09
38293430400 2.63768e+11 1.47012e+11 -3.38885e+09
38374819200 2.6405e+11 1.47168e+11 -3.39246e+09
38456294400 2.64331e+11 1.47325e+11 -3.39608e+09
38537856000 2.64612e+11 1.47482e+11 -3.39969e+09
38619504000 2.64894e+11 1.47639e+11 -3.4033e+09
38701238400 2.65175e+11 1.47796e+11 -3.40692e+09
38783059200 2.65456e+11 1.47952e+11 -3.41053e+09
38864966400 2.65737e+11 1.48109e+11 -3.41415e+09
38946960000 2.66019e+11 1.48266e+11 -3.41776e+09
39029040000 2.663e+11 1.48423e+11 -3.42137e+09
39111206400 2.66581e+11 1.48579e+11 -3.42499e+09
39193459200 2.66863e+11 1.48736e+11 -3.4286e+09
39275798400 2.67144e+11 1.48893e+11 -3.43222e+09
39358224000 2.67425e+11 1.4905e+11 -3.43583e+09
39440736000 2.67706e+11 1.49206e+11 -3.43944e+09
39523334400 2.67988e+11 1.49363e+11 -3.44306e+09
39606019200 2.68269e+11 1.4952e+11 -3.44667e+09
39688790400 2.6855e+11 1.49677e+11 -3.45029e+09
39771648000 2.68831e+11 1.49833e+11 -3.4539e+09
39854592000 2.69113e+11 1.4999e+11 -3.45751e+09
39937622400 2.69394e+11 1.50147e+11 -3.46113e+09
40020739200 2.69675e+11 1.50304e+11 -3.46474e+09
40103942400 2.69957e+11 1.5046e+11 -3.46836e+09
40187232000 2.70238e+11 1.50617e+11 -3.47197e+09
40270608000 2.70519e+11 1.50774e+11 -3.47558e+09
40354070400 2.708e+11 1.50931e+11 -3.4792e+09
40437619200 2.71082e+11 1.51088e+11 -3.48281e+09
40521254400 2.71363e+11 1.51244e+11 -3.48643e+09
40604976000 2.71644e+11 1.51401e+11 -3.49004e+09
40688784000 2.71926e+11 1.51558e+11 -3.49365e+09
40772678400 2.72207e+11 1.51715e+11 -3.49727e+09
40856659200 2.72488e+11 1.51871e+11 -3.50088e+09
40940726400 2.72769e+11 1.52028e+11 -3.50449e+09
41024880000 2.73051e+11 1.52185e+11 -3.50811e+09
41109120000 2.73332e+11 1.52342e+11 -3.51172e+09
41193446400 2.73613e+11 1.52498e+11 -3.51534e+09
41277859200 2.73894e+11 1.52655e+11 -3.51895e+09
41362358400 2.74176e+11 1.52812e+11 -3.52256e+09
41446944000 2.74457e+11 1.52969e+11 -3.52618e+09
41531616000 2.74738e+11 1.53125e+11 -3.52979e+09
41616374400 2.7502e+11 1.53282e+11 -3.53341e+09
41701219200 2.75301e+11 1.53439e+11 -3.53702e+09
41786150400 2.75582e+11 1.53596e+11 -3.54063e+09
41871168000 2.75863e+11 1.53753e+11 -3.54425e+09
41956272000 2.76145e+11 1.53909e+11 -3.54786e+09
42041462400 2.76426e+11 1.54066e+11 -3.55148e+09
42126739200 2.76707e+11 1.54223e+11 -3.55509e+09
42212102400 2.76989e+11 1.5438e+11 -3.5587e+09
42297552000 2.7727e+11 1.54536e+11 -3.56232e+09
42383088000 2.77551e+11 1.54693e+11 -3.56593e+09
42468710400 2.77832e+11 1.5485e+11 -3.56955e+09
42554419200 2.78114e+11 1.55007e+11 -3.57316e+09
42640214400 2.78395e+11 1.55163e+11 -3.57677e+09
42726096000 2.78676e+11 1.5532e+11 -3.58039e+09
42812064000 2.78957e+11 1.55477e+11 -3.584e+09
42898118400 2.79239e+11 1.55634e+11 -3.58762e+09
42984259200 2.7952e+11 1.5579e+11 -3.59123e+09
43070486400 2.79801e+11 1.55947e+11 -3.59484e+09
43156800000 2.80083e+11 1.56104e+11 -3.59846e+09
