0 4.42776e+09 -6.41382e+08 -8.88341e+07
86400 4.42777e+09 -6.40908e+08 -8.88441e+07
259200 4.42776e+09 -6.40429e+08 -8.88537e+07
518400 4.42773e+09 -6.39948e+08 -8.88628e+07
864000 4.42767e+09 -6.39462e+08 -8.88714e+07
1296000 4.42759e+09 -6.38974e+08 -8.88795e+07
1814400 4.42748e+09 -6.38481e+08 -8.88871e+07
2419200 4.42735e+09 -6.37985e+08 -8.88942e+07
3110400 4.42719e+09 -6.37486e+08 -8.89008e+07
3888000 4.42701e+09 -6.36983e+08 -8.8907e+07
4752000 4.42681e+09 -6.36477e+08 -8.89126e+07
5702400 4.42658e+09 -6.35967e+08 -8.89177e+07
6739200 4.42632e+09 -6.35453e+08 -8.89224e+07
7862400 4.42604e+09 -6.34936e+08 -8.89265e+07
9072000 4.42574e+09 -6.34416e+08 -8.89302e+07
10368000 4.42541e+09 -6.33892e+08 -8.89334e+07
11750400 4.42506e+09 -6.33364e+08 -8.89361e+07
13219200 4.42468e+09 -6.32833e+08 -8.89383e+07
14774400 4.42428e+09 -6.32298e+08 -8.894e+07
16416000 4.42385e+09 -6.3176e+08 -8.89412e+07
18144000 4.4234e+09 -6.31219e+08 -8.89419e+07
19958400 4.42293e+09 -6.30674e+08 -8.89421e+07
21859200 4.42243e+09 -6.30125e+08 -8.89418e+07
23846400 4.4219e+09 -6.29573e+08 -8.8941e+07
25920000 4.42136e+09 -6.29018e+08 -8.89397e+07
28080000 4.42078e+09 -6.28459e+08 -8.8938e+07
30326400 4.42018e+09 -6.27896e+08 -8.89357e+07
32659200 4.41956e+09 -6.2733e+08 -8.8933e+07
35078400 4.41891e+09 -6.2676e+08 -8.89297e+07
37584000 4.41824e+09 -6.26187e+08 -8.8926e+07
40176000 4.41754e+09 -6.25611e+08 -8.89217e+07
42854400 4.41682e+09 -6.25031e+08 -8.8917e+07
45619200 4.41608e+09 -6.24447e+08 -8.89117e+07
48470400 4.41531e+09 -6.2386e+08 -8.8906e+07
51408000 4.41451e+09 -6.2327e+08 -8.88998e+07
54432000 4.41369e+09 -6.22676e+08 -8.8893e+07
57542400 4.41285e+09 -6.22079e+08 -8.88858e+07
60739200 4.41198e+09 -6.21478e+08 -8.88781e+07
64022400 4.41108e+09 -6.20873e+08 -8.88699e+07
67392000 4.41016e+09 -6.20265e+08 -8.88612e+07
70848000 4.40922e+09 -6.19654e+08 -8.88519e+07
74390400 4.40825e+09 -6.19039e+08 -8.88422e+07
78019200 4.40726e+09 -6.18421e+08 -8.8832e+07
81734400 4.40624e+09 -6.17799e+08 -8.88213e+07
85536000 4.4052e+09 -6.17174e+08 -8.881e+07
89424000 4.40413e+09 -6.16545e+08 -8.87983e+07
93398400 4.40303e+09 -6.15913e+08 -8.87861e+07
97459200 4.40192e+09 -6.15277e+08 -8.87734e+07
101606400 4.40077e+09 -6.14638e+08 -8.87601e+07
105840000 4.39961e+09 -6.13995e+08 -8.87464e+07
110160000 4.39841e+09 -6.13349e+08 -8.87321e+07
114566400 4.3972e+09 -6.127e+08 -8.87174e+07
119059200 4.39595e+09 -6.12046e+08 -8.87022e+07
123638400 4.39468e+09 -6.1139e+08 -8.86864e+07
128304000 4.39339e+09 -6.1073e+08 -8.86701e+07
133056000 4.39207e+09 -6.10066e+08 -8.86534e+07
137894400 4.39073e+09 -6.09399e+08 -8.86361e+07
142819200 4.38936e+09 -6.08729e+08 -8.86183e+07
147830400 4.38797e+09 -6.08055e+08 -8.86e+07
152928000 4.38655e+09 -6.07377e+08 -8.85812e+07
158112000 4.38511e+09 -6.06696e+08 -8.85619e+07
163382400 4.38364e+09 -6.06012e+08 -8.85421e+07
168739200 4.38214e+09 -6.05324e+08 -8.85218e+07
174182400 4.38062e+09 -6.04633e+08 -8.85009e+07
179712000 4.37908e+09 -6.03938e+08 -8.84796e+07
185328000 4.37751e+09 -6.03239e+08 -8.84577e+07
191030400 4.37591e+09 -6.02538e+08 -8.84354e+07
196819200 4.37429e+09 -6.01832e+08 -8.84125e+07
202694400 4.37264e+09 -6.01123e+08 -8.83891e+07
208656000 4.37097e+09 -6.00411e+08 -8.83652e+07
214704000 4.36927e+09 -5.99695e+08 -8.83407e+07
220838400 4.36755e+09 -5.98976e+08 -8.83158e+07
227059200 4.3658e+09 -5.98253e+08 -8.82903e+07
233366400 4.36403e+09 -5.97527e+08 -8.82643e+07
239760000 4.36223e+09 -5.96797e+08 -8.82379e+07
246240000 4.3604e+09 -5.96064e+08 -8.82108e+07
252806400 4.35855e+09 -5.95328e+08 -8.81833e+07
259459200 4.35668e+09 -5.94587e+08 -8.81553e+07
266198400 4.35478e+09 -5.93844e+08 -8.81267e+07
273024000 4.35285e+09 -5.93097e+08 -8.80976e+07
279936000 4.35089e+09 -5.92346e+08 -8.8068e+07
286934400 4.34891e+09 -5.91592e+08 -8.80379e+07
294019200 4.34691e+09 -5.90834e+08 -8.80072e+07
301190400 4.34488e+09 -5.90073e+08 -8.7976e+07
308448000 4.34282e+09 -5.89308e+08 -8.79443e+07
315792000 4.34074e+09 -5.8854e+08 -8.79121e+07
323222400 4.33863e+09 -5.87768e+08 -8.78793e+07
330739200 4.33649e+09 -5.86993e+08 -8.7846e+07
338342400 4.33433e+09 -5.86215e+08 -8.78122e+07
346032000 4.33215e+09 -5.85432e+08 -8.77779e+07
353808000 4.32993e+09 -5.84647e+08 -8.7743e+07
361670400 4.32769e+09 -5.83857e+08 -8.77076e+07
369619200 4.32543e+09 -5.83065e+08 -8.76717e+07
377654400 4.32314e+09 -5.82269e+08 -8.76353e+07
385776000 4.32082e+09 -5.81469e+08 -8.75983e+07
393984000 4.31848e+09 -5.80666e+08 -8.75608e+07
402278400 4.3161e+09 -5.79859e+08 -8.75227e+07
410659200 4.31371e+09 -5.79049e+08 -8.74841e+07
419126400 4.31128e+09 -5.78235e+08 -8.7445e+07
427680000 4.30884e+09 -5.77417e+08 -8.74053e+07
436320000 4.30636e+09 -5.76597e+08 -8.73652e+07
445046400 4.30386e+09 -5.75772e+08 -8.73244e+07
453859200 4.30133e+09 -5.74944e+08 -8.72832e+07
462758400 4.29877e+09 -5.74113e+08 -8.72413e+07
471744000 4.29619e+09 -5.73278e+08 -8.7199e+07
480816000 4.29358e+09 -5.7244e+08 -8.71561e+07
489974400 4.29094e+09 -5.71598e+08 -8.71127e+07
499219200 4.28828e+09 -5.70752e+08 -8.70687e+07
508550400 4.28559e+09 -5.69903e+08 -8.70242e+07
517968000 4.28288e+09 -5.6905e+08 -8.69791e+07
527472000 4.28013e+09 -5.68194e+08 -8.69335e+07
537062400 4.27736e+09 -5.67334e+08 -8.68874e+07
546739200 4.27457e+09 -5.66471e+08 -8.68407e+07
556502400 4.27174e+09 -5.65604e+08 -8.67934e+07
566352000 4.26889e+09 -5.64734e+08 -8.67456e+07
576288000 4.26602e+09 -5.6386e+08 -8.66973e+07
586310400 4.26311e+09 -5.62983e+08 -8.66484e+07
596419200 4.26018e+09 -5.62102e+08 -8.65989e+07
606614400 4.25722e+09 -5.61217e+08 -8.65489e+07
616896000 4.25423e+09 -5.60329e+08 -8.64983e+07
627264000 4.25122e+09 -5.59437e+08 -8.64472e+07
637718400 4.24818e+09 -5.58542e+08 -8.63956e+07
648259200 4.24511e+09 -5.57643e+08 -8.63433e+07
658886400 4.24201e+09 -5.56741e+08 -8.62905e+07
669600000 4.23889e+09 -5.55835e+08 -8.62372e+07
680400000 4.23574e+09 -5.54925e+08 -8.61833e+07
691286400 4.23256e+09 -5.54012e+08 -8.61288e+07
702259200 4.22935e+09 -5.53096e+08 -8.60738e+07
713318400 4.22611e+09 -5.52175e+08 -8.60182e+07
724464000 4.22285e+09 -5.51251e+08 -8.5962e+07
735696000 4.21956e+09 -5.50324e+08 -8.59053e+07
747014400 4.21624e+09 -5.49393e+08 -8.5848e+07
758419200 4.2129e+09 -5.48458e+08 -8.57901e+07
769910400 4.20952e+09 -5.4752e+08 -8.57317e+07
781488000 4.20612e+09 -5.46578e+08 -8.56727e+07
793152000 4.20269e+09 -5.45633e+08 -8.56131e+07
804902400 4.19923e+09 -5.44684e+08 -8.5553e+07
816739200 4.19575e+09 -5.43731e+08 -8.54922e+07
828662400 4.19223e+09 -5.42775e+08 -8.54309e+07
840672000 4.18869e+09 -5.41815e+08 -8.53691e+07
852768000 4.18512e+09 -5.40851e+08 -8.53066e+07
864950400 4.18152e+09 -5.39884e+08 -8.52436e+07
877219200 4.17789e+09 -5.38914e+08 -8.518e+07
889574400 4.17423e+09 -5.37939e+08 -8.51158e+07
902016000 4.17055e+09 -5.36961e+08 -8.5051e+07
914544000 4.16684e+09 -5.35979e+08 -8.49856e+07
927158400 4.16309e+09 -5.34994e+08 -8.49197e+07
939859200 4.15932e+09 -5.34005e+08 -8.48532e+07
952646400 4.15552e+09 -5.33012e+08 -8.4786e+07
965520000 4.15169e+09 -5.32016e+08 -8.47183e+07
978480000 4.14783e+09 -5.31016e+08 -8.465e+07
991526400 4.14395e+09 -5.30012e+08 -8.45811e+07
1004659200 4.14003e+09 -5.29005e+08 -8.45116e+07
1017878400 4.13608e+09 -5.27994e+08 -8.44415e+07
1031184000 4.13211e+09 -5.26979e+08 -8.43709e+07
1044576000 4.1281e+09 -5.25961e+08 -8.42996e+07
1058054400 4.12407e+09 -5.24939e+08 -8.42277e+07
1071619200 4.12001e+09 -5.23913e+08 -8.41552e+07
1085270400 4.11592e+09 -5.22884e+08 -8.40821e+07
1099008000 4.11179e+09 -5.21851e+08 -8.40085e+07
1112832000 4.10764e+09 -5.20814e+08 -8.39342e+07
1126742400 4.10346e+09 -5.19773e+08 -8.38593e+07
1140739200 4.09925e+09 -5.18729e+08 -8.37838e+07
1154822400 4.09501e+09 -5.17681e+08 -8.37077e+07
1168992000 4.09074e+09 -5.16629e+08 -8.36309e+07
1183248000 4.08644e+09 -5.15573e+08 -8.35536e+07
1197590400 4.0821e+09 -5.14514e+08 -8.34756e+07
1212019200 4.07774e+09 -5.13451e+08 -8.33971e+07
1226534400 4.07335e+09 -5.12384e+08 -8.33179e+07
1241136000 4.06893e+09 -5.11314e+08 -8.32381e+07
1255824000 4.06448e+09 -5.1024e+08 -8.31576e+07
1270598400 4.05999e+09 -5.09162e+08 -8.30766e+07
1285459200 4.05548e+09 -5.0808e+08 -8.29949e+07
1300406400 4.05094e+09 -5.06994e+08 -8.29126e+07
1315440000 4.04636e+09 -5.05905e+08 -8.28297e+07
1330560000 4.04176e+09 -5.04811e+08 -8.27461e+07
1345766400 4.03712e+09 -5.03714e+08 -8.26619e+07
1361059200 4.03245e+09 -5.02614e+08 -8.25771e+07
1376438400 4.02776e+09 -5.01509e+08 -8.24916e+07
1391904000 4.02303e+09 -5.00401e+08 -8.24055e+07
1407456000 4.01827e+09 -4.99288e+08 -8.23188e+07
1423094400 4.01347e+09 -4.98172e+08 -8.22314e+07
1438819200 4.00865e+09 -4.97052e+08 -8.21434e+07
1454630400 4.0038e+09 -4.95928e+08 -8.20548e+07
1470528000 3.99891e+09 -4.94801e+08 -8.19654e+07
1486512000 3.99399e+09 -4.93669e+08 -8.18755e+07
1502582400 3.98904e+09 -4.92534e+08 -8.17849e+07
1518739200 3.98406e+09 -4.91395e+08 -8.16936e+07
1534982400 3.97905e+09 -4.90252e+08 -8.16017e+07
1551312000 3.974e+09 -4.89105e+08 -8.15091e+07
1567728000 3.96892e+09 -4.87954e+08 -8.14159e+07
1584230400 3.96381e+09 -4.86799e+08 -8.1322e+07
1600819200 3.95867e+09 -4.8564e+08 -8.12275e+07
1617494400 3.9535e+09 -4.84478e+08 -8.11323e+07
1634256000 3.94829e+09 -4.83311e+08 -8.10364e+07
1651104000 3.94305e+09 -4.82141e+08 -8.09398e+07
1668038400 3.93778e+09 -4.80967e+08 -8.08426e+07
1685059200 3.93247e+09 -4.79788e+08 -8.07447e+07
1702166400 3.92714e+09 -4.78606e+08 -8.06462e+07
1719360000 3.92177e+09 -4.7742e+08 -8.05469e+07
1736640000 3.91636e+09 -4.7623e+08 -8.0447e+07
1754006400 3.91092e+09 -4.75036e+08 -8.03464e+07
1771459200 3.90545e+09 -4.73838e+08 -8.02451e+07
1788998400 3.89995e+09 -4.72636e+08 -8.01432e+07
1806624000 3.89441e+09 -4.7143e+08 -8.00405e+07
1824336000 3.88884e+09 -4.70219e+08 -7.99371e+07
1842134400 3.88324e+09 -4.69005e+08 -7.98331e+07
1860019200 3.8776e+09 -4.67787e+08 -7.97284e+07
1877990400 3.87192e+09 -4.66565e+08 -7.96229e+07
1896048000 3.86622e+09 -4.65339e+08 -7.95168e+07
1914192000 3.86048e+09 -4.64109e+08 -7.94099e+07
1932422400 3.8547e+09 -4.62875e+08 -7.93024e+07
1950739200 3.84889e+09 -4.61636e+08 -7.91941e+07
1969142400 3.84305e+09 -4.60394e+08 -7.90852e+07
1987632000 3.83717e+09 -4.59148e+08 -7.89755e+07
2006208000 3.83125e+09 -4.57897e+08 -7.88651e+07
2024870400 3.82531e+09 -4.56642e+08 -7.8754e+07
2043619200 3.81932e+09 -4.55384e+08 -7.86422e+07
2062454400 3.8133e+09 -4.54121e+08 -7.85296e+07
2081376000 3.80725e+09 -4.52854e+08 -7.84163e+07
2100384000 3.80116e+09 -4.51583e+08 -7.83023e+07
2119478400 3.79503e+09 -4.50308e+08 -7.81876e+07
2138659200 3.78887e+09 -4.49028e+08 -7.80721e+07
2157926400 3.78268e+09 -4.47745e+08 -7.79559e+07
2177280000 3.77644e+09 -4.46457e+08 -7.78389e+07
2196720000 3.77017e+09 -4.45165e+08 -7.77212e+07
2216246400 3.76387e+09 -4.43869e+08 -7.76028e+07
2235859200 3.75753e+09 -4.42569e+08 -7.74836e+07
2255558400 3.75115e+09 -4.41265e+08 -7.73637e+07
2275344000 3.74473e+09 -4.39956e+08 -7.7243e+07
2295216000 3.73828e+09 -4.38643e+08 -7.71215e+07
2315174400 3.73179e+09 -4.37326e+08 -7.69993e+07
2335219200 3.72527e+09 -4.36004e+08 -7.68763e+07
2355350400 3.71871e+09 -4.34679e+08 -7.67526e+07
2375568000 3.71211e+09 -4.33349e+08 -7.6628e+07
2395872000 3.70547e+09 -4.32015e+08 -7.65027e+07
2416262400 3.69879e+09 -4.30676e+08 -7.63767e+07
2436739200 3.69208e+09 -4.29333e+08 -7.62498e+07
2457302400 3.68533e+09 -4.27986e+08 -7.61222e+07
2477952000 3.67854e+09 -4.26635e+08 -7.59938e+07
2498688000 3.67171e+09 -4.25279e+08 -7.58645e+07
2519510400 3.66484e+09 -4.23919e+08 -7.57345e+07
2540419200 3.65794e+09 -4.22554e+08 -7.56037e+07
2561414400 3.651e+09 -4.21186e+08 -7.54721e+07
2582496000 3.64401e+09 -4.19812e+08 -7.53397e+07
2603664000 3.63699e+09 -4.18435e+08 -7.52065e+07
2624918400 3.62993e+09 -4.17053e+08 -7.50724e+07
2646259200 3.62283e+09 -4.15666e+08 -7.49376e+07
2667686400 3.61569e+09 -4.14275e+08 -7.48019e+07
2689200000 3.60851e+09 -4.1288e+08 -7.46654e+07
2710800000 3.60129e+09 -4.1148e+08 -7.45281e+07
2732486400 3.59403e+09 -4.10076e+08 -7.439e+07
2754259200 3.58673e+09 -4.08667e+08 -7.4251e+07
2776118400 3.57939e+09 -4.07254e+08 -7.41112e+07
2798064000 3.572e+09 -4.05836e+08 -7.39705e+07
2820096000 3.56458e+09 -4.04414e+08 -7.3829e+07
2842214400 3.55712e+09 -4.02987e+08 -7.36866e+07
2864419200 3.54961e+09 -4.01555e+08 -7.35434e+07
2886710400 3.54206e+09 -4.00119e+08 -7.33993e+07
2909088000 3.53447e+09 -3.98679e+08 -7.32544e+07
2931552000 3.52684e+09 -3.97234e+08 -7.31085e+07
2954102400 3.51917e+09 -3.95784e+08 -7.29619e+07
2976739200 3.51145e+09 -3.9433e+08 -7.28143e+07
2999462400 3.5037e+09 -3.92871e+08 -7.26658e+07
3022272000 3.4959e+09 -3.91407e+08 -7.25165e+07
3045168000 3.48805e+09 -3.89939e+08 -7.23663e+07
3068150400 3.48016e+09 -3.88466e+08 -7.22152e+07
3091219200 3.47223e+09 -3.86988e+08 -7.20631e+07
3114374400 3.46426e+09 -3.85505e+08 -7.19102e+07
3137616000 3.45624e+09 -3.84018e+08 -7.17564e+07
3160944000 3.44818e+09 -3.82526e+08 -7.16016e+07
3184358400 3.44007e+09 -3.81029e+08 -7.1446e+07
3207859200 3.43192e+09 -3.79528e+08 -7.12894e+07
3231446400 3.42372e+09 -3.78022e+08 -7.11318e+07
3255120000 3.41548e+09 -3.76511e+08 -7.09734e+07
3278880000 3.4072e+09 -3.74995e+08 -7.0814e+07
3302726400 3.39886e+09 -3.73474e+08 -7.06536e+07
3326659200 3.39049e+09 -3.71948e+08 -7.04923e+07
3350678400 3.38206e+09 -3.70418e+08 -7.03301e+07
3374784000 3.37359e+09 -3.68882e+08 -7.01669e+07
3398976000 3.36508e+09 -3.67342e+08 -7.00027e+07
3423254400 3.35651e+09 -3.65797e+08 -6.98375e+07
3447619200 3.3479e+09 -3.64246e+08 -6.96714e+07
3472070400 3.33924e+09 -3.62691e+08 -6.95042e+07
3496608000 3.33054e+09 -3.61131e+08 -6.93361e+07
3521232000 3.32178e+09 -3.59566e+08 -6.9167e+07
3545942400 3.31298e+09 -3.57995e+08 -6.89969e+07
3570739200 3.30413e+09 -3.5642e+08 -6.88258e+07
3595622400 3.29523e+09 -3.5484e+08 -6.86536e+07
3620592000 3.28628e+09 -3.53254e+08 -6.84804e+07
3645648000 3.27728e+09 -3.51664e+08 -6.83062e+07
3670790400 3.26823e+09 -3.50068e+08 -6.8131e+07
3696019200 3.25913e+09 -3.48467e+08 -6.79547e+07
3721334400 3.24999e+09 -3.46861e+08 -6.77774e+07
3746736000 3.24079e+09 -3.4525e+08 -6.7599e+07
3772224000 3.23154e+09 -3.43633e+08 -6.74196e+07
3797798400 3.22223e+09 -3.42011e+08 -6.72391e+07
3823459200 3.21288e+09 -3.40384e+08 -6.70575e+07
3849206400 3.20347e+09 -3.38752e+08 -6.68748e+07
3875040000 3.19402e+09 -3.37115e+08 -6.6691e+07
3900960000 3.18451e+09 -3.35472e+08 -6.65062e+07
3926966400 3.17494e+09 -3.33823e+08 -6.63202e+07
3953059200 3.16532e+09 -3.3217e+08 -6.61331e+07
3979238400 3.15565e+09 -3.30511e+08 -6.59449e+07
4005504000 3.14593e+09 -3.28846e+08 -6.57555e+07
4031856000 3.13615e+09 -3.27176e+08 -6.55651e+07
4058294400 3.12631e+09 -3.25501e+08 -6.53734e+07
4084819200 3.11642e+09 -3.2382e+08 -6.51806e+07
4111430400 3.10648e+09 -3.22133e+08 -6.49867e+07
4138128000 3.09648e+09 -3.20441e+08 -6.47916e+07
4164912000 3.08642e+09 -3.18744e+08 -6.45953e+07
4191782400 3.0763e+09 -3.17041e+08 -6.43978e+07
4218739200 3.06613e+09 -3.15332e+08 -6.41991e+07
4245782400 3.0559e+09 -3.13617e+08 -6.39992e+07
4272912000 3.04561e+09 -3.11897e+08 -6.3798e+07
4300128000 3.03526e+09 -3.10171e+08 -6.35957e+07
4327430400 3.02485e+09 -3.0844e+08 -6.33921e+07
4354819200 3.01439e+09 -3.06702e+08 -6.31872e+07
4382294400 3.00386e+09 -3.04959e+08 -6.29811e+07
4409856000 2.99327e+09 -3.0321e+08 -6.27738e+07
4437504000 2.98262e+09 -3.01455e+08 -6.25651e+07
4465238400 2.97191e+09 -2.99694e+08 -6.23552e+07
4493059200 2.96114e+09 -2.97928e+08 -6.2144e+07
4520966400 2.95031e+09 -2.96155e+08 -6.19314e+07
4548960000 2.93941e+09 -2.94376e+08 -6.17176e+07
4577040000 2.92845e+09 -2.92592e+08 -6.15024e+07
4605206400 2.91742e+09 -2.90801e+08 -6.12858e+07
4633459200 2.90633e+09 -2.89004e+08 -6.10679e+07
4661798400 2.89518e+09 -2.87201e+08 -6.08486e+07
4690224000 2.88396e+09 -2.85392e+08 -6.0628e+07
4718736000 2.87267e+09 -2.83577e+08 -6.04059e+07
4747334400 2.86131e+09 -2.81755e+08 -6.01825e+07
4776019200 2.84989e+09 -2.79928e+08 -5.99576e+07
4804790400 2.8384e+09 -2.78094e+08 -5.97313e+07
4833648000 2.82684e+09 -2.76253e+08 -5.95035e+07
4862592000 2.81521e+09 -2.74406e+08 -5.92743e+07
4891622400 2.80352e+09 -2.72553e+08 -5.90436e+07
4920739200 2.79175e+09 -2.70694e+08 -5.88114e+07
4949942400 2.7799e+09 -2.68828e+08 -5.85777e+07
4979232000 2.76799e+09 -2.66955e+08 -5.83425e+07
5008608000 2.756e+09 -2.65076e+08 -5.81058e+07
5038070400 2.74394e+09 -2.6319e+08 -5.78675e+07
5067619200 2.73181e+09 -2.61298e+08 -5.76276e+07
5097254400 2.7196e+09 -2.59399e+08 -5.73862e+07
5126976000 2.70732e+09 -2.57493e+08 -5.71432e+07
5156784000 2.69495e+09 -2.5558e+08 -5.68985e+07
5186678400 2.68251e+09 -2.53661e+08 -5.66522e+07
5216659200 2.67e+09 -2.51735e+08 -5.64043e+07
5246726400 2.6574e+09 -2.49802e+08 -5.61547e+07
5276880000 2.64472e+09 -2.47861e+08 -5.59034e+07
5307120000 2.63197e+09 -2.45914e+08 -5.56504e+07
5337446400 2.61913e+09 -2.4396e+08 -5.53957e+07
5367859200 2.60621e+09 -2.41999e+08 -5.51392e+07
5398358400 2.5932e+09 -2.40031e+08 -5.4881e+07
5428944000 2.58011e+09 -2.38055e+08 -5.46209e+07
5459616000 2.56694e+09 -2.36072e+08 -5.43591e+07
5490374400 2.55367e+09 -2.34082e+08 -5.40954e+07
5521219200 2.54032e+09 -2.32085e+08 -5.38299e+07
5552150400 2.52689e+09 -2.3008e+08 -5.35625e+07
5583168000 2.51336e+09 -2.28067e+08 -5.32932e+07
5614272000 2.49974e+09 -2.26048e+08 -5.3022e+07
5645462400 2.48603e+09 -2.2402e+08 -5.27489e+07
5676739200 2.47223e+09 -2.21985e+08 -5.24737e+07
5708102400 2.45833e+09 -2.19942e+08 -5.21966e+07
5739552000 2.44434e+09 -2.17892e+08 -5.19175e+07
5771088000 2.43025e+09 -2.15834e+08 -5.16363e+07
5802710400 2.41606e+09 -2.13768e+08 -5.1353e+07
5834419200 2.40177e+09 -2.11694e+08 -5.10676e+07
5866214400 2.38738e+09 -2.09612e+08 -5.078e+07
5898096000 2.37289e+09 -2.07522e+08 -5.04903e+07
5930064000 2.3583e+09 -2.05423e+08 -5.01984e+07
5962118400 2.3436e+09 -2.03317e+08 -4.99043e+07
5994259200 2.3288e+09 -2.01202e+08 -4.96079e+07
6026486400 2.31389e+09 -1.99079e+08 -4.93092e+07
6058800000 2.29886e+09 -1.96948e+08 -4.90081e+07
6091200000 2.28373e+09 -1.94808e+08 -4.87047e+07
6123686400 2.26848e+09 -1.9266e+08 -4.83989e+07
6156259200 2.25312e+09 -1.90503e+08 -4.80906e+07
6188918400 2.23764e+09 -1.88337e+08 -4.77798e+07
6221664000 2.22204e+09 -1.86163e+08 -4.74666e+07
6254496000 2.20633e+09 -1.8398e+08 -4.71507e+07
6287414400 2.19049e+09 -1.81787e+08 -4.68322e+07
6320419200 2.17452e+09 -1.79586e+08 -4.65111e+07
6353510400 2.15843e+09 -1.77376e+08 -4.61872e+07
6386688000 2.14221e+09 -1.75156e+08 -4.58606e+07
6419952000 2.12586e+09 -1.72928e+08 -4.55312e+07
6453302400 2.10938e+09 -1.7069e+08 -4.5199e+07
6486739200 2.09276e+09 -1.68442e+08 -4.48638e+07
6520262400 2.076e+09 -1.66185e+08 -4.45257e+07
6553872000 2.0591e+09 -1.63918e+08 -4.41845e+07
6587568000 2.04206e+09 -1.61642e+08 -4.38403e+07
6621350400 2.02487e+09 -1.59356e+08 -4.34929e+07
6655219200 2.00753e+09 -1.5706e+08 -4.31423e+07
6689174400 1.99004e+09 -1.54754e+08 -4.27884e+07
6723216000 1.97239e+09 -1.52438e+08 -4.24312e+07
6757344000 1.95459e+09 -1.50111e+08 -4.20706e+07
6791558400 1.93662e+09 -1.47775e+08 -4.17065e+07
6825859200 1.91848e+09 -1.45428e+08 -4.13387e+07
6860246400 1.90018e+09 -1.4307e+08 -4.09674e+07
6894720000 1.8817e+09 -1.40702e+08 -4.05923e+07
6929280000 1.86305e+09 -1.38323e+08 -4.02134e+07
6963926400 1.84421e+09 -1.35933e+08 -3.98305e+07
6998659200 1.82519e+09 -1.33532e+08 -3.94436e+07
7033478400 1.80598e+09 -1.3112e+08 -3.90526e+07
7068384000 1.78657e+09 -1.28697e+08 -3.86574e+07
7103376000 1.76696e+09 -1.26263e+08 -3.82578e+07
7138454400 1.74715e+09 -1.23817e+08 -3.78537e+07
7173619200 1.72712e+09 -1.2136e+08 -3.74451e+07
7208870400 1.70687e+09 -1.18891e+08 -3.70317e+07
7244208000 1.68641e+09 -1.1641e+08 -3.66135e+07
7279632000 1.66571e+09 -1.13918e+08 -3.61903e+07
7315142400 1.64477e+09 -1.11413e+08 -3.57619e+07
7350739200 1.62359e+09 -1.08896e+08 -3.53281e+07
7386422400 1.60216e+09 -1.06367e+08 -3.48889e+07
7422192000 1.58047e+09 -1.03826e+08 -3.4444e+07
7458048000 1.5585e+09 -1.01273e+08 -3.39932e+07
7493990400 1.53626e+09 -9.87064e+07 -3.35363e+07
7530019200 1.51373e+09 -9.61277e+07 -3.30731e+07
7566134400 1.4909e+09 -9.35363e+07 -3.26033e+07
7602336000 1.46776e+09 -9.09322e+07 -3.21267e+07
7638624000 1.4443e+09 -8.83153e+07 -3.1643e+07
7674998400 1.4205e+09 -8.56855e+07 -3.11519e+07
7711459200 1.39635e+09 -8.3043e+07 -3.06531e+07
7748006400 1.37184e+09 -8.03877e+07 -3.01463e+07
7784640000 1.34694e+09 -7.77195e+07 -2.9631e+07
7821360000 1.32164e+09 -7.50387e+07 -2.91069e+07
7858166400 1.29593e+09 -7.23454e+07 -2.85735e+07
7895059200 1.26977e+09 -6.96397e+07 -2.80303e+07
7932038400 1.24315e+09 -6.69219e+07 -2.74768e+07
7969104000 1.21604e+09 -6.41923e+07 -2.69124e+07
8006256000 1.18841e+09 -6.14515e+07 -2.63365e+07
8043494400 1.16023e+09 -5.86999e+07 -2.57482e+07
8080819200 1.13146e+09 -5.59384e+07 -2.51469e+07
8118230400 1.10207e+09 -5.31679e+07 -2.45315e+07
8155728000 1.07201e+09 -5.03897e+07 -2.3901e+07
8193312000 1.04122e+09 -4.76052e+07 -2.32542e+07
8230982400 1.00965e+09 -4.48167e+07 -2.25898e+07
8268739200 9.77231e+08 -4.20266e+07 -2.19061e+07
8306582400 9.43883e+08 -3.92384e+07 -2.12013e+07
8344512000 9.0951e+08 -3.64566e+07 -2.04731e+07
8382528000 8.74e+08 -3.3687e+07 -1.9719e+07
8420630400 8.37215e+08 -3.09377e+07 -1.89355e+07
8458819200 7.98985e+08 -2.82197e+07 -1.81187e+07
8497094400 7.59093e+08 -2.55483e+07 -1.72634e+07
8535456000 7.17259e+08 -2.29461e+07 -1.63628e+07
8573904000 6.73105e+08 -2.04465e+07 -1.54076e+07
8612438400 6.261e+08 -1.81027e+07 -1.43851e+07
8651059200 5.75457e+08 -1.60044e+07 -1.32755e+07
8689766400 5.19905e+08 -1.43174e+07 -1.20472e+07
8728560000 4.57132e+08 -1.33948e+07 -1.06412e+07
8767440000 3.81997e+08 -1.41865e+07 -8.92385e+06
8806406400 2.7727e+08 -2.08393e+07 -6.42921e+06
8845459200 -1.0376e+08 -1.49911e+08 4.54825e+06
8884598400 -3.29205e+08 -2.135e+08 1.08115e+07
8923824000 -5.55755e+08 -2.77497e+08 1.71073e+07
8963136000 -7.82285e+08 -3.41498e+08 2.34026e+07
9002534400 -1.00867e+09 -4.05458e+08 2.96939e+07
9042019200 -1.23491e+09 -4.69378e+08 3.59812e+07
9081590400 -1.46102e+09 -5.33262e+08 4.22651e+07
9121248000 -1.68704e+09 -5.97117e+08 4.85461e+07
9160992000 -1.91297e+09 -6.60947e+08 5.48247e+07
9200822400 -2.13883e+09 -7.24757e+08 6.11014e+07
9240739200 -2.36462e+09 -7.88549e+08 6.73763e+07
9280742400 -2.59037e+09 -8.52327e+08 7.36498e+07
9320832000 -2.81607e+09 -9.16091e+08 7.99221e+07
9361008000 -3.04173e+09 -9.79845e+08 8.61932e+07
9401270400 -3.26735e+09 -1.04359e+09 9.24634e+07
9441619200 -3.49295e+09 -1.10732e+09 9.87327e+07
9482054400 -3.71851e+09 -1.17105e+09 1.05001e+08
9522576000 -3.94406e+09 -1.23477e+09 1.11269e+08
9563184000 -4.16958e+09 -1.29848e+09 1.17536e+08
9603878400 -4.39508e+09 -1.36219e+09 1.23803e+08
9644659200 -4.62056e+09 -1.42589e+09 1.30069e+08
9685526400 -4.84603e+09 -1.48959e+09 1.36335e+08
9726480000 -5.07148e+09 -1.55328e+09 1.426e+08
9767520000 -5.29691e+09 -1.61697e+09 1.48865e+08
9808646400 -5.52233e+09 -1.68066e+09 1.5513e+08
9849859200 -5.74774e+09 -1.74434e+09 1.61394e+08
9891158400 -5.97314e+09 -1.80802e+09 1.67658e+08
9932544000 -6.19853e+09 -1.8717e+09 1.73921e+08
9974016000 -6.42391e+09 -1.93537e+09 1.80185e+08
10015574400 -6.64928e+09 -1.99904e+09 1.86448e+08
10057219200 -6.87464e+09 -2.06271e+09 1.92711e+08
10098950400 -7.09999e+09 -2.12638e+09 1.98973e+08
10140768000 -7.32534e+09 -2.19004e+09 2.05235e+08
10182672000 -7.55068e+09 -2.2537e+09 2.11498e+08
10224662400 -7.77601e+09 -2.31736e+09 2.1776e+08
10266739200 -8.00133e+09 -2.38102e+09 2.24021e+08
10308902400 -8.22665e+09 -2.44467e+09 2.30283e+08
10351152000 -8.45196e+09 -2.50833e+09 2.36545e+08
10393488000 -8.67727e+09 -2.57198e+09 2.42806e+08
10435910400 -8.90257e+09 -2.63563e+09 2.49067e+08
10478419200 -9.12787e+09 -2.69928e+09 2.55328e+08
10521014400 -9.35316e+09 -2.76293e+09 2.61589e+08
10563696000 -9.57845e+09 -2.82658e+09 2.6785e+08
10606464000 -9.80373e+09 -2.89023e+09 2.7411e+08
10649318400 -1.0029e+10 -2.95387e+09 2.80371e+08
10692259200 -1.02543e+10 -3.01752e+09 2.86631e+08
10735286400 -1.04796e+10 -3.08116e+09 2.92892e+08
10778400000 -1.07048e+10 -3.1448e+09 2.99152e+08
10821600000 -1.09301e+10 -3.20844e+09 3.05412e+08
10864886400 -1.11554e+10 -3.27208e+09 3.11672e+08
10908259200 -1.13806e+10 -3.33572e+09 3.17932e+08
10951718400 -1.16059e+10 -3.39936e+09 3.24192e+08
10995264000 -1.18311e+10 -3.463e+09 3.30452e+08
11038896000 -1.20564e+10 -3.52663e+09 3.36711e+08
11082614400 -1.22816e+10 -3.59027e+09 3.42971e+08
11126419200 -1.25069e+10 -3.6539e+09 3.49231e+08
11170310400 -1.27321e+10 -3.71754e+09 3.5549e+08
11214288000 -1.29573e+10 -3.78117e+09 3.61749e+08
11258352000 -1.31826e+10 -3.8448e+09 3.68009e+08
11302502400 -1.34078e+10 -3.90844e+09 3.74268e+08
11346739200 -1.3633e+10 -3.97207e+09 3.80527e+08
11391062400 -1.38583e+10 -4.0357e+09 3.86786e+08
11435472000 -1.40835e+10 -4.09933e+09 3.93045e+08
11479968000 -1.43087e+10 -4.16296e+09 3.99304e+08
11524550400 -1.45339e+10 -4.22659e+09 4.05563e+08
11569219200 -1.47592e+10 -4.29021e+09 4.11822e+08
11613974400 -1.49844e+10 -4.35384e+09 4.18081e+08
11658816000 -1.52096e+10 -4.41747e+09 4.2434e+08
11703744000 -1.54348e+10 -4.4811e+09 4.30599e+08
11748758400 -1.566e+10 -4.54472e+09 4.36857e+08
11793859200 -1.58852e+10 -4.60835e+09 4.43116e+08
11839046400 -1.61104e+10 -4.67198e+09 4.49375e+08
11884320000 -1.63356e+10 -4.7356e+09 4.55633e+08
11929680000 -1.65609e+10 -4.79922e+09 4.61892e+08
11975126400 -1.67861e+10 -4.86285e+09 4.6815e+08
12020659200 -1.70113e+10 -4.92647e+09 4.74409e+08
12066278400 -1.72365e+10 -4.9901e+09 4.80667e+08
12111984000 -1.74617e+10 -5.05372e+09 4.86925e+08
12157776000 -1.76869e+10 -5.11734e+09 4.93184e+08
12203654400 -1.79121e+10 -5.18096e+09 4.99442e+08
12249619200 -1.81373e+10 -5.24459e+09 5.057e+08
12295670400 -1.83625e+10 -5.30821e+09 5.11959e+08
12341808000 -1.85876e+10 -5.37183e+09 5.18217e+08
12388032000 -1.88128e+10 -5.43545e+09 5.24475e+08
12434342400 -1.9038e+10 -5.49907e+09 5.30733e+08
12480739200 -1.92632e+10 -5.56269e+09 5.36991e+08
12527222400 -1.94884e+10 -5.62631e+09 5.43249e+08
12573792000 -1.97136e+10 -5.68993e+09 5.49507e+08
12620448000 -1.99388e+10 -5.75355e+09 5.55765e+08
12667190400 -2.0164e+10 -5.81717e+09 5.62023e+08
12714019200 -2.03892e+10 -5.88079e+09 5.68281e+08
12760934400 -2.06143e+10 -5.9444e+09 5.74539e+08
12807936000 -2.08395e+10 -6.00802e+09 5.80797e+08
12855024000 -2.10647e+10 -6.07164e+09 5.87055e+08
12902198400 -2.12899e+10 -6.13526e+09 5.93313e+08
12949459200 -2.15151e+10 -6.19888e+09 5.9957e+08
12996806400 -2.17403e+10 -6.26249e+09 6.05828e+08
13044240000 -2.19654e+10 -6.32611e+09 6.12086e+08
13091760000 -2.21906e+10 -6.38973e+09 6.18344e+08
13139366400 -2.24158e+10 -6.45334e+09 6.24601e+08
13187059200 -2.2641e+10 -6.51696e+09 6.30859e+08
13234838400 -2.28661e+10 -6.58057e+09 6.37117e+08
13282704000 -2.30913e+10 -6.64419e+09 6.43374e+08
13330656000 -2.33165e+10 -6.7078e+09 6.49632e+08
13378694400 -2.35417e+10 -6.77142e+09 6.5589e+08
13426819200 -2.37668e+10 -6.83503e+09 6.62147e+08
13475030400 -2.3992e+10 -6.89865e+09 6.68405e+08
13523328000 -2.42172e+10 -6.96226e+09 6.74662e+08
13571712000 -2.44423e+10 -7.02588e+09 6.8092e+08
13620182400 -2.46675e+10 -7.08949e+09 6.87177e+08
13668739200 -2.48927e+10 -7.15311e+09 6.93435e+08
13717382400 -2.51179e+10 -7.21672e+09 6.99692e+08
13766112000 -2.5343e+10 -7.28033e+09 7.0595e+08
13814928000 -2.55682e+10 -7.34395e+09 7.12207e+08
13863830400 -2.57934e+10 -7.40756e+09 7.18464e+08
13912819200 -2.60185e+10 -7.47117e+09 7.24722e+08
13961894400 -2.62437e+10 -7.53479e+09 7.30979e+08
14011056000 -2.64688e+10 -7.5984e+09 7.37236e+08
14060304000 -2.6694e+10 -7.66201e+09 7.43494e+08
14109638400 -2.69192e+10 -7.72562e+09 7.49751e+08
14159059200 -2.71443e+10 -7.78924e+09 7.56008e+08
14208566400 -2.73695e+10 -7.85285e+09 7.62266e+08
14258160000 -2.75947e+10 -7.91646e+09 7.68523e+08
14307840000 -2.78198e+10 -7.98007e+09 7.7478e+08
14357606400 -2.8045e+10 -8.04368e+09 7.81037e+08
14407459200 -2.82701e+10 -8.10729e+09 7.87295e+08
14457398400 -2.84953e+10 -8.1709e+09 7.93552e+08
14507424000 -2.87205e+10 -8.23452e+09 7.99809e+08
14557536000 -2.89456e+10 -8.29813e+09 8.06066e+08
14607734400 -2.91708e+10 -8.36174e+09 8.12323e+08
14658019200 -2.93959e+10 -8.42535e+09 8.1858e+08
14708390400 -2.96211e+10 -8.48896e+09 8.24838e+08
14758848000 -2.98462e+10 -8.55257e+09 8.31095e+08
14809392000 -3.00714e+10 -8.61618e+09 8.37352e+08
14860022400 -3.02966e+10 -8.67979e+09 8.43609e+08
14910739200 -3.05217e+10 -8.7434e+09 8.49866e+08
14961542400 -3.07469e+10 -8.80701e+09 8.56123e+08
15012432000 -3.0972e+10 -8.87062e+09 8.6238e+08
15063408000 -3.11972e+10 -8.93423e+09 8.68637e+08
15114470400 -3.14223e+10 -8.99784e+09 8.74894e+08
15165619200 -3.16475e+10 -9.06145e+09 8.81151e+08
15216854400 -3.18726e+10 -9.12506e+09 8.87408e+08
15268176000 -3.20978e+10 -9.18867e+09 8.93665e+08
15319584000 -3.23229e+10 -9.25227e+09 8.99922e+08
15371078400 -3.25481e+10 -9.31588e+09 9.06179e+08
15422659200 -3.27732e+10 -9.37949e+09 9.12436e+08
15474326400 -3.29984e+10 -9.4431e+09 9.18693e+08
15526080000 -3.32235e+10 -9.50671e+09 9.2495e+08
15577920000 -3.34487e+10 -9.57032e+09 9.31207e+08
15629846400 -3.36738e+10 -9.63393e+09 9.37464e+08
15681859200 -3.3899e+10 -9.69753e+09 9.43721e+08
15733958400 -3.41241e+10 -9.76114e+09 9.49978e+08
15786144000 -3.43493e+10 -9.82475e+09 9.56235e+08
15838416000 -3.45744e+10 -9.88836e+09 9.62491e+08
15890774400 -3.47996e+10 -9.95197e+09 9.68748e+08
15943219200 -3.50247e+10 -1.00156e+10 9.75005e+08
15995750400 -3.52499e+10 -1.00792e+10 9.81262e+08
16048368000 -3.5475e+10 -1.01428e+10 9.87519e+08
16101072000 -3.57001e+10 -1.02064e+10 9.93776e+08
16153862400 -3.59253e+10 -1.027e+10 1.00003e+09
16206739200 -3.61504e+10 -1.03336e+10 1.00629e+09
16259702400 -3.63756e+10 -1.03972e+10 1.01255e+09
16312752000 -3.66007e+10 -1.04608e+10 1.0188e+09
16365888000 -3.68259e+10 -1.05244e+10 1.02506e+09
16419110400 -3.7051e+10 -1.0588e+10 1.03132e+09
16472419200 -3.72762e+10 -1.06516e+10 1.03757e+09
16525814400 -3.75013e+10 -1.07153e+10 1.04383e+09
16579296000 -3.77264e+10 -1.07789e+10 1.05009e+09
16632864000 -3.79516e+10 -1.08425e+10 1.05634e+09
16686518400 -3.81767e+10 -1.09061e+10 1.0626e+09
16740259200 -3.84019e+10 -1.09697e+10 1.06886e+09
16794086400 -3.8627e+10 -1.10333e+10 1.07511e+09
16848000000 -3.88521e+10 -1.10969e+10 1.08137e+09
16902000000 -3.90773e+10 -1.11605e+10 1.08763e+09
16956086400 -3.93024e+10 -1.12241e+10 1.09388e+09
17010259200 -3.95276e+10 -1.12877e+10 1.10014e+09
17064518400 -3.97527e+10 -1.13513e+10 1.1064e+09
17118864000 -3.99779e+10 -1.14149e+10 1.11265e+09
17173296000 -4.0203e+10 -1.14785e+10 1.11891e+09
17227814400 -4.04281e+10 -1.15421e+10 1.12517e+09
17282419200 -4.06533e+10 -1.16057e+10 1.13142e+09
17337110400 -4.08784e+10 -1.16693e+10 1.13768e+09
17391888000 -4.11035e+10 -1.17329e+10 1.14394e+09
17446752000 -4.13287e+10 -1.17966e+10 1.15019e+09
17501702400 -4.15538e+10 -1.18602e+10 1.15645e+09
17556739200 -4.1779e+10 -1.19238e+10 1.16271e+09
17611862400 -4.20041e+10 -1.19874e+10 1.16896e+09
17667072000 -4.22292e+10 -1.2051e+10 1.17522e+09
17722368000 -4.24544e+10 -1.21146e+10 1.18148e+09
17777750400 -4.26795e+10 -1.21782e+10 1.18773e+09
17833219200 -4.29046e+10 -1.22418e+10 1.19399e+09
17888774400 -4.31298e+10 -1.23054e+10 1.20025e+09
17944416000 -4.33549e+10 -1.2369e+10 1.2065e+09
18000144000 -4.35801e+10 -1.24326e+10 1.21276e+09
18055958400 -4.38052e+10 -1.24962e+10 1.21902e+09
18111859200 -4.40303e+10 -1.25598e+10 1.22527e+09
18167846400 -4.42555e+10 -1.26234e+10 1.23153e+09
18223920000 -4.44806e+10 -1.2687e+10 1.23779e+09
18280080000 -4.47057e+10 -1.27506e+10 1.24404e+09
18336326400 -4.49309e+10 -1.28142e+10 1.2503e+09
18392659200 -4.5156e+10 -1.28778e+10 1.25656e+09
18449078400 -4.53811e+10 -1.29414e+10 1.26281e+09
18505584000 -4.56063e+10 -1.3005e+10 1.26907e+09
18562176000 -4.58314e+10 -1.30686e+10 1.27532e+09
18618854400 -4.60565e+10 -1.31322e+10 1.28158e+09
18675619200 -4.62817e+10 -1.31959e+10 1.28784e+09
18732470400 -4.65068e+10 -1.32595e+10 1.29409e+09
18789408000 -4.67319e+10 -1.33231e+10 1.30035e+09
18846432000 -4.69571e+10 -1.33867e+10 1.30661e+09
18903542400 -4.71822e+10 -1.34503e+10 1.31286e+09
18960739200 -4.74073e+10 -1.35139e+10 1.31912e+09
19018022400 -4.76325e+10 -1.35775e+10 1.32538e+09
19075392000 -4.78576e+10 -1.36411e+10 1.33163e+09
19132848000 -4.80827e+10 -1.37047e+10 1.33789e+09
19190390400 -4.83079e+10 -1.37683e+10 1.34415e+09
19248019200 -4.8533e+10 -1.38319e+10 1.3504e+09
19305734400 -4.87581e+10 -1.38955e+10 1.35666e+09
19363536000 -4.89832e+10 -1.39591e+10 1.36292e+09
19421424000 -4.92084e+10 -1.40227e+10 1.36917e+09
19479398400 -4.94335e+10 -1.40863e+10 1.37543e+09
19537459200 -4.96586e+10 -1.41499e+10 1.38168e+09
19595606400 -4.98838e+10 -1.42135e+10 1.38794e+09
19653840000 -5.01089e+10 -1.42771e+10 1.3942e+09
19712160000 -5.0334e+10 -1.43407e+10 1.40045e+09
19770566400 -5.05592e+10 -1.44043e+10 1.40671e+09
19829059200 -5.07843e+10 -1.44679e+10 1.41297e+09
19887638400 -5.10094e+10 -1.45315e+10 1.41922e+09
19946304000 -5.12345e+10 -1.45951e+10 1.42548e+09
20005056000 -5.14597e+10 -1.46587e+10 1.43174e+09
20063894400 -5.16848e+10 -1.47223e+10 1.43799e+09
20122819200 -5.19099e+10 -1.47859e+10 1.44425e+09
20181830400 -5.21351e+10 -1.48495e+10 1.4505e+09
20240928000 -5.23602e+10 -1.49131e+10 1.45676e+09
20300112000 -5.25853e+10 -1.49767e+10 1.46302e+09
20359382400 -5.28104e+10 -1.50403e+10 1.46927e+09
20418739200 -5.30356e+10 -1.51039e+10 1.47553e+09
20478182400 -5.32607e+10 -1.51675e+10 1.48179e+09
20537712000 -5.34858e+10 -1.52312e+10 1.48804e+09
20597328000 -5.3711e+10 -1.52948e+10 1.4943e+09
20657030400 -5.39361e+10 -1.53584e+10 1.50056e+09
20716819200 -5.41612e+10 -1.5422e+10 1.50681e+09
20776694400 -5.43863e+10 -1.54856e+10 1.51307e+09
20836656000 -5.46115e+10 -1.55492e+10 1.51932e+09
20896704000 -5.48366e+10 -1.56128e+10 1.52558e+09
20956838400 -5.50617e+10 -1.56764e+10 1.53184e+09
21017059200 -5.52868e+10 -1.574e+10 1.53809e+09
21077366400 -5.5512e+10 -1.58036e+10 1.54435e+09
21137760000 -5.57371e+10 -1.58672e+10 1.55061e+09
21198240000 -5.59622e+10 -1.59308e+10 1.55686e+09
21258806400 -5.61874e+10 -1.59944e+10 1.56312e+09
21319459200 -5.64125e+10 -1.6058e+10 1.56937e+09
21380198400 -5.66376e+10 -1.61216e+10 1.57563e+09
21441024000 -5.68627e+10 -1.61852e+10 1.58189e+09
21501936000 -5.70879e+10 -1.62488e+10 1.58814e+09
21562934400 -5.7313e+10 -1.63124e+10 1.5944e+09
21624019200 -5.75381e+10 -1.6376e+10 1.60066e+09
21685190400 -5.77632e+10 -1.64396e+10 1.60691e+09
21746448000 -5.79884e+10 -1.65032e+10 1.61317e+09
21807792000 -5.82135e+10 -1.65668e+10 1.61942e+09
21869222400 -5.84386e+10 -1.66304e+10 1.62568e+09
21930739200 -5.86637e+10 -1.6694e+10 1.63194e+09
21992342400 -5.88889e+10 -1.67576e+10 1.63819e+09
22054032000 -5.9114e+10 -1.68212e+10 1.64445e+09
22115808000 -5.93391e+10 -1.68848e+10 1.65071e+09
22177670400 -5.95642e+10 -1.69484e+10 1.65696e+09
22239619200 -5.97893e+10 -1.7012e+10 1.66322e+09
22301654400 -6.00145e+10 -1.70756e+10 1.66947e+09
22363776000 -6.02396e+10 -1.71392e+10 1.67573e+09
22425984000 -6.04647e+10 -1.72028e+10 1.68199e+09
22488278400 -6.06898e+10 -1.72664e+10 1.68824e+09
22550659200 -6.0915e+10 -1.733e+10 1.6945e+09
22613126400 -6.11401e+10 -1.73936e+10 1.70076e+09
22675680000 -6.13652e+10 -1.74572e+10 1.70701e+09
22738320000 -6.15903e+10 -1.75208e+10 1.71327e+09
22801046400 -6.18155e+10 -1.75844e+10 1.71952e+09
22863859200 -6.20406e+10 -1.7648e+10 1.72578e+09
22926758400 -6.22657e+10 -1.77116e+10 1.73204e+09
22989744000 -6.24908e+10 -1.77752e+10 1.73829e+09
23052816000 -6.27159e+10 -1.78388e+10 1.74455e+09
23115974400 -6.29411e+10 -1.79024e+10 1.75081e+09
23179219200 -6.31662e+10 -1.7966e+10 1.75706e+09
23242550400 -6.33913e+10 -1.80296e+10 1.76332e+09
23305968000 -6.36164e+10 -1.80932e+10 1.76957e+09
23369472000 -6.38416e+10 -1.81568e+10 1.77583e+09
23433062400 -6.40667e+10 -1.82204e+10 1.78209e+09
23496739200 -6.42918e+10 -1.8284e+10 1.78834e+09
23560502400 -6.45169e+10 -1.83476e+10 1.7946e+09
23624352000 -6.4742e+10 -1.84112e+10 1.80085e+09
23688288000 -6.49672e+10 -1.84748e+10 1.80711e+09
23752310400 -6.51923e+10 -1.85384e+10 1.81337e+09
23816419200 -6.54174e+10 -1.8602e+10 1.81962e+09
23880614400 -6.56425e+10 -1.86656e+10 1.82588e+09
23944896000 -6.58677e+10 -1.87292e+10 1.83214e+09
24009264000 -6.60928e+10 -1.87928e+10 1.83839e+09
24073718400 -6.63179e+10 -1.88564e+10 1.84465e+09
24138259200 -6.6543e+10 -1.892e+10 1.8509e+09
24202886400 -6.67681e+10 -1.89836e+10 1.85716e+09
24267600000 -6.69933e+10 -1.90472e+10 1.86342e+09
24332400000 -6.72184e+10 -1.91108e+10 1.86967e+09
24397286400 -6.74435e+10 -1.91744e+10 1.87593e+09
24462259200 -6.76686e+10 -1.9238e+10 1.88218e+09
24527318400 -6.78937e+10 -1.93016e+10 1.88844e+09
24592464000 -6.81189e+10 -1.93652e+10 1.8947e+09
24657696000 -6.8344e+10 -1.94288e+10 1.90095e+09
24723014400 -6.85691e+10 -1.94924e+10 1.90721e+09
24788419200 -6.87942e+10 -1.9556e+10 1.91346e+09
24853910400 -6.90193e+10 -1.96196e+10 1.91972e+09
24919488000 -6.92445e+10 -1.96832e+10 1.92598e+09
24985152000 -6.94696e+10 -1.97468e+10 1.93223e+09
25050902400 -6.96947e+10 -1.98104e+10 1.93849e+09
25116739200 -6.99198e+10 -1.9874e+10 1.94475e+09
25182662400 -7.01449e+10 -1.99376e+10 1.951e+09
25248672000 -7.037e+10 -2.00012e+10 1.95726e+09
25314768000 -7.05952e+10 -2.00648e+10 1.96351e+09
25380950400 -7.08203e+10 -2.01284e+10 1.96977e+09
25447219200 -7.10454e+10 -2.0192e+10 1.97603e+09
25513574400 -7.12705e+10 -2.02556e+10 1.98228e+09
25580016000 -7.14956e+10 -2.03192e+10 1.98854e+09
25646544000 -7.17208e+10 -2.03828e+10 1.99479e+09
25713158400 -7.19459e+10 -2.04464e+10 2.00105e+09
25779859200 -7.2171e+10 -2.051e+10 2.00731e+09
25846646400 -7.23961e+10 -2.05736e+10 2.01356e+09
25913520000 -7.26212e+10 -2.06372e+10 2.01982e+09
25980480000 -7.28464e+10 -2.07008e+10 2.02607e+09
26047526400 -7.30715e+10 -2.07644e+10 2.03233e+09
26114659200 -7.32966e+10 -2.0828e+10 2.03859e+09
26181878400 -7.35217e+10 -2.08916e+10 2.04484e+09
26249184000 -7.37468e+10 -2.09552e+10 2.0511e+09
26316576000 -7.39719e+10 -2.10188e+10 2.05735e+09
26384054400 -7.41971e+10 -2.10824e+10 2.06361e+09
26451619200 -7.44222e+10 -2.1146e+10 2.06987e+09
26519270400 -7.46473e+10 -2.12096e+10 2.07612e+09
26587008000 -7.48724e+10 -2.12732e+10 2.08238e+09
26654832000 -7.50975e+10 -2.13368e+10 2.08863e+09
26722742400 -7.53226e+10 -2.14004e+10 2.09489e+09
26790739200 -7.55478e+10 -2.1464e+10 2.10115e+09
26858822400 -7.57729e+10 -2.15276e+10 2.1074e+09
26926992000 -7.5998e+10 -2.15912e+10 2.11366e+09
26995248000 -7.62231e+10 -2.16548e+10 2.11992e+09
27063590400 -7.64482e+10 -2.17184e+10 2.12617e+09
27132019200 -7.66733e+10 -2.1782e+10 2.13243e+09
27200534400 -7.68985e+10 -2.18456e+10 2.13868e+09
27269136000 -7.71236e+10 -2.19092e+10 2.14494e+09
27337824000 -7.73487e+10 -2.19728e+10 2.1512e+09
27406598400 -7.75738e+10 -2.20364e+10 2.15745e+09
27475459200 -7.77989e+10 -2.21e+10 2.16371e+09
27544406400 -7.8024e+10 -2.21636e+10 2.16996e+09
27613440000 -7.82492e+10 -2.22272e+10 2.17622e+09
27682560000 -7.84743e+10 -2.22908e+10 2.18248e+09
27751766400 -7.86994e+10 -2.23544e+10 2.18873e+09
27821059200 -7.89245e+10 -2.2418e+10 2.19499e+09
27890438400 -7.91496e+10 -2.24816e+10 2.20124e+09
27959904000 -7.93747e+10 -2.25452e+10 2.2075e+09
28029456000 -7.95999e+10 -2.26088e+10 2.21376e+09
28099094400 -7.9825e+10 -2.26724e+10 2.22001e+09
28168819200 -8.00501e+10 -2.2736e+10 2.22627e+09
28238630400 -8.02752e+10 -2.27996e+10 2.23252e+09
28308528000 -8.05003e+10 -2.28632e+10 2.23878e+09
28378512000 -8.07254e+10 -2.29268e+10 2.24504e+09
28448582400 -8.09506e+10 -2.29904e+10 2.25129e+09
28518739200 -8.11757e+10 -2.3054e+10 2.25755e+09
28588982400 -8.14008e+10 -2.31176e+10 2.2638e+09
28659312000 -8.16259e+10 -2.31812e+10 2.27006e+09
28729728000 -8.1851e+10 -2.32448e+10 2.27632e+09
28800230400 -8.20761e+10 -2.33084e+10 2.28257e+09
28870819200 -8.23012e+10 -2.3372e+10 2.28883e+09
28941494400 -8.25264e+10 -2.34356e+10 2.29508e+09
29012256000 -8.27515e+10 -2.34992e+10 2.30134e+09
29083104000 -8.29766e+10 -2.35628e+10 2.3076e+09
29154038400 -8.32017e+10 -2.36264e+10 2.31385e+09
29225059200 -8.34268e+10 -2.369e+10 2.32011e+09
29296166400 -8.36519e+10 -2.37536e+10 2.32636e+09
29367360000 -8.3877e+10 -2.38172e+10 2.33262e+09
29438640000 -8.41022e+10 -2.38808e+10 2.33888e+09
29510006400 -8.43273e+10 -2.39444e+10 2.34513e+09
29581459200 -8.45524e+10 -2.4008e+10 2.35139e+09
29652998400 -8.47775e+10 -2.40716e+10 2.35764e+09
29724624000 -8.50026e+10 -2.41352e+10 2.3639e+09
29796336000 -8.52277e+10 -2.41988e+10 2.37015e+09
29868134400 -8.54528e+10 -2.42624e+10 2.37641e+09
29940019200 -8.5678e+10 -2.4326e+10 2.38267e+09
30011990400 -8.59031e+10 -2.43896e+10 2.38892e+09
30084048000 -8.61282e+10 -2.44532e+10 2.39518e+09
30156192000 -8.63533e+10 -2.45168e+10 2.40143e+09
30228422400 -8.65784e+10 -2.45804e+10 2.40769e+09
30300739200 -8.68035e+10 -2.4644e+10 2.41395e+09
30373142400 -8.70286e+10 -2.47076e+10 2.4202e+09
30445632000 -8.72538e+10 -2.47712e+10 2.42646e+09
30518208000 -8.74789e+10 -2.48348e+10 2.43271e+09
30590870400 -8.7704e+10 -2.48984e+10 2.43897e+09
30663619200 -8.79291e+10 -2.4962e+10 2.44523e+09
30736454400 -8.81542e+10 -2.50256e+10 2.45148e+09
30809376000 -8.83793e+10 -2.50892e+10 2.45774e+09
30882384000 -8.86044e+10 -2.51527e+10 2.46399e+09
30955478400 -8.88296e+10 -2.52163e+10 2.47025e+09
31028659200 -8.90547e+10 -2.52799e+10 2.47651e+09
31101926400 -8.92798e+10 -2.53435e+10 2.48276e+09
31175280000 -8.95049e+10 -2.54071e+10 2.48902e+09
31248720000 -8.973e+10 -2.54707e+10 2.49527e+09
31322246400 -8.99551e+10 -2.55343e+10 2.50153e+09
31395859200 -9.01802e+10 -2.55979e+10 2.50779e+09
31469558400 -9.04053e+10 -2.56615e+10 2.51404e+09
31543344000 -9.06305e+10 -2.57251e+10 2.5203e+09
31617216000 -9.08556e+10 -2.57887e+10 2.52655e+09
31691174400 -9.10807e+10 -2.58523e+10 2.53281e+09
31765219200 -9.13058e+10 -2.59159e+10 2.53907e+09
31839350400 -9.15309e+10 -2.59795e+10 2.54532e+09
31913568000 -9.1756e+10 -2.60431e+10 2.55158e+09
31987872000 -9.19811e+10 -2.61067e+10 2.55783e+09
32062262400 -9.22062e+10 -2.61703e+10 2.56409e+09
32136739200 -9.24314e+10 -2.62339e+10 2.57034e+09
32211302400 -9.26565e+10 -2.62975e+10 2.5766e+09
32285952000 -9.28816e+10 -2.63611e+10 2.58286e+09
32360688000 -9.31067e+10 -2.64247e+10 2.58911e+09
32435510400 -9.33318e+10 -2.64883e+10 2.59537e+09
32510419200 -9.35569e+10 -2.65519e+10 2.60162e+09
32585414400 -9.3782e+10 -2.66155e+10 2.60788e+09
32660496000 -9.40071e+10 -2.66791e+10 2.61414e+09
32735664000 -9.42323e+10 -2.67427e+10 2.62039e+09
32810918400 -9.44574e+10 -2.68063e+10 2.62665e+09
32886259200 -9.46825e+10 -2.68699e+10 2.6329e+09
32961686400 -9.49076e+10 -2.69335e+10 2.63916e+09
33037200000 -9.51327e+10 -2.69971e+10 2.64542e+09
33112800000 -9.53578e+10 -2.70607e+10 2.65167e+09
33188486400 -9.55829e+10 -2.71243e+10 2.65793e+09
33264259200 -9.5808e+10 -2.71879e+10 2.66418e+09
33340118400 -9.60331e+10 -2.72515e+10 2.67044e+09
33416064000 -9.62583e+10 -2.73151e+10 2.67669e+09
33492096000 -9.64834e+10 -2.73787e+10 2.68295e+09
33568214400 -9.67085e+10 -2.74423e+10 2.68921e+09
33644419200 -9.69336e+10 -2.75059e+10 2.69546e+09
33720710400 -9.71587e+10 -2.75695e+10 2.70172e+09
33797088000 -9.73838e+10 -2.76331e+10 2.70797e+09
33873552000 -9.76089e+10 -2.76967e+10 2.71423e+09
33950102400 -9.7834e+10 -2.77603e+10 2.72049e+09
34026739200 -9.80592e+10 -2.78239e+10 2.72674e+09
34103462400 -9.82843e+10 -2.78875e+10 2.733e+09
34180272000 -9.85094e+10 -2.79511e+10 2.73925e+09
34257168000 -9.87345e+10 -2.80147e+10 2.74551e+09
34334150400 -9.89596e+10 -2.80783e+10 2.75177e+09
34411219200 -9.91847e+10 -2.81419e+10 2.75802e+09
34488374400 -9.94098e+10 -2.82055e+10 2.76428e+09
34565616000 -9.96349e+10 -2.8269e+10 2.77053e+09
34642944000 -9.986e+10 -2.83326e+10 2.77679e+09
34720358400 -1.00085e+11 -2.83962e+10 2.78304e+09
34797859200 -1.0031e+11 -2.84598e+10 2.7893e+09
34875446400 -1.00535e+11 -2.85234e+10 2.79556e+09
34953120000 -1.0076e+11 -2.8587e+10 2.80181e+09
35030880000 -1.00986e+11 -2.86506e+10 2.80807e+09
35108726400 -1.01211e+11 -2.87142e+10 2.81432e+09
35186659200 -1.01436e+11 -2.87778e+10 2.82058e+09
35264678400 -1.01661e+11 -2.88414e+10 2.82684e+09
35342784000 -1.01886e+11 -2.8905e+10 2.83309e+09
35420976000 -1.02111e+11 -2.89686e+10 2.83935e+09
35499254400 -1.02336e+11 -2.90322e+10 2.8456e+09
35577619200 -1.02561e+11 -2.90958e+10 2.85186e+09
35656070400 -1.02786e+11 -2.91594e+10 2.85812e+09
35734608000 -1.03012e+11 -2.9223e+10 2.86437e+09
35813232000 -1.03237e+11 -2.92866e+10 2.87063e+09
35891942400 -1.03462e+11 -2.93502e+10 2.87688e+09
35970739200 -1.03687e+11 -2.94138e+10 2.88314e+09
36049622400 -1.03912e+11 -2.94774e+10 2.88939e+09
36128592000 -1.04137e+11 -2.9541e+10 2.89565e+09
36207648000 -1.04362e+11 -2.96046e+10 2.90191e+09
36286790400 -1.04587e+11 -2.96682e+10 2.90816e+09
36366019200 -1.04812e+11 -2.97318e+10 2.91442e+09
36445334400 -1.05038e+11 -2.97954e+10 2.92067e+09
36524736000 -1.05263e+11 -2.9859e+10 2.92693e+09
36604224000 -1.05488e+11 -2.99226e+10 2.93319e+09
36683798400 -1.05713e+11 -2.99862e+10 2.93944e+09
36763459200 -1.05938e+11 -3.00498e+10 2.9457e+09
36843206400 -1.06163e+11 -3.01134e+10 2.95195e+09
36923040000 -1.06388e+11 -3.0177e+10 2.95821e+09
37002960000 -1.06613e+11 -3.02406e+10 2.96446e+09
37082966400 -1.06838e+11 -3.03042e+10 2.97072e+09
37163059200 -1.07064e+11 -3.03678e+10 2.97698e+09
37243238400 -1.07289e+11 -3.04314e+10 2.98323e+09
37323504000 -1.07514e+11 -3.0495e+10 2.98949e+09
37403856000 -1.07739e+11 -3.05586e+10 2.99574e+09
37484294400 -1.07964e+11 -3.06222e+10 3.002e+09
37564819200 -1.08189e+11 -3.06858e+10 3.00826e+09
37645430400 -1.08414e+11 -3.07493e+10 3.01451e+09
37726128000 -1.08639e+11 -3.08129e+10 3.02077e+09
37806912000 -1.08864e+11 -3.08765e+10 3.02702e+09
37887782400 -1.0909e+11 -3.09401e+10 3.03328e+09
37968739200 -1.09315e+11 -3.10037e+10 3.03953e+09
38049782400 -1.0954e+11 -3.10673e+10 3.04579e+09
38130912000 -1.09765e+11 -3.11309e+10 3.05205e+09
38212128000 -1.0999e+11 -3.11945e+10 3.0583e+09
38293430400 -1.10215e+11 -3.12581e+10 3.06456e+09
38374819200 -1.1044e+11 -3.13217e+10 3.07081e+09
38456294400 -1.10665e+11 -3.13853e+10 3.07707e+09
38537856000 -1.1089e+11 -3.14489e+10 3.08332e+09
38619504000 -1.11116e+11 -3.15125e+10 3.08958e+09
38701238400 -1.11341e+11 -3.15761e+10 3.09584e+09
38783059200 -1.11566e+11 -3.16397e+10 3.10209e+09
38864966400 -1.11791e+11 -3.17033e+10 3.10835e+09
38946960000 -1.12016e+11 -3.17669e+10 3.1146e+09
39029040000 -1.12241e+11 -3.18305e+10 3.12086e+09
39111206400 -1.12466e+11 -3.18941e+10 3.12712e+09
39193459200 -1.12691e+11 -3.19577e+10 3.13337e+09
39275798400 -1.12916e+11 -3.20213e+10 3.13963e+09
39358224000 -1.13142e+11 -3.20849e+10 3.14588e+09
39440736000 -1.13367e+11 -3.21485e+10 3.15214e+09
39523334400 -1.13592e+11 -3.22121e+10 3.15839e+09
39606019200 -1.13817e+11 -3.22757e+10 3.16465e+09
39688790400 -1.14042e+11 -3.23393e+10 3.17091e+09
39771648000 -1.14267e+11 -3.24029e+10 3.17716e+09
39854592000 -1.14492e+11 -3.24665e+10 3.18342e+09
39937622400 -1.14717e+11 -3.25301e+10 3.18967e+09
40020739200 -1.14942e+11 -3.25937e+10 3.19593e+09
40103942400 -1.15167e+11 -3.26573e+10 3.20219e+09
40187232000 -1.15393e+11 -3.27209e+10 3.20844e+09
40270608000 -1.15618e+11 -3.27845e+10 3.2147e+09
40354070400 -1.15843e+11 -3.2848e+10 3.22095e+09
40437619200 -1.16068e+11 -3.29116e+10 3.22721e+09
40521254400 -1.16293e+11 -3.29752e+10 3.23346e+09
40604976000 -1.16518e+11 -3.30388e+10 3.23972e+09
40688784000 -1.16743e+11 -3.31024e+10 3.24598e+09
40772678400 -1.16968e+11 -3.3166e+10 3.25223e+09
40856659200 -1.17193e+11 -3.32296e+10 3.25849e+09
40940726400 -1.17419e+11 -3.32932e+10 3.26474e+09
41024880000 -1.17644e+11 -3.33568e+10 3.271e+09
41109120000 -1.17869e+11 -3.34204e+10 3.27725e+09
41193446400 -1.18094e+11 -3.3484e+10 3.28351e+09
41277859200 -1.18319e+11 -3.35476e+10 3.28977e+09
41362358400 -1.18544e+11 -3.36112e+10 3.29602e+09
41446944000 -1.18769e+11 -3.36748e+10 3.30228e+09
41531616000 -1.18994e+11 -3.37384e+10 3.30853e+09
41616374400 -1.19219e+11 -3.3802e+10 3.31479e+09
41701219200 -1.19445e+11 -3.38656e+10 3.32105e+09
41786150400 -1.1967e+11 -3.39292e+10 3.3273e+09
41871168000 -1.19895e+11 -3.39928e+10 3.33356e+09
41956272000 -1.2012e+11 -3.40564e+10 3.33981e+09
42041462400 -1.20345e+11 -3.412e+10 3.34607e+09
42126739200 -1.2057e+11 -3.41836e+10 3.35232e+09
42212102400 -1.20795e+11 -3.42472e+10 3.35858e+09
42297552000 -1.2102e+11 -3.43108e+10 3.36484e+09
42383088000 -1.21245e+11 -3.43744e+10 3.37109e+09
42468710400 -1.21471e+11 -3.4438e+10 3.37735e+09
42554419200 -1.21696e+11 -3.45016e+10 3.3836e+09
42640214400 -1.21921e+11 -3.45652e+10 3.38986e+09
42726096000 -1.22146e+11 -3.46288e+10 3.39611e+09
42812064000 -1.22371e+11 -3.46924e+10 3.40237e+09
42898118400 -1.22596e+11 -3.4756e+10 3.40863e+09
42984259200 -1.22821e+11 -3.48195e+10 3.41488e+09
43070486400 -1.23046e+11 -3.48831e+10 3.42114e+09
43156800000 -1.23271e+11 -3.49467e+10 3.42739e+09
