0.0000000000;0.0000000000
0.0100000000;0.0000004895
0.0200000000;0.0000009805
0.0300000000;0.0000014744
0.0400000000;0.0000019725
0.0500000000;0.0000024764
0.0600000000;0.0000029875
0.0700000000;0.0000035070
0.0800000000;0.0000040366
0.0900000000;0.0000045775
0.1000000000;0.0000051312
0.1100000000;0.0000056993
0.1200000000;0.0000062830
0.1300000000;0.0000068841
0.1400000000;0.0000075038
0.1500000000;0.0000081439
0.1600000000;0.0000088058
0.1700000000;0.0000094912
0.1800000000;0.0000102017
0.1900000000;0.0000109391
0.2000000000;0.0000117049
0.2100000000;0.0000125011
0.2200000000;0.0000133294
0.2300000000;0.0000141917
0.2400000000;0.0000150899
0.2500000000;0.0000160260
0.2600000000;0.0000170021
0.2700000000;0.0000180203
0.2800000000;0.0000190827
0.2900000000;0.0000201916
0.3000000000;0.0000213494
0.3100000000;0.0000225584
0.3200000000;0.0000238210
0.3300000000;0.0000251400
0.3400000000;0.0000265178
0.3500000000;0.0000279573
0.3600000000;0.0000294613
0.3700000000;0.0000310326
0.3800000000;0.0000326744
0.3900000000;0.0000343897
0.4000000000;0.0000361818
0.4100000000;0.0000380539
0.4200000000;0.0000400096
0.4300000000;0.0000420524
0.4400000000;0.0000441860
0.4500000000;0.0000464142
0.4600000000;0.0000487408
0.4700000000;0.0000511700
0.4800000000;0.0000537060
0.4900000000;0.0000563531
0.5000000000;0.0000591156
0.5100000000;0.0000619983
0.5200000000;0.0000650059
0.5300000000;0.0000681432
0.5400000000;0.0000714153
0.5500000000;0.0000748275
0.5600000000;0.0000783850
0.5700000000;0.0000820934
0.5800000000;0.0000859583
0.5900000000;0.0000899857
0.6000000000;0.0000941815
0.6100000000;0.0000985520
0.6200000000;0.0001031035
0.6300000000;0.0001078426
0.6400000000;0.0001127761
0.6500000000;0.0001179107
0.6600000000;0.0001232537
0.6700000000;0.0001288124
0.6800000000;0.0001345942
0.6900000000;0.0001406069
0.7000000000;0.0001468583
0.7100000000;0.0001533565
0.7200000000;0.0001601099
0.7300000000;0.0001671268
0.7400000000;0.0001744161
0.7500000000;0.0001819867
0.7600000000;0.0001898475
0.7700000000;0.0001980081
0.7800000000;0.0002064778
0.7900000000;0.0002152665
0.8000000000;0.0002243841
0.8100000000;0.0002338408
0.8200000000;0.0002436469
0.8300000000;0.0002538130
0.8400000000;0.0002643499
0.8500000000;0.0002752687
0.8600000000;0.0002865805
0.8700000000;0.0002982967
0.8800000000;0.0003104289
0.8900000000;0.0003229891
0.9000000000;0.0003359890
0.9100000000;0.0003494411
0.9200000000;0.0003633576
0.9300000000;0.0003777511
0.9400000000;0.0003926344
0.9500000000;0.0004080204
0.9600000000;0.0004239222
0.9700000000;0.0004403530
0.9800000000;0.0004573264
0.9900000000;0.0004748557
1.0000000000;0.0004929548
1.0100000000;0.0005116375
1.0200000000;0.0005309178
1.0300000000;0.0005508096
1.0400000000;0.0005713273
1.0500000000;0.0005924850
1.0600000000;0.0006142971
1.0700000000;0.0006367781
1.0800000000;0.0006599423
1.0900000000;0.0006838045
1.1000000000;0.0007083790
1.1100000000;0.0007336804
1.1200000000;0.0007597234
1.1300000000;0.0007865224
1.1400000000;0.0008140920
1.1500000000;0.0008424467
1.1600000000;0.0008716007
1.1700000000;0.0009015684
1.1800000000;0.0009323640
1.1900000000;0.0009640016
1.2000000000;0.0009964949
1.2100000000;0.0010298579
1.2200000000;0.0010641038
1.2300000000;0.0010992462
1.2400000000;0.0011352979
1.2500000000;0.0011722718
1.2600000000;0.0012101804
1.2700000000;0.0012490358
1.2800000000;0.0012888497
1.2900000000;0.0013296336
1.3000000000;0.0013713985
1.3100000000;0.0014141549
1.3200000000;0.0014579128
1.3300000000;0.0015026819
1.3400000000;0.0015484712
1.3500000000;0.0015952890
1.3600000000;0.0016431433
1.3700000000;0.0016920413
1.3800000000;0.0017419893
1.3900000000;0.0017929934
1.4000000000;0.0018450585
1.4100000000;0.0018981889
1.4200000000;0.0019523880
1.4300000000;0.0020076585
1.4400000000;0.0020640021
1.4500000000;0.0021214194
1.4600000000;0.0021799104
1.4700000000;0.0022394738
1.4800000000;0.0023001073
1.4900000000;0.0023618075
1.5000000000;0.0024245699
1.5100000000;0.0024883890
1.5200000000;0.0025532577
1.5300000000;0.0026191680
1.5400000000;0.0026861105
1.5500000000;0.0027540743
1.5600000000;0.0028230475
1.5700000000;0.0028930165
1.5800000000;0.0029639663
1.5900000000;0.0030358805
1.6000000000;0.0031087412
1.6100000000;0.0031825289
1.6200000000;0.0032572224
1.6300000000;0.0033327990
1.6400000000;0.0034092345
1.6500000000;0.0034865027
1.6600000000;0.0035645758
1.6700000000;0.0036434244
1.6800000000;0.0037230171
1.6900000000;0.0038033208
1.7000000000;0.0038843006
1.7100000000;0.0039659197
1.7200000000;0.0040481393
1.7300000000;0.0041309190
1.7400000000;0.0042142162
1.7500000000;0.0042979865
1.7600000000;0.0043821836
1.7700000000;0.0044667590
1.7800000000;0.0045516624
1.7900000000;0.0046368416
1.8000000000;0.0047222423
1.8100000000;0.0048078082
1.8200000000;0.0048934810
1.8300000000;0.0049792006
1.8400000000;0.0050649046
1.8500000000;0.0051505290
1.8600000000;0.0052360075
1.8700000000;0.0053212722
1.8800000000;0.0054062530
1.8900000000;0.0054908779
1.9000000000;0.0055750734
1.9100000000;0.0056587637
1.9200000000;0.0057418715
1.9300000000;0.0058243175
1.9400000000;0.0059060209
1.9500000000;0.0059868991
1.9600000000;0.0060668679
1.9700000000;0.0061458415
1.9800000000;0.0062237325
1.9900000000;0.0063004523
2.0000000000;0.0063759106
2.0100000000;0.0064500159
2.0200000000;0.0065226756
2.0300000000;0.0065937957
2.0400000000;0.0066632812
2.0500000000;0.0067310362
2.0600000000;0.0067969638
2.0700000000;0.0068609663
2.0800000000;0.0069229454
2.0900000000;0.0069828019
2.1000000000;0.0070404365
2.1100000000;0.0070957493
2.1200000000;0.0071486401
2.1300000000;0.0071990087
2.1400000000;0.0072467550
2.1500000000;0.0072917786
2.1600000000;0.0073339797
2.1700000000;0.0073732589
2.1800000000;0.0074095172
2.1900000000;0.0074426563
2.2000000000;0.0074725787
2.2100000000;0.0074991881
2.2200000000;0.0075223890
2.2300000000;0.0075420875
2.2400000000;0.0075581910
2.2500000000;0.0075706085
2.2600000000;0.0075792508
2.2700000000;0.0075840307
2.2800000000;0.0075848633
2.2900000000;0.0075816655
2.3000000000;0.0075743573
2.3100000000;0.0075628608
2.3200000000;0.0075471012
2.3300000000;0.0075270066
2.3400000000;0.0075025084
2.3500000000;0.0074735413
2.3600000000;0.0074400435
2.3700000000;0.0074019568
2.3800000000;0.0073592270
2.3900000000;0.0073118040
2.4000000000;0.0072596419
2.4100000000;0.0072026991
2.4200000000;0.0071409387
2.4300000000;0.0070743284
2.4400000000;0.0070028409
2.4500000000;0.0069264540
2.4600000000;0.0068451505
2.4700000000;0.0067589189
2.4800000000;0.0066677529
2.4900000000;0.0065716521
2.5000000000;0.0064706217
2.5100000000;0.0063646730
2.5200000000;0.0062538232
2.5300000000;0.0061380959
2.5400000000;0.0060175207
2.5500000000;0.0058921339
2.5600000000;0.0057619780
2.5700000000;0.0056271024
2.5800000000;0.0054875629
2.5900000000;0.0053434222
2.6000000000;0.0051947498
2.6100000000;0.0050416221
2.6200000000;0.0048841222
2.6300000000;0.0047223404
2.6400000000;0.0045563738
2.6500000000;0.0043863267
2.6600000000;0.0042123102
2.6700000000;0.0040344425
2.6800000000;0.0038528486
2.6900000000;0.0036676607
2.7000000000;0.0034790177
2.7100000000;0.0032870654
2.7200000000;0.0030919564
2.7300000000;0.0028938498
2.7400000000;0.0026929117
2.7500000000;0.0024893143
2.7600000000;0.0022832364
2.7700000000;0.0020748629
2.7800000000;0.0018643850
2.7900000000;0.0016519995
2.8000000000;0.0014379093
2.8100000000;0.0012223227
2.8200000000;0.0010054535
2.8300000000;0.0007875204
2.8400000000;0.0005687475
2.8500000000;0.0003493630
2.8600000000;0.0001296002
2.8700000000;-0.0000903040
2.8800000000;-0.0003101084
2.8900000000;-0.0005295684
2.9000000000;-0.0007484360
2.9100000000;-0.0009664602
2.9200000000;-0.0011833873
2.9300000000;-0.0013989614
2.9400000000;-0.0016129245
2.9500000000;-0.0018250170
2.9600000000;-0.0020349780
2.9700000000;-0.0022425458
2.9800000000;-0.0024474581
2.9900000000;-0.0026494527
3.0000000000;-0.0028482674
3.0100000000;-0.0030436410
3.0200000000;-0.0032353133
3.0300000000;-0.0034230257
3.0400000000;-0.0036065215
3.0500000000;-0.0037855466
3.0600000000;-0.0039598495
3.0700000000;-0.0041291823
3.0800000000;-0.0042933006
3.0900000000;-0.0044519643
3.1000000000;-0.0046049379
3.1100000000;-0.0047519910
3.1200000000;-0.0048928988
3.1300000000;-0.0050274424
3.1400000000;-0.0051554092
3.1500000000;-0.0052765937
3.1600000000;-0.0053907974
3.1700000000;-0.0054978298
3.1800000000;-0.0055975084
3.1900000000;-0.0056896591
3.2000000000;-0.0057741171
3.2100000000;-0.0058507267
3.2200000000;-0.0059193420
3.2300000000;-0.0059798272
3.2400000000;-0.0060320571
3.2500000000;-0.0060759173
3.2600000000;-0.0061113044
3.2700000000;-0.0061381268
3.2800000000;-0.0061563046
3.2900000000;-0.0061657699
3.3000000000;-0.0061664672
3.3100000000;-0.0061583539
3.3200000000;-0.0061414000
3.3300000000;-0.0061155887
3.3400000000;-0.0060809166
3.3500000000;-0.0060373936
3.3600000000;-0.0059850435
3.3700000000;-0.0059239035
3.3800000000;-0.0058540250
3.3900000000;-0.0057754733
3.4000000000;-0.0056883278
3.4100000000;-0.0055926817
3.4200000000;-0.0054886427
3.4300000000;-0.0053763322
3.4400000000;-0.0052558859
3.4500000000;-0.0051274535
3.4600000000;-0.0049911983
3.4700000000;-0.0048472976
3.4800000000;-0.0046959423
3.4900000000;-0.0045373367
3.5000000000;-0.0043716984
3.5100000000;-0.0041992581
3.5200000000;-0.0040202590
3.5300000000;-0.0038349571
3.5400000000;-0.0036436205
3.5500000000;-0.0034465289
3.5600000000;-0.0032439739
3.5700000000;-0.0030362579
3.5800000000;-0.0028236941
3.5900000000;-0.0026066060
3.6000000000;-0.0023853266
3.6100000000;-0.0021601986
3.6200000000;-0.0019315732
3.6300000000;-0.0016998100
3.6400000000;-0.0014652763
3.6500000000;-0.0012283463
3.6600000000;-0.0009894010
3.6700000000;-0.0007488272
3.6800000000;-0.0005070169
3.6900000000;-0.0002643668
3.7000000000;-0.0000212775
3.7100000000;0.0002218470
3.7200000000;0.0004646003
3.7300000000;0.0007065740
3.7400000000;0.0009473589
3.7500000000;0.0011865448
3.7600000000;0.0014237225
3.7700000000;0.0016584833
3.7800000000;0.0018904208
3.7900000000;0.0021191309
3.8000000000;0.0023442129
3.8100000000;0.0025652704
3.8200000000;0.0027819117
3.8300000000;0.0029937507
3.8400000000;0.0032004080
3.8500000000;0.0034015109
3.8600000000;0.0035966950
3.8700000000;0.0037856043
3.8800000000;0.0039678922
3.8900000000;0.0041432222
3.9000000000;0.0043112685
3.9100000000;0.0044717168
3.9200000000;0.0046242651
3.9300000000;0.0047686239
3.9400000000;0.0049045173
3.9500000000;0.0050316833
3.9600000000;0.0051498747
3.9700000000;0.0052588592
3.9800000000;0.0053584207
3.9900000000;0.0054483588
4.0000000000;0.0055284903
4.0100000000;0.0055986488
4.0200000000;0.0056586858
4.0300000000;0.0057084707
4.0400000000;0.0057478912
4.0500000000;0.0057768539
4.0600000000;0.0057952842
4.0700000000;0.0058031269
4.0800000000;0.0058003461
4.0900000000;0.0057869259
4.1000000000;0.0057628697
4.1100000000;0.0057282013
4.1200000000;0.0056829641
4.1300000000;0.0056272219
4.1400000000;0.0055610581
4.1500000000;0.0054845763
4.1600000000;0.0053978999
4.1700000000;0.0053011720
4.1800000000;0.0051945552
4.1900000000;0.0050782314
4.2000000000;0.0049524018
4.2100000000;0.0048172861
4.2200000000;0.0046731224
4.2300000000;0.0045201673
4.2400000000;0.0043586945
4.2500000000;0.0041889951
4.2600000000;0.0040113771
4.2700000000;0.0038261643
4.2800000000;0.0036336964
4.2900000000;0.0034343279
4.3000000000;0.0032284278
4.3100000000;0.0030163787
4.3200000000;0.0027985762
4.3300000000;0.0025754282
4.3400000000;0.0023473541
4.3500000000;0.0021147840
4.3600000000;0.0018781579
4.3700000000;0.0016379249
4.3800000000;0.0013945422
4.3900000000;0.0011484745
4.4000000000;0.0009001927
4.4100000000;0.0006501735
4.4200000000;0.0003988978
4.4300000000;0.0001468504
4.4400000000;-0.0001054814
4.4500000000;-0.0003576086
4.4600000000;-0.0006090413
4.4700000000;-0.0008592901
4.4800000000;-0.0011078669
4.4900000000;-0.0013542856
4.5000000000;-0.0015980635
4.5100000000;-0.0018387222
4.5200000000;-0.0020757882
4.5300000000;-0.0023087946
4.5400000000;-0.0025372814
4.5500000000;-0.0027607965
4.5600000000;-0.0029788973
4.5700000000;-0.0031911507
4.5800000000;-0.0033971347
4.5900000000;-0.0035964391
4.6000000000;-0.0037886661
4.6100000000;-0.0039734314
4.6200000000;-0.0041503650
4.6300000000;-0.0043191121
4.6400000000;-0.0044793334
4.6500000000;-0.0046307063
4.6600000000;-0.0047729254
4.6700000000;-0.0049057033
4.6800000000;-0.0050287708
4.6900000000;-0.0051418780
4.7000000000;-0.0052447947
4.7100000000;-0.0053373107
4.7200000000;-0.0054192364
4.7300000000;-0.0054904034
4.7400000000;-0.0055506645
4.7500000000;-0.0055998944
4.7600000000;-0.0056379897
4.7700000000;-0.0056648695
4.7800000000;-0.0056804751
4.7900000000;-0.0056847706
4.8000000000;-0.0056777429
4.8100000000;-0.0056594014
4.8200000000;-0.0056297785
4.8300000000;-0.0055889294
4.8400000000;-0.0055369318
4.8500000000;-0.0054738860
4.8600000000;-0.0053999146
4.8700000000;-0.0053151624
4.8800000000;-0.0052197959
4.8900000000;-0.0051140032
4.9000000000;-0.0049979934
4.9100000000;-0.0048719963
4.9200000000;-0.0047362622
4.9300000000;-0.0045910609
4.9400000000;-0.0044366814
4.9500000000;-0.0042734313
4.9600000000;-0.0041016364
4.9700000000;-0.0039216395
4.9800000000;-0.0037338001
4.9900000000;-0.0035384937
5.0000000000;-0.0033361109
5.0100000000;-0.0031270563
5.0200000000;-0.0029117483
5.0300000000;-0.0026906177
5.0400000000;-0.0024641071
5.0500000000;-0.0022326699
5.0600000000;-0.0019967692
5.0700000000;-0.0017568772
5.0800000000;-0.0015134739
5.0900000000;-0.0012670463
5.1000000000;-0.0010180873
5.1100000000;-0.0007670947
5.1200000000;-0.0005145702
5.1300000000;-0.0002610184
5.1400000000;-0.0000069455
5.1500000000;0.0002471412
5.1600000000;0.0005007350
5.1700000000;0.0007533303
5.1800000000;0.0010044239
5.1900000000;0.0012535161
5.2000000000;0.0015001115
5.2100000000;0.0017437202
5.2200000000;0.0019838585
5.2300000000;0.0022200505
5.2400000000;0.0024518282
5.2500000000;0.0026787333
5.2600000000;0.0029003175
5.2700000000;0.0031161438
5.2800000000;0.0033257872
5.2900000000;0.0035288353
5.3000000000;0.0037248899
5.3100000000;0.0039135667
5.3200000000;0.0040944971
5.3300000000;0.0042673283
5.3400000000;0.0044317241
5.3500000000;0.0045873656
5.3600000000;0.0047339519
5.3700000000;0.0048712005
5.3800000000;0.0049988481
5.3900000000;0.0051166507
5.4000000000;0.0052243845
5.4100000000;0.0053218458
5.4200000000;0.0054088518
5.4300000000;0.0054852408
5.4400000000;0.0055508725
5.4500000000;0.0056056279
5.4600000000;0.0056494100
5.4700000000;0.0056821436
5.4800000000;0.0057037754
5.4900000000;0.0057142743
5.5000000000;0.0057136310
5.5100000000;0.0057018584
5.5200000000;0.0056789910
5.5300000000;0.0056450854
5.5400000000;0.0056002195
5.5500000000;0.0055444926
5.5600000000;0.0054780251
5.5700000000;0.0054009581
5.5800000000;0.0053134532
5.5900000000;0.0052156918
5.6000000000;0.0051078751
5.6100000000;0.0049902234
5.6200000000;0.0048629753
5.6300000000;0.0047263878
5.6400000000;0.0045807352
5.6500000000;0.0044263086
5.6600000000;0.0042634154
5.6700000000;0.0040923786
5.6800000000;0.0039135358
5.6900000000;0.0037272389
5.7000000000;0.0035338531
5.7100000000;0.0033337561
5.7200000000;0.0031273376
5.7300000000;0.0029149979
5.7400000000;0.0026971476
5.7500000000;0.0024742066
5.7600000000;0.0022466032
5.7700000000;0.0020147730
5.7800000000;0.0017791586
5.7900000000;0.0015402079
5.8000000000;0.0012983740
5.8100000000;0.0010541138
5.8200000000;0.0008078870
5.8300000000;0.0005601556
5.8400000000;0.0003113830
5.8500000000;0.0000620324
5.8600000000;-0.0001874331
5.8700000000;-0.0004365524
5.8800000000;-0.0006848663
5.8900000000;-0.0009319192
5.9000000000;-0.0011772595
5.9100000000;-0.0014204405
5.9200000000;-0.0016610213
5.9300000000;-0.0018985676
5.9400000000;-0.0021326527
5.9500000000;-0.0023628577
5.9600000000;-0.0025887728
5.9700000000;-0.0028099979
5.9800000000;-0.0030261431
5.9900000000;-0.0032368296
6.0000000000;-0.0034416902
6.0100000000;-0.0036403699
6.0200000000;-0.0038325267
6.0300000000;-0.0040178321
6.0400000000;-0.0041959714
6.0500000000;-0.0043666443
6.0600000000;-0.0045295657
6.0700000000;-0.0046844655
6.0800000000;-0.0048310895
6.0900000000;-0.0049691998
6.1000000000;-0.0050985745
6.1100000000;-0.0052190090
6.1200000000;-0.0053303151
6.1300000000;-0.0054323223
6.1400000000;-0.0055248771
6.1500000000;-0.0056078439
6.1600000000;-0.0056811046
6.1700000000;-0.0057445587
6.1800000000;-0.0057981239
6.1900000000;-0.0058417352
6.2000000000;-0.0058753458
6.2100000000;-0.0058989264
6.2200000000;-0.0059124655
6.2300000000;-0.0059159688
6.2400000000;-0.0059094598
6.2500000000;-0.0058929788
6.2600000000;-0.0058665831
6.2700000000;-0.0058303470
6.2800000000;-0.0057843608
6.2900000000;-0.0057287312
6.3000000000;-0.0056635806
6.3100000000;-0.0055890468
6.3200000000;-0.0055052827
6.3300000000;-0.0054124557
6.3400000000;-0.0053107477
6.3500000000;-0.0052003539
6.3600000000;-0.0050814832
6.3700000000;-0.0049543570
6.3800000000;-0.0048192091
6.3900000000;-0.0046762850
6.4000000000;-0.0045258413
6.4100000000;-0.0043681455
6.4200000000;-0.0042034749
6.4300000000;-0.0040321164
6.4400000000;-0.0038543658
6.4500000000;-0.0036705270
6.4600000000;-0.0034809118
6.4700000000;-0.0032858391
6.4800000000;-0.0030856339
6.4900000000;-0.0028806274
6.5000000000;-0.0026711557
6.5100000000;-0.0024575596
6.5200000000;-0.0022401838
6.5300000000;-0.0020193762
6.5400000000;-0.0017954874
6.5500000000;-0.0015688701
6.5600000000;-0.0013398785
6.5700000000;-0.0011088673
6.5800000000;-0.0008761918
6.5900000000;-0.0006422067
6.6000000000;-0.0004072658
6.6100000000;-0.0001717211
6.6200000000;0.0000640770
6.6300000000;0.0002997814
6.6400000000;0.0005350477
6.6500000000;0.0007695354
6.6600000000;0.0010029085
6.6700000000;0.0012348354
6.6800000000;0.0014649898
6.6900000000;0.0016930514
6.7000000000;0.0019187056
6.7100000000;0.0021416447
6.7200000000;0.0023615679
6.7300000000;0.0025781817
6.7400000000;0.0027912004
6.7500000000;0.0030003465
6.7600000000;0.0032053508
6.7700000000;0.0034059529
6.7800000000;0.0036019015
6.7900000000;0.0037929546
6.8000000000;0.0039788796
6.8100000000;0.0041594540
6.8200000000;0.0043344650
6.8300000000;0.0045037102
6.8400000000;0.0046669975
6.8500000000;0.0048241454
6.8600000000;0.0049749828
6.8700000000;0.0051193495
6.8800000000;0.0052570962
6.8900000000;0.0053880844
6.9000000000;0.0055121864
6.9100000000;0.0056292856
6.9200000000;0.0057392764
6.9300000000;0.0058420641
6.9400000000;0.0059375648
6.9500000000;0.0060257057
6.9600000000;0.0061064244
6.9700000000;0.0061796697
6.9800000000;0.0062454006
6.9900000000;0.0063035868
7.0000000000;0.0063542083
7.0100000000;0.0063972553
7.0200000000;0.0064327280
7.0300000000;0.0064606365
7.0400000000;0.0064810005
7.0500000000;0.0064938492
7.0600000000;0.0064992212
7.0700000000;0.0064971639
7.0800000000;0.0064877335
7.0900000000;0.0064709949
7.1000000000;0.0064470210
7.1100000000;0.0064158931
7.1200000000;0.0063776997
7.1300000000;0.0063325374
7.1400000000;0.0062805093
7.1500000000;0.0062217259
7.1600000000;0.0061563039
7.1700000000;0.0060843664
7.1800000000;0.0060060425
7.1900000000;0.0059214669
7.2000000000;0.0058307796
7.2100000000;0.0057341255
7.2200000000;0.0056316545
7.2300000000;0.0055235204
7.2400000000;0.0054098815
7.2500000000;0.0052908996
7.2600000000;0.0051667398
7.2700000000;0.0050375704
7.2800000000;0.0049035626
7.2900000000;0.0047648898
7.3000000000;0.0046217277
7.3100000000;0.0044742537
7.3200000000;0.0043226469
7.3300000000;0.0041670874
7.3400000000;0.0040077564
7.3500000000;0.0038448358
7.3600000000;0.0036785075
7.3700000000;0.0035089538
7.3800000000;0.0033363567
7.3900000000;0.0031608976
7.4000000000;0.0029827574
7.4100000000;0.0028021159
7.4200000000;0.0026191514
7.4300000000;0.0024340412
7.4400000000;0.0022469605
7.4500000000;0.0020580827
7.4600000000;0.0018675791
7.4700000000;0.0016756185
7.4800000000;0.0014823673
7.4900000000;0.0012879890
7.5000000000;0.0010926441
7.5100000000;0.0008964902
7.5200000000;0.0006996815
7.5300000000;0.0005023687
7.5400000000;0.0003046990
7.5500000000;0.0001068157
7.5600000000;-0.0000911415
7.5700000000;-0.0002890372
7.5800000000;-0.0004867398
7.5900000000;-0.0006841223
7.6000000000;-0.0008810617
7.6100000000;-0.0010774396
7.6200000000;-0.0012731419
7.6300000000;-0.0014680593
7.6400000000;-0.0016620871
7.6500000000;-0.0018551251
7.6600000000;-0.0020470782
7.6700000000;-0.0022378558
7.6800000000;-0.0024273722
7.6900000000;-0.0026155468
7.7000000000;-0.0028023036
7.7100000000;-0.0029875718
7.7200000000;-0.0031712853
7.7300000000;-0.0033533830
7.7400000000;-0.0035338089
7.7500000000;-0.0037125118
7.7600000000;-0.0038894454
7.7700000000;-0.0040645684
7.7800000000;-0.0042378444
7.7900000000;-0.0044092418
7.8000000000;-0.0045787339
7.8100000000;-0.0047462989
7.8200000000;-0.0049119196
7.8300000000;-0.0050755837
7.8400000000;-0.0052372835
7.8500000000;-0.0053970161
7.8600000000;-0.0055547830
7.8700000000;-0.0057105905
7.8800000000;-0.0058644492
7.8900000000;-0.0060163743
7.9000000000;-0.0061663853
7.9100000000;-0.0063145062
7.9200000000;-0.0064607652
7.9300000000;-0.0066051947
7.9400000000;-0.0067478314
7.9500000000;-0.0068887160
7.9600000000;-0.0070278934
7.9700000000;-0.0071654124
7.9800000000;-0.0073013258
7.9900000000;-0.0074356903
8.0000000000;-0.0075685665
8.0100000000;-0.0077000188
8.0200000000;-0.0078301152
8.0300000000;-0.0079589277
8.0400000000;-0.0080865316
8.0500000000;-0.0082130062
8.0600000000;-0.0083384341
8.0700000000;-0.0084629015
8.0800000000;-0.0085864982
8.0900000000;-0.0087093174
8.1000000000;-0.0088314558
8.1100000000;-0.0089530136
8.1200000000;-0.0090740943
8.1300000000;-0.0091948049
8.1400000000;-0.0093152557
8.1500000000;-0.0094355606
8.1600000000;-0.0095558367
8.1700000000;-0.0096762046
8.1800000000;-0.0097967884
8.1900000000;-0.0099177156
8.2000000000;-0.0100391171
8.2100000000;-0.0101611275
8.2200000000;-0.0102838848
8.2300000000;-0.0104075308
8.2400000000;-0.0105322107
8.2500000000;-0.0106580738
8.2600000000;-0.0107852728
8.2700000000;-0.0109139647
8.2800000000;-0.0110443101
8.2900000000;-0.0111764740
8.3000000000;-0.0113106254
8.3100000000;-0.0114469377
8.3200000000;-0.0115855888
8.3300000000;-0.0117267611
8.3400000000;-0.0118706418
8.3500000000;-0.0120174228
8.3600000000;-0.0121673015
8.3700000000;-0.0123204801
8.3800000000;-0.0124771666
8.3900000000;-0.0126375745
8.4000000000;-0.0128019234
8.4100000000;-0.0129704387
8.4200000000;-0.0131433527
8.4300000000;-0.0133209039
8.4400000000;-0.0135033381
8.4500000000;-0.0136909083
8.4600000000;-0.0138838750
8.4700000000;-0.0140825067
8.4800000000;-0.0142870803
8.4900000000;-0.0144978812
8.5000000000;-0.0147152041
8.5100000000;-0.0149393530
8.5200000000;-0.0151706420
8.5300000000;-0.0154093956
8.5400000000;-0.0156559491
8.5500000000;-0.0159106494
8.5600000000;-0.0161738553
8.5700000000;-0.0164459382
8.5800000000;-0.0167272826
8.5900000000;-0.0170182869
8.6000000000;-0.0173193639
8.6100000000;-0.0176309415
8.6200000000;-0.0179534637
8.6300000000;-0.0182873911
8.6400000000;-0.0186332017
8.6500000000;-0.0189913919
8.6600000000;-0.0193624774
8.6700000000;-0.0197469941
8.6800000000;-0.0201454991
8.6900000000;-0.0205585716
8.7000000000;-0.0209868143
8.7100000000;-0.0214308542
8.7200000000;-0.0218913441
8.7300000000;-0.0223689637
8.7400000000;-0.0228644210
8.7500000000;-0.0233784536
8.7600000000;-0.0239118305
8.7700000000;-0.0244653530
8.7800000000;-0.0250398571
8.7900000000;-0.0256362147
8.8000000000;-0.0262553354
8.8100000000;-0.0268981686
8.8200000000;-0.0275657056
8.8300000000;-0.0282589812
8.8400000000;-0.0289790763
8.8500000000;-0.0297271201
8.8600000000;-0.0305042927
8.8700000000;-0.0313118272
8.8800000000;-0.0321510128
8.8900000000;-0.0330231976
8.9000000000;-0.0339297913
8.9100000000;-0.0348722688
8.9200000000;-0.0358521730
8.9300000000;-0.0368711186
8.9400000000;-0.0379307957
8.9500000000;-0.0390329736
8.9600000000;-0.0401795049
8.9700000000;-0.0413723299
8.9800000000;-0.0426134809
8.9900000000;-0.0439050871
9.0000000000;-0.0452493795
9.0100000000;-0.0466486964
9.0200000000;-0.0481054888
9.0300000000;-0.0496223263
9.0400000000;-0.0512019033
9.0500000000;-0.0528470456
9.0600000000;-0.0545607173
9.0700000000;-0.0563460279
9.0800000000;-0.0582062404
9.0900000000;-0.0601447789
9.1000000000;-0.0621652375
9.1100000000;-0.0642713891
9.1200000000;-0.0664671953
9.1300000000;-0.0687568161
9.1400000000;-0.0711446208
9.1500000000;-0.0736351990
9.1600000000;-0.0762333727
9.1700000000;-0.0789442088
9.1800000000;-0.0817730324
9.1900000000;-0.0847254406
9.2000000000;-0.0878073175
9.2100000000;-0.0910248499
9.2200000000;-0.0943845439
9.2300000000;-0.0978932421
9.2400000000;-0.1015581426
9.2500000000;-0.1053868183
9.2600000000;-0.1093872376
9.2700000000;-0.1135677866
9.2800000000;-0.1179372921
9.2900000000;-0.1225050463
9.3000000000;-0.1272808329
9.3100000000;-0.1322749542
9.3200000000;-0.1374982611
9.3300000000;-0.1429621831
9.3400000000;-0.1486787617
9.3500000000;-0.1546606848
9.3600000000;-0.1609213233
9.3700000000;-0.1674747702
9.3800000000;-0.1743358819
9.3900000000;-0.1815203217
9.4000000000;-0.1890446065
9.4100000000;-0.1969261555
9.4200000000;-0.2051833426
9.4300000000;-0.2138355514
9.4400000000;-0.2229032343
9.4500000000;-0.2324079741
9.4600000000;-0.2423725503
9.4700000000;-0.2528210090
9.4800000000;-0.2637787371
9.4900000000;-0.2752725413
9.5000000000;-0.2873307319
9.5100000000;-0.2999832112
9.5200000000;-0.3132615684
9.5300000000;-0.3271991794
9.5400000000;-0.3418313134
9.5500000000;-0.3571952462
9.5600000000;-0.3733303798
9.5700000000;-0.3902783707
9.5800000000;-0.4080832648
9.5900000000;-0.4267916426
9.6000000000;-0.4464527713
9.6100000000;-0.4671187689
9.6200000000;-0.4888447768
9.6300000000;-0.5116891443
9.6400000000;-0.5357136245
9.6500000000;-0.5609835834
9.6600000000;-0.5875682211
9.6700000000;-0.6155408081
9.6800000000;-0.6449789370
9.6900000000;-0.6759647892
9.7000000000;-0.7085854204
9.7100000000;-0.7429330632
9.7200000000;-0.7791054501
9.7300000000;-0.8172061572
9.7400000000;-0.8573449706
9.7500000000;-0.8996382763
9.7600000000;-0.9442094756
9.7700000000;-0.9911894285
9.7800000000;-1.0407169255
9.7900000000;-1.0929391903
9.8000000000;-1.1480124168
9.8100000000;-1.2061023406
9.8200000000;-1.2673848487
9.8300000000;-1.3320466302
9.8400000000;-1.4002858697
9.8500000000;-1.4723129872
9.8600000000;-1.5483514284
9.8700000000;-1.6286385064
9.8800000000;-1.7134263016
9.8900000000;-1.8029826212
9.9000000000;-1.8975920241
9.9100000000;-1.9975569151
9.9200000000;-2.1031987130
9.9300000000;-2.2148590986
9.9400000000;-2.3329013478
9.9500000000;-2.4577117550
9.9600000000;-2.5897011552
9.9700000000;-2.7293065496
9.9800000000;-2.8769928430
9.9900000000;-3.0332547019
10.0000000000;-3.1986185397
