0.0000000000;0.0000000000
0.0100000000;0.0000070724
0.0200000000;0.0000141689
0.0300000000;0.0000213134
0.0400000000;0.0000285295
0.0500000000;0.0000358411
0.0600000000;0.0000432719
0.0700000000;0.0000508457
0.0800000000;0.0000585866
0.0900000000;0.0000665188
0.1000000000;0.0000746671
0.1100000000;0.0000830563
0.1200000000;0.0000917119
0.1300000000;0.0001006599
0.1400000000;0.0001099269
0.1500000000;0.0001195402
0.1600000000;0.0001295275
0.1700000000;0.0001399178
0.1800000000;0.0001507407
0.1900000000;0.0001620266
0.2000000000;0.0001738072
0.2100000000;0.0001861151
0.2200000000;0.0001989840
0.2300000000;0.0002124490
0.2400000000;0.0002265464
0.2500000000;0.0002413137
0.2600000000;0.0002567901
0.2700000000;0.0002730162
0.2800000000;0.0002900342
0.2900000000;0.0003078879
0.3000000000;0.0003266232
0.3100000000;0.0003462873
0.3200000000;0.0003669299
0.3300000000;0.0003886022
0.3400000000;0.0004113580
0.3500000000;0.0004352530
0.3600000000;0.0004603452
0.3700000000;0.0004866952
0.3800000000;0.0005143659
0.3900000000;0.0005434230
0.4000000000;0.0005739347
0.4100000000;0.0006059721
0.4200000000;0.0006396094
0.4300000000;0.0006749235
0.4400000000;0.0007119949
0.4500000000;0.0007509069
0.4600000000;0.0007917465
0.4700000000;0.0008346042
0.4800000000;0.0008795742
0.4900000000;0.0009267544
0.5000000000;0.0009762465
0.5100000000;0.0010281566
0.5200000000;0.0010825946
0.5300000000;0.0011396752
0.5400000000;0.0011995173
0.5500000000;0.0012622444
0.5600000000;0.0013279850
0.5700000000;0.0013968725
0.5800000000;0.0014690454
0.5900000000;0.0015446475
0.6000000000;0.0016238280
0.6100000000;0.0017067418
0.6200000000;0.0017935496
0.6300000000;0.0018844181
0.6400000000;0.0019795200
0.6500000000;0.0020790346
0.6600000000;0.0021831475
0.6700000000;0.0022920511
0.6800000000;0.0024059447
0.6900000000;0.0025250348
0.7000000000;0.0026495350
0.7100000000;0.0027796667
0.7200000000;0.0029156586
0.7300000000;0.0030577478
0.7400000000;0.0032061790
0.7500000000;0.0033612056
0.7600000000;0.0035230895
0.7700000000;0.0036921011
0.7800000000;0.0038685199
0.7900000000;0.0040526348
0.8000000000;0.0042447437
0.8100000000;0.0044451545
0.8200000000;0.0046541845
0.8300000000;0.0048721614
0.8400000000;0.0050994230
0.8500000000;0.0053363176
0.8600000000;0.0055832042
0.8700000000;0.0058404527
0.8800000000;0.0061084443
0.8900000000;0.0063875711
0.9000000000;0.0066782373
0.9100000000;0.0069808584
0.9200000000;0.0072958620
0.9300000000;0.0076236880
0.9400000000;0.0079647886
0.9500000000;0.0083196284
0.9600000000;0.0086886849
0.9700000000;0.0090724485
0.9800000000;0.0094714227
0.9900000000;0.0098861242
1.0000000000;0.0103170832
1.0100000000;0.0107648436
1.0200000000;0.0112299628
1.0300000000;0.0117130124
1.0400000000;0.0122145777
1.0500000000;0.0127352583
1.0600000000;0.0132756682
1.0700000000;0.0138364354
1.0800000000;0.0144182027
1.0900000000;0.0150216270
1.1000000000;0.0156473803
1.1100000000;0.0162961486
1.1200000000;0.0169686331
1.1300000000;0.0176655493
1.1400000000;0.0183876276
1.1500000000;0.0191356127
1.1600000000;0.0199102642
1.1700000000;0.0207123562
1.1800000000;0.0215426770
1.1900000000;0.0224020297
1.2000000000;0.0232912312
1.2100000000;0.0242111128
1.2200000000;0.0251625194
1.2300000000;0.0261463100
1.2400000000;0.0271633567
1.2500000000;0.0282145452
1.2600000000;0.0293007740
1.2700000000;0.0304229543
1.2800000000;0.0315820095
1.2900000000;0.0327788753
1.3000000000;0.0340144985
1.3100000000;0.0352898375
1.3200000000;0.0366058610
1.3300000000;0.0379635481
1.3400000000;0.0393638874
1.3500000000;0.0408078767
1.3600000000;0.0422965221
1.3700000000;0.0438308375
1.3800000000;0.0454118441
1.3900000000;0.0470405692
1.4000000000;0.0487180459
1.4100000000;0.0504453121
1.4200000000;0.0522234095
1.4300000000;0.0540533829
1.4400000000;0.0559362793
1.4500000000;0.0578731466
1.4600000000;0.0598650330
1.4700000000;0.0619129855
1.4800000000;0.0640180491
1.4900000000;0.0661812653
1.5000000000;0.0684036713
1.5100000000;0.0706862983
1.5200000000;0.0730301703
1.5300000000;0.0754363030
1.5400000000;0.0779057021
1.5500000000;0.0804393618
1.5600000000;0.0830382634
1.5700000000;0.0857033738
1.5800000000;0.0884356438
1.5900000000;0.0912360063
1.6000000000;0.0941053748
1.6100000000;0.0970446414
1.6200000000;0.1000546752
1.6300000000;0.1031363205
1.6400000000;0.1062903944
1.6500000000;0.1095176856
1.6600000000;0.1128189515
1.6700000000;0.1161949171
1.6800000000;0.1196462720
1.6900000000;0.1231736691
1.7000000000;0.1267777217
1.7100000000;0.1304590017
1.7200000000;0.1342180374
1.7300000000;0.1380553108
1.7400000000;0.1419712556
1.7500000000;0.1459662548
1.7600000000;0.1500406382
1.7700000000;0.1541946802
1.7800000000;0.1584285969
1.7900000000;0.1627425441
1.8000000000;0.1671366146
1.8100000000;0.1716108357
1.8200000000;0.1761651665
1.8300000000;0.1807994959
1.8400000000;0.1855136391
1.8500000000;0.1903073362
1.8600000000;0.1951802487
1.8700000000;0.2001319572
1.8800000000;0.2051619593
1.8900000000;0.2102696663
1.9000000000;0.2154544011
1.9100000000;0.2207153958
1.9200000000;0.2260517888
1.9300000000;0.2314626227
1.9400000000;0.2369468415
1.9500000000;0.2425032886
1.9600000000;0.2481307039
1.9700000000;0.2538277221
1.9800000000;0.2595928699
1.9900000000;0.2654245641
2.0000000000;0.2713211093
2.0100000000;0.2772806958
2.0200000000;0.2833013976
2.0300000000;0.2893811705
2.0400000000;0.2955178502
2.0500000000;0.3017091506
2.0600000000;0.3079526618
2.0700000000;0.3142458492
2.0800000000;0.3205860512
2.0900000000;0.3269704786
2.1000000000;0.3333962128
2.1100000000;0.3398602049
2.1200000000;0.3463592749
2.1300000000;0.3528901106
2.1400000000;0.3594492670
2.1500000000;0.3660331658
2.1600000000;0.3726380948
2.1700000000;0.3792602081
2.1800000000;0.3858955256
2.1900000000;0.3925399333
2.2000000000;0.3991891838
2.2100000000;0.4058388962
2.2200000000;0.4124845576
2.2300000000;0.4191215233
2.2400000000;0.4257450182
2.2500000000;0.4323501379
2.2600000000;0.4389318506
2.2700000000;0.4454849983
2.2800000000;0.4520042990
2.2900000000;0.4584843490
2.3000000000;0.4649196253
2.3100000000;0.4713044878
2.3200000000;0.4776331828
2.3300000000;0.4838998459
2.3400000000;0.4900985052
2.3500000000;0.4962230852
2.3600000000;0.5022674105
2.3700000000;0.5082252102
2.3800000000;0.5140901220
2.3900000000;0.5198556971
2.4000000000;0.5255154051
2.4100000000;0.5310626390
2.4200000000;0.5364907210
2.4300000000;0.5417929078
2.4400000000;0.5469623971
2.4500000000;0.5519923332
2.4600000000;0.5568758143
2.4700000000;0.5616058984
2.4800000000;0.5661756111
2.4900000000;0.5705779523
2.5000000000;0.5748059042
2.5100000000;0.5788524385
2.5200000000;0.5827105251
2.5300000000;0.5863731398
2.5400000000;0.5898332730
2.5500000000;0.5930839385
2.5600000000;0.5961181823
2.5700000000;0.5989290917
2.5800000000;0.6015098048
2.5900000000;0.6038535199
2.6000000000;0.6059535052
2.6100000000;0.6078031090
2.6200000000;0.6093957695
2.6300000000;0.6107250248
2.6400000000;0.6117845238
2.6500000000;0.6125680365
2.6600000000;0.6130694643
2.6700000000;0.6132828511
2.6800000000;0.6132023942
2.6900000000;0.6128224546
2.7000000000;0.6121375687
2.7100000000;0.6111424587
2.7200000000;0.6098320441
2.7300000000;0.6082014525
2.7400000000;0.6062460306
2.7500000000;0.6039613554
2.7600000000;0.6013432452
2.7700000000;0.5983877703
2.7800000000;0.5950912642
2.7900000000;0.5914503340
2.8000000000;0.5874618716
2.8100000000;0.5831230636
2.8200000000;0.5784314021
2.8300000000;0.5733846948
2.8400000000;0.5679810749
2.8500000000;0.5622190110
2.8600000000;0.5560973168
2.8700000000;0.5496151601
2.8800000000;0.5427720719
2.8900000000;0.5355679553
2.9000000000;0.5280030938
2.9100000000;0.5200781593
2.9200000000;0.5117942199
2.9300000000;0.5031527472
2.9400000000;0.4941556231
2.9500000000;0.4848051462
2.9600000000;0.4751040383
2.9700000000;0.4650554493
2.9800000000;0.4546629628
2.9900000000;0.4439306002
3.0000000000;0.4328628254
3.0100000000;0.4214645474
3.0200000000;0.4097411240
3.0300000000;0.3976983635
3.0400000000;0.3853425270
3.0500000000;0.3726803290
3.0600000000;0.3597189383
3.0700000000;0.3464659774
3.0800000000;0.3329295220
3.0900000000;0.3191180992
3.1000000000;0.3050406857
3.1100000000;0.2907067044
3.1200000000;0.2761260208
3.1300000000;0.2613089390
3.1400000000;0.2462661965
3.1500000000;0.2310089580
3.1600000000;0.2155488091
3.1700000000;0.1998977490
3.1800000000;0.1840681823
3.1900000000;0.1680729101
3.2000000000;0.1519251205
3.2100000000;0.1356383779
3.2200000000;0.1192266124
3.2300000000;0.1027041071
3.2400000000;0.0860854863
3.2500000000;0.0693857014
3.2600000000;0.0526200170
3.2700000000;0.0358039958
3.2800000000;0.0189534834
3.2900000000;0.0020845915
3.3000000000;-0.0147863192
3.3100000000;-0.0316426561
3.3200000000;-0.0484676142
3.3300000000;-0.0652441941
3.3400000000;-0.0819552224
3.3500000000;-0.0985833718
3.3600000000;-0.1151111822
3.3700000000;-0.1315210819
3.3800000000;-0.1477954101
3.3900000000;-0.1639164390
3.4000000000;-0.1798663973
3.4100000000;-0.1956274936
3.4200000000;-0.2111819401
3.4300000000;-0.2265119775
3.4400000000;-0.2415998994
3.4500000000;-0.2564280774
3.4600000000;-0.2709789866
3.4700000000;-0.2852352314
3.4800000000;-0.2991795708
3.4900000000;-0.3127949452
3.5000000000;-0.3260645020
3.5100000000;-0.3389716224
3.5200000000;-0.3514999471
3.5300000000;-0.3636334036
3.5400000000;-0.3753562318
3.5500000000;-0.3866530103
3.5600000000;-0.3975086833
3.5700000000;-0.4079085857
3.5800000000;-0.4178384696
3.5900000000;-0.4272845292
3.6000000000;-0.4362334267
3.6100000000;-0.4446723166
3.6200000000;-0.4525888707
3.6300000000;-0.4599713015
3.6400000000;-0.4668083865
3.6500000000;-0.4730894906
3.6600000000;-0.4788045886
3.6700000000;-0.4839442875
3.6800000000;-0.4884998467
3.6900000000;-0.4924631992
3.7000000000;-0.4958269705
3.7100000000;-0.4985844981
3.7200000000;-0.5007298486
3.7300000000;-0.5022578352
3.7400000000;-0.5031640337
3.7500000000;-0.5034447974
3.7600000000;-0.5030972712
3.7700000000;-0.5021194046
3.7800000000;-0.5005099632
3.7900000000;-0.4982685402
3.8000000000;-0.4953955650
3.8100000000;-0.4918923121
3.8200000000;-0.4877609080
3.8300000000;-0.4830043370
3.8400000000;-0.4776264459
3.8500000000;-0.4716319469
3.8600000000;-0.4650264197
3.8700000000;-0.4578163119
3.8800000000;-0.4500089380
3.8900000000;-0.4416124775
3.9000000000;-0.4326359708
3.9100000000;-0.4230893142
3.9200000000;-0.4129832535
3.9300000000;-0.4023293758
3.9400000000;-0.3911401005
3.9500000000;-0.3794286677
3.9600000000;-0.3672091268
3.9700000000;-0.3544963219
3.9800000000;-0.3413058774
3.9900000000;-0.3276541809
4.0000000000;-0.3135583655
4.0100000000;-0.2990362902
4.0200000000;-0.2841065195
4.0300000000;-0.2687883009
4.0400000000;-0.2531015418
4.0500000000;-0.2370667848
4.0600000000;-0.2207051813
4.0700000000;-0.2040384648
4.0800000000;-0.1870889222
4.0900000000;-0.1698793644
4.1000000000;-0.1524330952
4.1100000000;-0.1347738799
4.1200000000;-0.1169259124
4.1300000000;-0.0989137810
4.1400000000;-0.0807624343
4.1500000000;-0.0624971449
4.1600000000;-0.0441434732
4.1700000000;-0.0257272302
4.1800000000;-0.0072744393
4.1900000000;0.0111887022
4.2000000000;0.0296358624
4.2100000000;0.0480406147
4.2200000000;0.0663764777
4.2300000000;0.0846169563
4.2400000000;0.1027355824
4.2500000000;0.1207059564
4.2600000000;0.1385017884
4.2700000000;0.1560969397
4.2800000000;0.1734654648
4.2900000000;0.1905816528
4.3000000000;0.2074200688
4.3100000000;0.2239555953
4.3200000000;0.2401634734
4.3300000000;0.2560193433
4.3400000000;0.2714992849
4.3500000000;0.2865798577
4.3600000000;0.3012381399
4.3700000000;0.3154517675
4.3800000000;0.3291989720
4.3900000000;0.3424586178
4.4000000000;0.3552102389
4.4100000000;0.3674340738
4.4200000000;0.3791111009
4.4300000000;0.3902230712
4.4400000000;0.4007525415
4.4500000000;0.4106829048
4.4600000000;0.4199984212
4.4700000000;0.4286842457
4.4800000000;0.4367264564
4.4900000000;0.4441120797
4.5000000000;0.4508291154
4.5100000000;0.4568665592
4.5200000000;0.4622144243
4.5300000000;0.4668637611
4.5400000000;0.4708066753
4.5500000000;0.4740363445
4.5600000000;0.4765470324
4.5700000000;0.4783341024
4.5800000000;0.4793940281
4.5900000000;0.4797244029
4.6000000000;0.4793239472
4.6100000000;0.4781925142
4.6200000000;0.4763310933
4.6300000000;0.4737418119
4.6400000000;0.4704279352
4.6500000000;0.4663938642
4.6600000000;0.4616451315
4.6700000000;0.4561883952
4.6800000000;0.4500314314
4.6900000000;0.4431831240
4.7000000000;0.4356534530
4.7100000000;0.4274534808
4.7200000000;0.4185953371
4.7300000000;0.4090922008
4.7400000000;0.3989582815
4.7500000000;0.3882087979
4.7600000000;0.3768599555
4.7700000000;0.3649289218
4.7800000000;0.3524338001
4.7900000000;0.3393936018
4.8000000000;0.3258282167
4.8100000000;0.3117583822
4.8200000000;0.2972056509
4.8300000000;0.2821923560
4.8400000000;0.2667415768
4.8500000000;0.2508771013
4.8600000000;0.2346233888
4.8700000000;0.2180055302
4.8800000000;0.2010492084
4.8900000000;0.1837806563
4.9000000000;0.1662266148
4.9100000000;0.1484142898
4.9200000000;0.1303713076
4.9300000000;0.1121256706
4.9400000000;0.0937057114
4.9500000000;0.0751400470
4.9600000000;0.0564575320
4.9700000000;0.0376872118
4.9800000000;0.0188582751
4.9900000000;0.0000000061
5.0000000000;-0.0188582628
5.0100000000;-0.0376871996
5.0200000000;-0.0564575198
5.0300000000;-0.0751400348
5.0400000000;-0.0937056994
5.0500000000;-0.1121256587
5.0600000000;-0.1303712958
5.0700000000;-0.1484142781
5.0800000000;-0.1662266033
5.0900000000;-0.1837806449
5.1000000000;-0.2010491973
5.1100000000;-0.2180055193
5.1200000000;-0.2346233781
5.1300000000;-0.2508770909
5.1400000000;-0.2667415666
5.1500000000;-0.2821923461
5.1600000000;-0.2972056413
5.1700000000;-0.3117583729
5.1800000000;-0.3258282077
5.1900000000;-0.3393935931
5.2000000000;-0.3524337918
5.2100000000;-0.3649289139
5.2200000000;-0.3768599479
5.2300000000;-0.3882087907
5.2400000000;-0.3989582747
5.2500000000;-0.4090921944
5.2600000000;-0.4185953311
5.2700000000;-0.4274534753
5.2800000000;-0.4356534479
5.2900000000;-0.4431831194
5.3000000000;-0.4500314272
5.3100000000;-0.4561883915
5.3200000000;-0.4616451282
5.3300000000;-0.4663938614
5.3400000000;-0.4704279329
5.3500000000;-0.4737418100
5.3600000000;-0.4763310919
5.3700000000;-0.4781925133
5.3800000000;-0.4793239468
5.3900000000;-0.4797244030
5.4000000000;-0.4793940287
5.4100000000;-0.4783341034
5.4200000000;-0.4765470339
5.4300000000;-0.4740363464
5.4400000000;-0.4708066778
5.4500000000;-0.4668637640
5.4600000000;-0.4622144277
5.4700000000;-0.4568665631
5.4800000000;-0.4508291197
5.4900000000;-0.4441120845
5.5000000000;-0.4367264616
5.5100000000;-0.4286842513
5.5200000000;-0.4199984272
5.5300000000;-0.4106829113
5.5400000000;-0.4007525484
5.5500000000;-0.3902230785
5.5600000000;-0.3791111086
5.5700000000;-0.3674340819
5.5800000000;-0.3552102473
5.5900000000;-0.3424586266
5.6000000000;-0.3291989811
5.6100000000;-0.3154517769
5.6200000000;-0.3012381496
5.6300000000;-0.2865798677
5.6400000000;-0.2714992952
5.6500000000;-0.2560193538
5.6600000000;-0.2401634842
5.6700000000;-0.2239556064
5.6800000000;-0.2074200801
5.6900000000;-0.1905816643
5.7000000000;-0.1734654765
5.7100000000;-0.1560969515
5.7200000000;-0.1385018003
5.7300000000;-0.1207059685
5.7400000000;-0.1027355946
5.7500000000;-0.0846169686
5.7600000000;-0.0663764901
5.7700000000;-0.0480406271
5.7800000000;-0.0296358749
5.7900000000;-0.0111887147
5.8000000000;0.0072744268
5.8100000000;0.0257272177
5.8200000000;0.0441434607
5.8300000000;0.0624971324
5.8400000000;0.0807624219
5.8500000000;0.0989137687
5.8600000000;0.1169259002
5.8700000000;0.1347738678
5.8800000000;0.1524330832
5.8900000000;0.1698793526
5.9000000000;0.1870889106
5.9100000000;0.2040384533
5.9200000000;0.2207051700
5.9300000000;0.2370667737
5.9400000000;0.2531015310
5.9500000000;0.2687882903
5.9600000000;0.2841065092
5.9700000000;0.2990362802
5.9800000000;0.3135583557
5.9900000000;0.3276541714
6.0000000000;0.3413058682
6.0100000000;0.3544963131
6.0200000000;0.3672091183
6.0300000000;0.3794286596
6.0400000000;0.3911400927
6.0500000000;0.4023293684
6.0600000000;0.4129832464
6.0700000000;0.4230893075
6.0800000000;0.4326359645
6.0900000000;0.4416124716
6.1000000000;0.4500089325
6.1100000000;0.4578163068
6.1200000000;0.4650264151
6.1300000000;0.4716319427
6.1400000000;0.4776264421
6.1500000000;0.4830043337
6.1600000000;0.4877609051
6.1700000000;0.4918923096
6.1800000000;0.4953955630
6.1900000000;0.4982685387
6.2000000000;0.5005099622
6.2100000000;0.5021194040
6.2200000000;0.5030972711
6.2300000000;0.5034447978
6.2400000000;0.5031640345
6.2500000000;0.5022578365
6.2600000000;0.5007298503
6.2700000000;0.4985845003
6.2800000000;0.4958269731
6.2900000000;0.4924632022
6.3000000000;0.4884998502
6.3100000000;0.4839442914
6.3200000000;0.4788045930
6.3300000000;0.4730894954
6.3400000000;0.4668083917
6.3500000000;0.4599713072
6.3600000000;0.4525888767
6.3700000000;0.4446723231
6.3800000000;0.4362334335
6.3900000000;0.4272845365
6.4000000000;0.4178384772
6.4100000000;0.4079085937
6.4200000000;0.3975086917
6.4300000000;0.3866530191
6.4400000000;0.3753562408
6.4500000000;0.3636334130
6.4600000000;0.3514999569
6.4700000000;0.3389716324
6.4800000000;0.3260645124
6.4900000000;0.3127949558
6.5000000000;0.2991795817
6.5100000000;0.2852352426
6.5200000000;0.2709789981
6.5300000000;0.2564280890
6.5400000000;0.2415999113
6.5500000000;0.2265119896
6.5600000000;0.2111819524
6.5700000000;0.1956275061
6.5800000000;0.1798664100
6.5900000000;0.1639164519
6.6000000000;0.1477954231
6.6100000000;0.1315210951
6.6200000000;0.1151111954
6.6300000000;0.0985833852
6.6400000000;0.0819552358
6.6500000000;0.0652442076
6.6600000000;0.0484676278
6.6700000000;0.0316426698
6.6800000000;0.0147863328
6.6900000000;-0.0020845778
6.7000000000;-0.0189534697
6.7100000000;-0.0358039821
6.7200000000;-0.0526200032
6.7300000000;-0.0693856877
6.7400000000;-0.0860854727
6.7500000000;-0.1027040935
6.7600000000;-0.1192265988
6.7700000000;-0.1356383645
6.7800000000;-0.1519251071
6.7900000000;-0.1680728968
6.8000000000;-0.1840681691
6.8100000000;-0.1998977360
6.8200000000;-0.2155487962
6.8300000000;-0.2310089452
6.8400000000;-0.2462661839
6.8500000000;-0.2613089266
6.8600000000;-0.2761260085
6.8700000000;-0.2907066923
6.8800000000;-0.3050406739
6.8900000000;-0.3191180876
6.9000000000;-0.3329295106
6.9100000000;-0.3464659662
6.9200000000;-0.3597189273
6.9300000000;-0.3726803183
6.9400000000;-0.3853425166
6.9500000000;-0.3976983533
6.9600000000;-0.4097411141
6.9700000000;-0.4214645378
6.9800000000;-0.4328628161
6.9900000000;-0.4439305912
7.0000000000;-0.4546629540
7.0100000000;-0.4650554409
7.0200000000;-0.4751040302
7.0300000000;-0.4848051385
7.0400000000;-0.4941556156
7.0500000000;-0.5031527401
7.0600000000;-0.5117942132
7.0700000000;-0.5200781529
7.0800000000;-0.5280030877
7.0900000000;-0.5355679495
7.1000000000;-0.5427720665
7.1100000000;-0.5496151551
7.1200000000;-0.5560973122
7.1300000000;-0.5622190067
7.1400000000;-0.5679810710
7.1500000000;-0.5733846912
7.1600000000;-0.5784313989
7.1700000000;-0.5831230608
7.1800000000;-0.5874618692
7.1900000000;-0.5914503320
7.2000000000;-0.5950912625
7.2100000000;-0.5983877690
7.2200000000;-0.6013432443
7.2300000000;-0.6039613549
7.2400000000;-0.6062460305
7.2500000000;-0.6082014528
7.2600000000;-0.6098320448
7.2700000000;-0.6111424597
7.2800000000;-0.6121375700
7.2900000000;-0.6128224563
7.3000000000;-0.6132023963
7.3100000000;-0.6132828536
7.3200000000;-0.6130694671
7.3300000000;-0.6125680397
7.3400000000;-0.6117845274
7.3500000000;-0.6107250288
7.3600000000;-0.6093957738
7.3700000000;-0.6078031138
7.3800000000;-0.6059535103
7.3900000000;-0.6038535253
7.4000000000;-0.6015098106
7.4100000000;-0.5989290979
7.4200000000;-0.5961181888
7.4300000000;-0.5930839454
7.4400000000;-0.5898332802
7.4500000000;-0.5863731474
7.4600000000;-0.5827105330
7.4700000000;-0.5788524468
7.4800000000;-0.5748059128
7.4900000000;-0.5705779613
7.5000000000;-0.5661756204
7.5100000000;-0.5616059081
7.5200000000;-0.5568758243
7.5300000000;-0.5519923436
7.5400000000;-0.5469624077
7.5500000000;-0.5417929188
7.5600000000;-0.5364907323
7.5700000000;-0.5310626506
7.5800000000;-0.5255154170
7.5900000000;-0.5198557094
7.6000000000;-0.5140901345
7.6100000000;-0.5082252230
7.6200000000;-0.5022674237
7.6300000000;-0.4962230986
7.6400000000;-0.4900985190
7.6500000000;-0.4838998600
7.6600000000;-0.4776331972
7.6700000000;-0.4713045024
7.6800000000;-0.4649196402
7.6900000000;-0.4584843642
7.7000000000;-0.4520043145
7.7100000000;-0.4454850141
7.7200000000;-0.4389318667
7.7300000000;-0.4323501543
7.7400000000;-0.4257450348
7.7500000000;-0.4191215403
7.7600000000;-0.4124845748
7.7700000000;-0.4058389137
7.7800000000;-0.3991892016
7.7900000000;-0.3925399514
7.8000000000;-0.3858955440
7.8100000000;-0.3792602268
7.8200000000;-0.3726381138
7.8300000000;-0.3660331850
7.8400000000;-0.3594492865
7.8500000000;-0.3528901304
7.8600000000;-0.3463592950
7.8700000000;-0.3398602253
7.8800000000;-0.3333962334
7.8900000000;-0.3269704996
7.9000000000;-0.3205860725
7.9100000000;-0.3142458708
7.9200000000;-0.3079526837
7.9300000000;-0.3017091727
7.9400000000;-0.2955178727
7.9500000000;-0.2893811933
7.9600000000;-0.2833014208
7.9700000000;-0.2772807193
7.9800000000;-0.2713211331
7.9900000000;-0.2654245883
8.0000000000;-0.2595928944
8.0100000000;-0.2538277469
8.0200000000;-0.2481307291
8.0300000000;-0.2425033141
8.0400000000;-0.2369468674
8.0500000000;-0.2314626490
8.0600000000;-0.2260518155
8.0700000000;-0.2207154229
8.0800000000;-0.2154544286
8.0900000000;-0.2102696941
8.1000000000;-0.2051619876
8.1100000000;-0.2001319860
8.1200000000;-0.1951802778
8.1300000000;-0.1903073659
8.1400000000;-0.1855136692
8.1500000000;-0.1807995264
8.1600000000;-0.1761651976
8.1700000000;-0.1716108673
8.1800000000;-0.1671366467
8.1900000000;-0.1627425768
8.2000000000;-0.1584286301
8.2100000000;-0.1541947140
8.2200000000;-0.1500406726
8.2300000000;-0.1459662898
8.2400000000;-0.1419712912
8.2500000000;-0.1380553470
8.2600000000;-0.1342180743
8.2700000000;-0.1304590394
8.2800000000;-0.1267777600
8.2900000000;-0.1231737082
8.3000000000;-0.1196463119
8.3100000000;-0.1161949577
8.3200000000;-0.1128189929
8.3300000000;-0.1095177278
8.3400000000;-0.1062904376
8.3500000000;-0.1031363645
8.3600000000;-0.1000547202
8.3700000000;-0.0970446873
8.3800000000;-0.0941054217
8.3900000000;-0.0912360543
8.4000000000;-0.0884356929
8.4100000000;-0.0857034240
8.4200000000;-0.0830383147
8.4300000000;-0.0804394142
8.4400000000;-0.0779057557
8.4500000000;-0.0754363579
8.4600000000;-0.0730302265
8.4700000000;-0.0706863559
8.4800000000;-0.0684037303
8.4900000000;-0.0661813258
8.5000000000;-0.0640181111
8.5100000000;-0.0619130491
8.5200000000;-0.0598650982
8.5300000000;-0.0578732135
8.5400000000;-0.0559363480
8.5500000000;-0.0540534534
8.5600000000;-0.0522234819
8.5700000000;-0.0504453865
8.5800000000;-0.0487181223
8.5900000000;-0.0470406477
8.6000000000;-0.0454119248
8.6100000000;-0.0438309206
8.6200000000;-0.0422966075
8.6300000000;-0.0408079646
8.6400000000;-0.0393639779
8.6500000000;-0.0379636412
8.6600000000;-0.0366059569
8.6700000000;-0.0352899362
8.6800000000;-0.0340146002
8.6900000000;-0.0327789801
8.7000000000;-0.0315821176
8.7100000000;-0.0304230657
8.7200000000;-0.0293008890
8.7300000000;-0.0282146638
8.7400000000;-0.0271634791
8.7500000000;-0.0261464363
8.7600000000;-0.0251626498
8.7700000000;-0.0242112475
8.7800000000;-0.0232913704
8.7900000000;-0.0224021735
8.8000000000;-0.0215428256
8.8100000000;-0.0207125098
8.8200000000;-0.0199104230
8.8300000000;-0.0191357770
8.8400000000;-0.0183877975
8.8500000000;-0.0176657252
8.8600000000;-0.0169688152
8.8700000000;-0.0162963371
8.8800000000;-0.0156475754
8.8900000000;-0.0150218292
8.9000000000;-0.0144184121
8.9100000000;-0.0138366525
8.9200000000;-0.0132758932
8.9300000000;-0.0127354916
8.9400000000;-0.0122148196
8.9500000000;-0.0117132633
8.9600000000;-0.0112302232
8.9700000000;-0.0107651138
8.9800000000;-0.0103173637
8.9900000000;-0.0098864154
9.0000000000;-0.0094717251
9.0100000000;-0.0090727626
9.0200000000;-0.0086890113
9.0300000000;-0.0083199675
9.0400000000;-0.0079651411
9.0500000000;-0.0076240545
9.0600000000;-0.0072962431
9.0700000000;-0.0069812547
9.0800000000;-0.0066786496
9.0900000000;-0.0063880002
9.1000000000;-0.0061088908
9.1100000000;-0.0058409176
9.1200000000;-0.0055836882
9.1300000000;-0.0053368217
9.1400000000;-0.0050999481
9.1500000000;-0.0048727085
9.1600000000;-0.0046547546
9.1700000000;-0.0044457488
9.1800000000;-0.0042453633
9.1900000000;-0.0040532809
9.2000000000;-0.0038691938
9.2100000000;-0.0036928041
9.2200000000;-0.0035238230
9.2300000000;-0.0033619712
9.2400000000;-0.0032069782
9.2500000000;-0.0030585821
9.2600000000;-0.0029165300
9.2700000000;-0.0027805768
9.2800000000;-0.0026504858
9.2900000000;-0.0025260283
9.3000000000;-0.0024069830
9.3100000000;-0.0022931365
9.3200000000;-0.0021842824
9.3300000000;-0.0020802214
9.3400000000;-0.0019807614
9.3500000000;-0.0018857168
9.3600000000;-0.0017949086
9.3700000000;-0.0017081641
9.3800000000;-0.0016253169
9.3900000000;-0.0015462063
9.4000000000;-0.0014706779
9.4100000000;-0.0013985824
9.4200000000;-0.0013297764
9.4300000000;-0.0012641214
9.4400000000;-0.0012014845
9.4500000000;-0.0011417374
9.4600000000;-0.0010847567
9.4700000000;-0.0010304238
9.4800000000;-0.0009786245
9.4900000000;-0.0009292490
9.5000000000;-0.0008821917
9.5100000000;-0.0008373512
9.5200000000;-0.0007946298
9.5300000000;-0.0007539339
9.5400000000;-0.0007151734
9.5500000000;-0.0006782619
9.5600000000;-0.0006431161
9.5700000000;-0.0006096565
9.5800000000;-0.0005778064
9.5900000000;-0.0005474924
9.6000000000;-0.0005186439
9.6100000000;-0.0004911932
9.6200000000;-0.0004650755
9.6300000000;-0.0004402285
9.6400000000;-0.0004165924
9.6500000000;-0.0003941100
9.6600000000;-0.0003727264
9.6700000000;-0.0003523889
9.6800000000;-0.0003330470
9.6900000000;-0.0003146523
9.7000000000;-0.0002971584
9.7100000000;-0.0002805209
9.7200000000;-0.0002646970
9.7300000000;-0.0002496459
9.7400000000;-0.0002353283
9.7500000000;-0.0002217067
9.7600000000;-0.0002087451
9.7700000000;-0.0001964087
9.7800000000;-0.0001846644
9.7900000000;-0.0001734803
9.8000000000;-0.0001628259
9.8100000000;-0.0001526717
9.8200000000;-0.0001429894
9.8300000000;-0.0001337520
9.8400000000;-0.0001249332
9.8500000000;-0.0001165079
9.8600000000;-0.0001084518
9.8700000000;-0.0001007415
9.8800000000;-0.0000933543
9.8900000000;-0.0000862685
9.9000000000;-0.0000794627
9.9100000000;-0.0000729165
9.9200000000;-0.0000666100
9.9300000000;-0.0000605236
9.9400000000;-0.0000546386
9.9500000000;-0.0000489363
9.9600000000;-0.0000433987
9.9700000000;-0.0000380080
9.9800000000;-0.0000327467
9.9900000000;-0.0000275976
10.0000000000;-0.0000225436
